itemNumber 150
itemClassNumber 150
itemClass_widthVector 15 14 13 12 11 10 9 8 7 18 17 16 15 14 13 12 11 10 17 16 15 14 13 12 11 10 9 16 15 14 13 12 11 10 9 8 18 17 16 15 14 13 12 11 10 15 14 13 12 11 10 9 8 7 17 16 15 14 13 12 11 10 9 19 18 17 16 15 14 13 12 11 15 14 13 12 11 10 9 8 7 13 9 14 17 15 13 13 13 17 12 12 12 15 17 10 17 14 9 11 16 11 13 10 14 10 15 9 14 13 12 14 15 10 10 13 11 10 13 13 16 10 14 14 16 15 9 13 12 15 12 15 10 14 13 15 17 17 9 12 16 9 12 10 10 9 13 11 10 16
itemClass_lengthVector 1 3 14 43 34 15 20 6 14 6 17 7 2 8 55 33 11 11 19 1 12 19 3 7 60 28 1 7 17 17 28 13 17 26 4 21 17 10 17 19 16 7 3 1 60 42 21 1 25 8 29 4 14 6 9 9 20 6 20 23 14 7 42 36 4 39 16 15 13 2 24 1 25 10 1 1 29 36 2 4 42 35 5 14 1 3 35 43 35 2 35 14 16 4 2 20 1 43 5 15 1 16 33 20 14 21 13 5 44 43 16 42 14 20 21 42 14 21 42 33 1 21 43 44 2 13 7 33 35 2 15 13 19 43 44 3 2 2 5 35 3 7 14 21 19 7 43 16 21 2
itemClass_demand 1 1 1 1 1 1 1 1 1 1 1 1 1 1 1 1 1 1 1 1 1 1 1 1 1 1 1 1 1 1 1 1 1 1 1 1 1 1 1 1 1 1 1 1 1 1 1 1 1 1 1 1 1 1 1 1 1 1 1 1 1 1 1 1 1 1 1 1 1 1 1 1 1 1 1 1 1 1 1 1 1 1 1 1 1 1 1 1 1 1 1 1 1 1 1 1 1 1 1 1 1 1 1 1 1 1 1 1 1 1 1 1 1 1 1 1 1 1 1 1 1 1 1 1 1 1 1 1 1 1 1 1 1 1 1 1 1 1 1 1 1 1 1 1 1 1 1 1 1 1
binNumber 10000
binClassNumber 1
binClass_widthVector 150
binClass_lengthVector 150
binClass_disponibility 1000
itemClass_weight 150 450 2100 6450 5100 2250 3000 900 2100 1080 3060 1260 360 1440 9900 5940 1980 1980 3230 170 2040 3230 510 1190 10200 4760 170 1120 2720 2720 4480 2080 2720 4160 640 3360 3060 1800 3060 3420 2880 1260 540 180 10800 6300 3150 150 3750 1200 4350 600 2100 900 1530 1530 3400 1020 3400 3910 2380 1190 7140 6840 760 7410 3040 2850 2470 380 4560 190 3750 1500 150 150 4350 5400 300 600 6300 5705 780 2128 165 474 5320 6880 5390 320 5355 2142 2464 660 332 3160 152 7052 815 2295 166 2640 5478 3020 2240 3213 2119 820 7128 6493 2480 6846 2282 3120 3234 6804 2128 3465 6468 5346 155 3360 6794 6644 314 2158 1085 5280 5355 314 2280 2067 2926 7052 7216 471 312 332 755 5495 471 1057 2114 3276 3040 1071 6966 2416 3297 320
