itemNumber 170
itemClassNumber 170
itemClass_widthVector 17 16 15 14 13 12 11 10 9 8 18 17 16 15 14 13 12 11 10 9 17 16 15 14 13 12 11 10 9 8 17 16 15 14 13 12 11 10 9 8 18 17 16 15 14 13 12 11 10 9 18 17 16 15 14 13 12 11 10 9 15 14 13 12 11 10 9 8 7 6 15 14 13 12 11 10 9 8 7 6 18 17 16 15 14 13 12 11 10 9 17 16 15 14 13 12 11 10 9 8 18 18 16 10 13 17 19 18 17 13 12 17 17 18 19 15 11 13 12 16 17 18 17 15 10 13 19 14 12 14 17 13 11 11 16 10 16 17 19 13 17 18 18 12 11 12 13 17 18 10 10 12 17 15 19 10 17 18 12 12 12 15 16 15 15 12 10 10 12 15
itemClass_lengthVector 24 1 12 11 30 37 23 20 4 8 8 43 9 24 29 6 14 19 2 16 8 10 10 31 15 1 28 29 13 25 19 4 28 19 10 7 21 37 17 8 34 12 3 59 7 10 6 13 21 5 11 15 12 10 7 46 47 7 10 5 4 59 32 1 21 33 4 6 3 7 21 20 10 49 8 16 18 13 7 8 18 15 12 14 17 47 11 10 24 2 12 4 8 10 12 27 22 41 11 23 23 2 11 4 37 1 25 25 2 24 20 2 1 1 24 12 20 24 22 12 11 25 11 29 4 36 25 31 23 29 1 36 20 21 11 5 10 12 24 38 1 1 24 20 19 22 38 13 1 4 5 24 13 11 25 3 1 2 23 19 21 11 13 10 30 19 5 4 24 12
itemClass_demand 1 1 1 1 1 1 1 1 1 1 1 1 1 1 1 1 1 1 1 1 1 1 1 1 1 1 1 1 1 1 1 1 1 1 1 1 1 1 1 1 1 1 1 1 1 1 1 1 1 1 1 1 1 1 1 1 1 1 1 1 1 1 1 1 1 1 1 1 1 1 1 1 1 1 1 1 1 1 1 1 1 1 1 1 1 1 1 1 1 1 1 1 1 1 1 1 1 1 1 1 1 1 1 1 1 1 1 1 1 1 1 1 1 1 1 1 1 1 1 1 1 1 1 1 1 1 1 1 1 1 1 1 1 1 1 1 1 1 1 1 1 1 1 1 1 1 1 1 1 1 1 1 1 1 1 1 1 1 1 1 1 1 1 1 1 1 1 1 1 1
binNumber 10000
binClassNumber 1
binClass_widthVector 170
binClass_lengthVector 170
binClass_disponibility 1000
itemClass_weight 4080 170 2040 1870 5100 6290 3910 3400 680 1360 1440 7740 1620 4320 5220 1080 2520 3420 360 2880 1360 1700 1700 5270 2550 170 4760 4930 2210 4250 3230 680 4760 3230 1700 1190 3570 6290 2890 1360 6120 2160 540 10620 1260 1800 1080 2340 3780 900 1980 2700 2160 1800 1260 8280 8460 1260 1800 900 600 8850 4800 150 3150 4950 600 900 450 1050 3150 3000 1500 7350 1200 2400 2700 1950 1050 1200 3240 2700 2160 2520 3060 8460 1980 1800 4320 360 2040 680 1360 1700 2040 4590 3740 6970 1870 3910 4278 362 2035 700 6882 186 4575 4325 358 4392 3760 360 178 179 4200 2172 3620 4248 4026 2124 2002 4475 2046 5307 740 6444 4550 5425 3933 4988 188 6372 3420 3696 2068 915 1830 2124 4440 6612 183 179 4128 3580 3287 4136 7068 2418 187 748 900 4320 2418 2057 4275 564 176 368 4278 3496 3654 1969 2236 1710 5340 3306 885 732 4512 2244
