itemNumber 600
itemClassNumber 600
itemClass_widthVector 36 35 34 33 32 31 30 29 28 27 26 25 24 23 22 21 20 19 32 31 30 29 28 27 26 25 24 23 22 21 20 19 18 17 16 15 33 32 31 30 29 28 27 26 25 24 23 22 21 20 19 18 17 16 32 31 30 29 28 27 26 25 24 23 22 21 20 19 18 17 16 15 33 32 31 30 29 28 27 26 25 24 23 22 21 20 19 18 17 16 32 31 30 29 28 27 26 25 24 23 22 21 20 19 18 17 16 15 31 30 29 28 27 26 25 24 23 22 21 20 19 18 17 16 15 14 32 31 30 29 28 27 26 25 24 23 22 21 20 19 18 17 16 15 34 33 32 31 30 29 28 27 26 25 24 23 22 21 20 19 18 17 30 29 28 27 26 25 24 23 22 21 20 19 18 17 16 15 14 13 37 36 35 34 33 32 31 30 29 28 27 26 25 24 23 22 21 20 37 36 35 34 33 32 31 30 29 28 27 26 25 24 23 22 21 20 31 30 29 28 27 26 25 24 23 22 21 20 19 18 17 16 15 14 30 29 28 27 26 25 24 23 22 21 20 19 18 17 16 15 14 13 32 31 30 29 28 27 26 25 24 23 22 21 20 19 18 17 16 15 37 36 35 34 33 32 31 30 29 28 27 26 25 24 23 22 21 20 37 36 35 34 33 32 31 30 29 28 27 26 25 24 23 22 21 20 34 33 32 31 30 29 28 27 26 25 24 23 22 21 20 19 18 17 26 34 29 38 21 26 37 23 35 31 23 28 22 33 35 33 25 27 38 25 24 37 30 33 40 39 28 39 30 37 35 35 38 22 31 22 30 23 38 35 29 39 34 36 31 38 30 23 23 30 39 33 35 28 32 28 26 30 27 30 38 39 26 37 35 39 30 22 23 32 39 29 38 29 28 23 31 22 24 31 24 25 35 39 23 24 23 25 36 39 27 30 35 30 23 37 29 22 27 22 38 31 38 35 23 23 24 25 33 37 23 35 23 25 29 29 32 23 34 30 38 21 28 31 29 35 36 38 33 25 38 35 28 25 33 25 21 26 27 22 27 30 35 29 26 39 38 38 38 40 38 36 25 31 38 25 35 31 36 24 25 32 37 38 30 25 37 24 27 25 30 31 23 32 36 29 39 26 24 28 28 22 23 32 38 29 24 26 24 23 38 25 37 30 37 35 28 37 24 24 37 39 26 33 36 38 35 24 29 32 37 26 30 30 36 30 32 21 22 34 23 24 34 38 23 24 35 32 25 28 36 36 35 34 26 23 37 40 37 36 24 25 26 24 34 26 25 26 25 34 36 24 31 40 25 25 32 38 26 32 33 34 39 39 24 27 31 38 27 23 24 27 40 31 38 35
itemClass_lengthVector 35 37 5 11 12 62 57 33 9 52 6 5 11 13 28 136 44 44 69 18 53 50 22 24 21 11 46 7 13 38 29 13 67 75 33 11 16 2 47 85 77 42 20 12 10 34 36 22 3 4 20 127 36 7 25 25 1 3 31 22 7 2 29 35 8 53 76 24 160 16 54 29 65 38 36 21 33 27 18 6 12 21 38 35 36 81 6 14 91 22 77 11 137 9 14 53 40 12 13 1 7 29 52 5 4 58 61 17 5 12 61 68 15 7 80 6 31 7 3 96 68 37 26 10 62 6 4 60 11 67 27 35 47 37 27 58 107 2 35 33 3 18 2 27 11 104 4 11 26 50 18 10 4 37 8 21 141 44 27 18 44 22 34 64 4 16 47 75 5 39 6 83 29 14 12 17 37 28 25 65 124 1 10 13 1 94 15 2 76 8 18 3 162 18 29 7 11 8 27 59 14 61 12 3 26 22 10 3 88 8 27 166 37 8 8 21 61 23 30 21 9 114 53 11 6 10 22 61 21 24 1 17 43 73 24 31 27 5 32 7 3 35 43 30 39 7 21 73 40 19 62 102 11 11 3 2 51 18 2 43 27 23 11 37 28 29 111 52 20 121 12 44 38 16 40 33 12 5 9 34 28 17 45 7 93 11 105 51 69 24 1 26 3 26 12 141 29 6 7 50 9 50 15 50 35 47 39 5 63 54 4 45 5 46 5 43 15 2 21 14 132 57 29 21 5 10 8 36 43 11 11 28 5 33 45 53 135 12 62 12 28 5 36 11 135 10 10 56 35 36 53 35 10 5 62 11 36 45 10 135 10 136 4 61 52 35 12 36 9 4 32 27 27 9 34 57 10 51 62 5 11 9 4 9 37 36 13 4 10 36 33 43 137 34 36 9 34 5 7 29 10 135 135 9 12 12 62 36 29 12 135 11 12 34 11 51 11 32 29 5 53 44 10 43 5 33 34 6 28 28 14 28 56 5 43 61 136 27 9 10 56 28 61 51 35 44 6 9 51 13 37 34 63 14 4 13 4 27 12 27 44 12 6 45 7 9 11 53 13 35 36 6 36 35 4 5 27 32 36 13 11 56 6 28 10 58 6 5 8 10 34 135 5 11 32 9 43 58 5 6 36 14 28 52 4 43 44 58 34 10 137 10 137 137 37 13 38 32 10 12 53 37 27 28 38 36 10 57 4 35 61 29 6 58 6 5 52 52 11 53 61 43 45 58 28 28 57 6 28 14 63 33 29 6 12 38 12 63 13 44 35 35 12 11 28 28 10 14 11 12 13 6 11 63 11 13 10 36 11 13 61 35 6 32 13 62 38 36 136 10 56 6 12 44 13 5 35 10 34 6
itemClass_demand 1 1 1 1 1 1 1 1 1 1 1 1 1 1 1 1 1 1 1 1 1 1 1 1 1 1 1 1 1 1 1 1 1 1 1 1 1 1 1 1 1 1 1 1 1 1 1 1 1 1 1 1 1 1 1 1 1 1 1 1 1 1 1 1 1 1 1 1 1 1 1 1 1 1 1 1 1 1 1 1 1 1 1 1 1 1 1 1 1 1 1 1 1 1 1 1 1 1 1 1 1 1 1 1 1 1 1 1 1 1 1 1 1 1 1 1 1 1 1 1 1 1 1 1 1 1 1 1 1 1 1 1 1 1 1 1 1 1 1 1 1 1 1 1 1 1 1 1 1 1 1 1 1 1 1 1 1 1 1 1 1 1 1 1 1 1 1 1 1 1 1 1 1 1 1 1 1 1 1 1 1 1 1 1 1 1 1 1 1 1 1 1 1 1 1 1 1 1 1 1 1 1 1 1 1 1 1 1 1 1 1 1 1 1 1 1 1 1 1 1 1 1 1 1 1 1 1 1 1 1 1 1 1 1 1 1 1 1 1 1 1 1 1 1 1 1 1 1 1 1 1 1 1 1 1 1 1 1 1 1 1 1 1 1 1 1 1 1 1 1 1 1 1 1 1 1 1 1 1 1 1 1 1 1 1 1 1 1 1 1 1 1 1 1 1 1 1 1 1 1 1 1 1 1 1 1 1 1 1 1 1 1 1 1 1 1 1 1 1 1 1 1 1 1 1 1 1 1 1 1 1 1 1 1 1 1 1 1 1 1 1 1 1 1 1 1 1 1 1 1 1 1 1 1 1 1 1 1 1 1 1 1 1 1 1 1 1 1 1 1 1 1 1 1 1 1 1 1 1 1 1 1 1 1 1 1 1 1 1 1 1 1 1 1 1 1 1 1 1 1 1 1 1 1 1 1 1 1 1 1 1 1 1 1 1 1 1 1 1 1 1 1 1 1 1 1 1 1 1 1 1 1 1 1 1 1 1 1 1 1 1 1 1 1 1 1 1 1 1 1 1 1 1 1 1 1 1 1 1 1 1 1 1 1 1 1 1 1 1 1 1 1 1 1 1 1 1 1 1 1 1 1 1 1 1 1 1 1 1 1 1 1 1 1 1 1 1 1 1 1 1 1 1 1 1 1 1 1 1 1 1 1 1 1 1 1 1 1 1 1 1 1 1 1 1 1 1 1 1 1 1 1 1 1 1 1 1 1 1 1 1 1 1 1 1 1 1 1 1 1 1 1 1 1 1 1 1 1 1 1 1 1 1 1 1 1 1 1 1 1 1 1 1 1 1 1 1 1 1 1 1 1 1 1 1 1 1 1 1 1 1 1 1 1 1 1 1 1 1 1
binNumber 10000
binClassNumber 1
binClass_widthVector 600
binClass_lengthVector 600
binClass_disponibility 1000
itemClass_weight 12600 13320 1800 3960 4320 22320 20520 11880 3240 18720 2160 1800 3960 4680 10080 48960 15840 15840 22080 5760 16960 16000 7040 7680 6720 3520 14720 2240 4160 12160 9280 4160 21440 24000 10560 3520 5280 660 15510 28050 25410 13860 6600 3960 3300 11220 11880 7260 990 1320 6600 41910 11880 2310 8000 8000 320 960 9920 7040 2240 640 9280 11200 2560 16960 24320 7680 51200 5120 17280 9280 21450 12540 11880 6930 10890 8910 5940 1980 3960 6930 12540 11550 11880 26730 1980 4620 30030 7260 24640 3520 43840 2880 4480 16960 12800 3840 4160 320 2240 9280 16640 1600 1280 18560 19520 5440 1550 3720 18910 21080 4650 2170 24800 1860 9610 2170 930 29760 21080 11470 8060 3100 19220 1860 1280 19200 3520 21440 8640 11200 15040 11840 8640 18560 34240 640 11200 10560 960 5760 640 8640 3740 35360 1360 3740 8840 17000 6120 3400 1360 12580 2720 7140 47940 14960 9180 6120 14960 7480 10200 19200 1200 4800 14100 22500 1500 11700 1800 24900 8700 4200 3600 5100 11100 8400 7500 19500 45880 370 3700 4810 370 34780 5550 740 28120 2960 6660 1110 59940 6660 10730 2590 4070 2960 9990 21830 5180 22570 4440 1110 9620 8140 3700 1110 32560 2960 9990 61420 13690 2960 2960 7770 18910 7130 9300 6510 2790 35340 16430 3410 1860 3100 6820 18910 6510 7440 310 5270 13330 22630 7200 9300 8100 1500 9600 2100 900 10500 12900 9000 11700 2100 6300 21900 12000 5700 18600 30600 3520 3520 960 640 16320 5760 640 13760 8640 7360 3520 11840 8960 9280 35520 16640 6400 38720 4440 16280 14060 5920 14800 12210 4440 1850 3330 12580 10360 6290 16650 2590 34410 4070 38850 18870 25530 8880 370 9620 1110 9620 4440 52170 10730 2220 2590 18500 3330 18500 5550 18500 12950 17390 13260 1700 21420 18360 1360 15300 1700 15640 1700 14620 5100 680 7140 4760 44880 19380 9860 7140 1830 3860 2960 13572 15867 4268 4356 10640 1890 12507 17235 20140 51030 4368 22940 4368 10948 1940 13932 4323 48870 3820 3680 20832 13335 14040 19186 13265 3790 1960 23994 4334 13608 17640 3840 51030 3760 50864 1568 23058 20436 13860 4584 14112 3501 1508 12512 9801 10557 3294 13090 22515 3620 19890 24428 1855 4026 3573 1560 3510 14282 13248 5044 1516 3880 13824 12870 16727 50964 12852 13932 3357 13022 1900 2667 10469 3740 52245 52245 3393 4512 4332 23684 13356 10817 4572 52650 4213 4752 12682 4169 18564 4301 12320 11281 1830 20140 16236 3780 15953 1965 12078 12614 2334 10724 11088 5250 11088 21728 1965 15738 22082 49096 10368 3303 3800 21504 10780 22143 18768 13405 16720 2268 3537 18819 5031 13986 12580 23247 5446 1472 5070 1480 9828 4392 10692 15972 4452 2364 16785 2716 3276 4323 20564 5096 13125 13860 2364 14184 13825 1456 1815 10530 11936 13932 4784 4092 21728 2172 10304 3930 21170 2250 1890 2904 3880 13464 53595 1885 4279 11584 3555 16942 22736 1895 2172 14256 5082 10864 18928 1524 16856 16412 22968 13090 3680 49457 3840 53567 50690 14171 4901 15010 12160 3910 4704 20193 14097 10422 10668 14706 13608 3720 21090 1500 13650 23851 11397 2340 22388 2202 1935 19188 19136 3971 19292 23790 15695 17055 21634 11088 10192 22629 2250 10864 5390 23688 12507 10904 2232 4764 13718 4332 22806 5122 16060 12775 13265 4560 4290 10220 10892 3790 5418 4246 4596 4966 2370 4114 22806 4026 5122 3810 13896 4136 4979 22082 13895 2304 12288 4849 22692 14706 13212 53720 3630 21560 2196 4680 15972 5018 1960 13720 3910 13022 2352
