itemNumber 190
itemClassNumber 190
itemClass_widthVector 17 16 15 14 13 12 11 10 9 8 18 17 16 15 14 13 12 11 10 9 17 16 15 14 13 12 11 10 9 8 20 19 18 17 16 15 14 13 12 11 18 17 16 15 14 13 12 11 10 9 19 18 17 16 15 14 13 12 11 10 20 19 18 17 16 15 14 13 12 11 21 20 19 18 17 16 15 14 13 12 19 18 17 16 15 14 13 12 11 10 21 20 19 18 17 16 15 14 13 12 17 12 12 12 12 11 18 13 18 18 11 18 14 11 13 13 17 12 12 13 15 12 16 10 17 16 19 16 17 17 13 14 16 11 16 15 12 15 12 12 18 12 10 11 13 16 14 18 12 18 12 17 14 10 19 16 17 15 15 17 10 19 16 18 16 14 12 17 14 15 16 16 14 14 15 15 18 16 16 19 13 17 11 13 13 15 13 17 15 18
itemClass_lengthVector 10 31 60 10 20 18 15 11 11 4 7 36 2 1 14 1 23 51 9 46 64 8 31 16 7 2 8 32 16 6 78 2 43 7 3 11 14 9 14 9 13 3 12 31 11 78 4 16 7 15 7 4 7 4 8 15 19 109 14 3 2 8 19 10 35 13 2 69 3 29 7 17 3 6 48 34 18 37 6 14 9 6 10 9 8 2 21 52 55 18 2 8 29 27 6 27 10 26 41 14 30 11 14 16 16 11 32 18 30 10 11 10 21 10 16 18 30 14 10 18 20 12 9 11 31 60 9 11 61 61 19 19 10 11 60 20 11 11 16 12 30 14 10 12 15 60 17 32 11 32 15 60 19 11 11 11 60 20 21 32 10 9 11 30 10 18 11 61 20 10 60 10 18 21 20 20 30 59 60 11 16 60 10 18 18 9 18 59 19 31
itemClass_demand 1 1 1 1 1 1 1 1 1 1 1 1 1 1 1 1 1 1 1 1 1 1 1 1 1 1 1 1 1 1 1 1 1 1 1 1 1 1 1 1 1 1 1 1 1 1 1 1 1 1 1 1 1 1 1 1 1 1 1 1 1 1 1 1 1 1 1 1 1 1 1 1 1 1 1 1 1 1 1 1 1 1 1 1 1 1 1 1 1 1 1 1 1 1 1 1 1 1 1 1 1 1 1 1 1 1 1 1 1 1 1 1 1 1 1 1 1 1 1 1 1 1 1 1 1 1 1 1 1 1 1 1 1 1 1 1 1 1 1 1 1 1 1 1 1 1 1 1 1 1 1 1 1 1 1 1 1 1 1 1 1 1 1 1 1 1 1 1 1 1 1 1 1 1 1 1 1 1 1 1 1 1 1 1 1 1 1 1 1 1
binNumber 10000
binClassNumber 1
binClass_widthVector 190
binClass_lengthVector 190
binClass_disponibility 1000
itemClass_weight 1700 5270 10200 1700 3400 3060 2550 1870 1870 680 1260 6480 360 180 2520 180 4140 9180 1620 8280 10880 1360 5270 2720 1190 340 1360 5440 2720 1020 15600 400 8600 1400 600 2200 2800 1800 2800 1800 2340 540 2160 5580 1980 14040 720 2880 1260 2700 1330 760 1330 760 1520 2850 3610 20710 2660 570 400 1600 3800 2000 7000 2600 400 13800 600 5800 1470 3570 630 1260 10080 7140 3780 7770 1260 2940 1710 1140 1900 1710 1520 380 3990 9880 10450 3420 420 1680 6090 5670 1260 5670 2100 5460 8610 2940 5610 2068 2576 2752 2784 2057 5760 3312 5310 1840 1903 1820 3738 1820 2800 3222 5430 2394 1800 3276 3680 2196 1611 1914 5828 10380 1647 2035 10614 10614 3553 3515 1750 2013 11160 3680 1903 2013 2896 2112 5310 2562 1770 2052 2805 10380 3196 5792 1881 5632 2580 11100 3420 2002 2035 2046 10380 3620 3927 5856 1800 1692 1892 5460 1730 3168 2035 10797 3480 1820 10500 1830 3294 3822 3520 3720 5490 10738 11040 1958 2976 10620 1770 3312 3258 1548 3150 10915 3553 5518
