itemNumber 200
itemClassNumber 200
itemClass_widthVector 20 19 18 17 16 15 14 13 12 11 10 19 18 17 16 15 14 13 12 11 10 9 18 17 16 15 14 13 12 11 10 9 8 20 19 18 17 16 15 14 13 12 11 10 17 16 15 14 13 12 11 10 9 8 7 19 18 17 16 15 14 13 12 11 10 9 18 17 16 15 14 13 12 11 10 9 8 16 15 14 13 12 11 10 9 8 7 6 18 17 16 15 14 13 12 11 10 9 8 17 16 15 14 13 12 11 10 9 8 7 18 17 16 15 14 13 12 11 10 9 8 17 14 16 19 17 21 14 18 17 16 20 14 20 20 13 19 15 13 17 18 14 15 19 14 14 18 15 12 20 17 22 12 18 13 16 14 15 16 14 15 14 13 17 17 16 20 20 14 19 12 21 17 12 21 17 20 13 13 20 17 17 19 16 21 16 20 15 18 14 15 17 16 18 13 15 21 22 22 13
itemClass_lengthVector 4 23 29 8 34 7 16 19 7 41 12 43 8 3 2 19 6 58 22 13 25 1 1 16 61 7 2 64 2 2 19 8 18 5 1 60 26 2 3 7 4 33 51 8 10 14 4 48 19 16 8 32 41 7 1 13 8 18 3 38 44 30 7 16 8 15 28 6 10 10 32 20 6 33 17 26 12 29 9 8 25 4 22 7 17 2 14 63 68 4 22 31 19 28 5 4 3 14 2 45 26 18 1 4 11 11 49 12 12 11 8 33 10 19 8 64 18 4 21 14 1 6 6 7 7 7 24 8 35 34 17 28 18 23 23 41 8 16 41 34 34 18 18 29 8 18 33 20 42 29 8 4 40 35 6 17 19 18 17 19 20 6 6 33 8 17 22 24 18 29 40 24 33 40 23 8 30 42 8 24 35 7 30 6 24 16 24 15 9 18 16 8 15 35 6 15 3 4 4 41
itemClass_demand 1 1 1 1 1 1 1 1 1 1 1 1 1 1 1 1 1 1 1 1 1 1 1 1 1 1 1 1 1 1 1 1 1 1 1 1 1 1 1 1 1 1 1 1 1 1 1 1 1 1 1 1 1 1 1 1 1 1 1 1 1 1 1 1 1 1 1 1 1 1 1 1 1 1 1 1 1 1 1 1 1 1 1 1 1 1 1 1 1 1 1 1 1 1 1 1 1 1 1 1 1 1 1 1 1 1 1 1 1 1 1 1 1 1 1 1 1 1 1 1 1 1 1 1 1 1 1 1 1 1 1 1 1 1 1 1 1 1 1 1 1 1 1 1 1 1 1 1 1 1 1 1 1 1 1 1 1 1 1 1 1 1 1 1 1 1 1 1 1 1 1 1 1 1 1 1 1 1 1 1 1 1 1 1 1 1 1 1 1 1 1 1 1 1 1 1 1 1 1 1
binNumber 10000
binClassNumber 1
binClass_widthVector 200
binClass_lengthVector 200
binClass_disponibility 1000
itemClass_weight 800 4600 5800 1600 6800 1400 3200 3800 1400 8200 2400 8170 1520 570 380 3610 1140 11020 4180 2470 4750 190 180 2880 10980 1260 360 11520 360 360 3420 1440 3240 1000 200 12000 5200 400 600 1400 800 6600 10200 1600 1700 2380 680 8160 3230 2720 1360 5440 6970 1190 170 2470 1520 3420 570 7220 8360 5700 1330 3040 1520 2850 5040 1080 1800 1800 5760 3600 1080 5940 3060 4680 2160 4640 1440 1280 4000 640 3520 1120 2720 320 2240 10080 12240 720 3960 5580 3420 5040 900 720 540 2520 360 7650 4420 3060 170 680 1870 1870 8330 2040 2040 1870 1440 5940 1800 3420 1440 11520 3240 720 3780 2520 180 1242 1290 1533 1407 1498 4848 1632 7665 7276 3655 6132 3960 4899 4853 8774 1728 3520 8856 7174 6970 3960 3636 6264 1664 3888 6930 4340 8442 6322 1736 848 8040 7140 1284 3621 3990 3618 3757 3914 4220 1314 1248 6633 1624 3434 4840 5040 3960 5887 8720 4872 7029 8560 4968 1616 6150 9156 1672 5016 7280 1442 6630 1218 4992 3376 5232 3210 1827 3960 3360 1704 3315 7420 1236 3030 621 848 840 8815
