itemNumber 700
itemClassNumber 700
itemClass_widthVector 34 33 32 31 30 29 28 27 26 25 24 23 22 21 20 19 18 17 16 35 34 33 32 31 30 29 28 27 26 25 24 23 22 21 20 19 18 17 36 35 34 33 32 31 30 29 28 27 26 25 24 23 22 21 20 19 18 40 39 38 37 36 35 34 33 32 31 30 29 28 27 26 25 24 23 22 39 38 37 36 35 34 33 32 31 30 29 28 27 26 25 24 23 22 21 37 36 35 34 33 32 31 30 29 28 27 26 25 24 23 22 21 20 19 36 35 34 33 32 31 30 29 28 27 26 25 24 23 22 21 20 19 18 38 37 36 35 34 33 32 31 30 29 28 27 26 25 24 23 22 21 20 35 34 33 32 31 30 29 28 27 26 25 24 23 22 21 20 19 18 17 37 36 35 34 33 32 31 30 29 28 27 26 25 24 23 22 21 20 19 40 39 38 37 36 35 34 33 32 31 30 29 28 27 26 25 24 23 22 39 38 37 36 35 34 33 32 31 30 29 28 27 26 25 24 23 22 21 38 37 36 35 34 33 32 31 30 29 28 27 26 25 24 23 22 21 20 34 33 32 31 30 29 28 27 26 25 24 23 22 21 20 19 18 17 16 39 38 37 36 35 34 33 32 31 30 29 28 27 26 25 24 23 22 21 38 37 36 35 34 33 32 31 30 29 28 27 26 25 24 23 22 21 20 34 33 32 31 30 29 28 27 26 25 24 23 22 21 20 19 18 17 16 36 35 34 33 32 31 30 29 28 27 26 25 24 23 22 21 20 19 18 35 34 33 32 31 30 29 28 27 26 25 24 23 22 21 20 19 18 17 25 33 33 26 34 26 26 29 28 25 29 33 30 29 31 34 19 27 31 29 27 34 37 32 37 27 29 29 25 36 29 32 25 19 30 34 29 20 27 26 18 20 28 31 28 35 21 27 29 30 35 31 36 35 27 18 26 29 22 30 19 22 22 34 33 28 27 29 33 29 27 30 24 24 26 34 24 19 19 34 22 27 29 21 26 26 22 38 31 29 34 21 34 35 33 28 29 35 32 30 21 31 18 25 20 20 27 23 24 24 34 31 25 21 24 21 25 35 35 35 27 22 32 31 33 36 33 32 22 27 23 23 21 24 24 20 20 20 31 37 30 26 29 20 36 32 35 30 24 32 18 30 19 23 33 21 24 34 19 24 34 29 21 33 32 23 27 26 24 36 24 19 37 28 37 18 24 34 23 21 20 22 37 23 31 28 28 22 23 23 35 36 36 27 23 26 33 22 27 22 21 31 32 34 30 37 34 18 33 31 32 22 30 21 38 32 19 18 29 23 30 33 33 29 22 30 30 31 24 23 35 25 30 32 37 18 23 33 32 32 26 27 18 26 32 34 21 29 26 23 27 22 25 26 21 36 28 37 19 22 22 23 32 19 31 25 31 30 26 29 19 22 25 19 25 22 38 36 24 19 27 31 33 35 25 31 30 31 35 24 18 34 31 22 36 29 19 26 23 25 25 19 29 25 26 20 25 34 18 22 25 29 19 19 34 25 30 30 31 26 24 31 24 29 24 27 23 33 33 22 28 30 28 35 21 27 30 19 32
itemClass_lengthVector 18 58 25 1 15 91 99 91 8 19 9 17 16 48 41 29 8 82 25 3 24 67 23 15 56 63 19 21 95 53 22 2 15 10 67 114 24 7 70 8 10 27 15 27 19 32 74 11 147 1 7 31 2 155 14 15 35 41 23 95 71 38 25 21 126 30 20 27 9 16 34 7 74 5 36 2 33 14 44 19 60 5 57 37 12 22 73 26 67 13 86 40 3 69 20 62 44 35 86 4 16 18 47 43 8 53 43 13 89 8 4 20 101 6 66 23 51 20 31 45 50 126 16 22 19 20 58 45 14 17 27 41 9 27 10 13 15 8 2 16 34 60 71 56 5 24 129 77 11 55 71 16 19 7 10 38 36 66 38 2 63 44 73 107 48 2 36 1 21 43 46 13 30 25 88 36 7 71 45 11 89 21 44 55 15 57 38 2 27 26 24 20 68 37 1 13 179 37 28 84 4 4 29 34 46 39 29 9 15 36 35 6 59 164 50 10 19 35 3 48 29 1 43 7 81 29 31 14 36 45 5 51 81 112 45 40 38 56 16 10 28 32 38 2 16 15 34 35 39 44 26 37 80 6 14 1 24 57 11 79 115 8 21 78 20 5 71 33 10 2 1 37 15 47 35 19 79 62 30 4 21 6 134 6 88 82 99 2 16 12 36 76 15 16 61 29 81 22 6 9 6 40 74 18 127 65 2 39 74 14 38 8 70 14 7 11 26 15 29 34 5 31 91 25 70 11 4 112 3 53 27 43 25 9 27 45 44 20 87 84 10 1 16 39 45 14 33 48 10 6 101 4 106 75 59 56 3 31 41 12 1 16 16 1 19 14 9 16 92 91 17 100 15 90 92 100 59 83 18 15 92 20 15 18 1 59 9 99 8 10 24 99 91 17 81 90 15 9 29 20 17 82 9 92 99 7 26 40 7 100 92 17 91 57 1 10 81 20 91 48 92 81 47 41 25 25 19 8 98 16 92 20 98 17 47 9 14 47 8 9 1 41 19 91 28 20 18 48 18 90 8 59 28 58 58 2 19 98 1 91 92 29 90 81 10 7 8 10 42 17 47 24 16 10 30 49 28 18 58 26 1 19 48 2 15 1 59 14 1 41 9 48 16 28 49 16 7 7 8 14 18 98 20 92 8 57 16 2 91 48 15 83 98 9 49 14 29 49 24 82 17 15 98 30 1 1 16 18 18 47 18 16 81 18 7 19 83 15 15 48 30 29 42 19 17 90 8 9 41 15 15 24 59 24 8 47 9 26 47 20 40 29 98 16 24 91 58 2 82 14 15 91 41 98 29 17 1 9 82 100 40 90 24 16 98 48 92 90 15 18 16 59 17 98 92 58 82 42 24 90 1 19 19 81 17 90 24 41 99 18 15 20 42 16 18 28 19 7 59 7 47 41 49 15 9 90 16 15 99 19 100 83 42 8 82 18 47 19 19 49 82 9 92 14 57 10 98 91 16 1 18 81 1 91 42 57 90 7 18 41 17 8 82 99 18 16 8 15 1 81 47 17 100 83 83 1 17 98 90 91 18 15 98 49 100 18 7 17 1 1 41 19 92 8 59 30 20 91 82 15
itemClass_demand 1 1 1 1 1 1 1 1 1 1 1 1 1 1 1 1 1 1 1 1 1 1 1 1 1 1 1 1 1 1 1 1 1 1 1 1 1 1 1 1 1 1 1 1 1 1 1 1 1 1 1 1 1 1 1 1 1 1 1 1 1 1 1 1 1 1 1 1 1 1 1 1 1 1 1 1 1 1 1 1 1 1 1 1 1 1 1 1 1 1 1 1 1 1 1 1 1 1 1 1 1 1 1 1 1 1 1 1 1 1 1 1 1 1 1 1 1 1 1 1 1 1 1 1 1 1 1 1 1 1 1 1 1 1 1 1 1 1 1 1 1 1 1 1 1 1 1 1 1 1 1 1 1 1 1 1 1 1 1 1 1 1 1 1 1 1 1 1 1 1 1 1 1 1 1 1 1 1 1 1 1 1 1 1 1 1 1 1 1 1 1 1 1 1 1 1 1 1 1 1 1 1 1 1 1 1 1 1 1 1 1 1 1 1 1 1 1 1 1 1 1 1 1 1 1 1 1 1 1 1 1 1 1 1 1 1 1 1 1 1 1 1 1 1 1 1 1 1 1 1 1 1 1 1 1 1 1 1 1 1 1 1 1 1 1 1 1 1 1 1 1 1 1 1 1 1 1 1 1 1 1 1 1 1 1 1 1 1 1 1 1 1 1 1 1 1 1 1 1 1 1 1 1 1 1 1 1 1 1 1 1 1 1 1 1 1 1 1 1 1 1 1 1 1 1 1 1 1 1 1 1 1 1 1 1 1 1 1 1 1 1 1 1 1 1 1 1 1 1 1 1 1 1 1 1 1 1 1 1 1 1 1 1 1 1 1 1 1 1 1 1 1 1 1 1 1 1 1 1 1 1 1 1 1 1 1 1 1 1 1 1 1 1 1 1 1 1 1 1 1 1 1 1 1 1 1 1 1 1 1 1 1 1 1 1 1 1 1 1 1 1 1 1 1 1 1 1 1 1 1 1 1 1 1 1 1 1 1 1 1 1 1 1 1 1 1 1 1 1 1 1 1 1 1 1 1 1 1 1 1 1 1 1 1 1 1 1 1 1 1 1 1 1 1 1 1 1 1 1 1 1 1 1 1 1 1 1 1 1 1 1 1 1 1 1 1 1 1 1 1 1 1 1 1 1 1 1 1 1 1 1 1 1 1 1 1 1 1 1 1 1 1 1 1 1 1 1 1 1 1 1 1 1 1 1 1 1 1 1 1 1 1 1 1 1 1 1 1 1 1 1 1 1 1 1 1 1 1 1 1 1 1 1 1 1 1 1 1 1 1 1 1 1 1 1 1 1 1 1 1 1 1 1 1 1 1 1 1 1 1 1 1 1 1 1 1 1 1 1 1 1 1 1 1 1 1 1 1 1 1 1 1 1 1 1 1 1 1 1 1 1 1 1 1 1 1 1 1 1 1 1 1 1 1 1 1 1 1 1 1 1 1 1 1 1 1 1 1 1 1 1 1 1 1 1 1 1 1 1 1 1 1 1 1 1 1 1 1 1 1 1 1 1 1 1 1 1 1 1 1 1 1 1 1 1 1 1 1 1 1 1 1 1 1 1 1 1 1 1 1
binNumber 10000
binClassNumber 1
binClass_widthVector 700
binClass_lengthVector 700
binClass_disponibility 1000
itemClass_weight 6120 19720 8500 340 5100 30940 33660 30940 2720 6460 3060 5780 5440 16320 13940 9860 2720 27880 8500 1050 8400 23450 8050 5250 19600 22050 6650 7350 33250 18550 7700 700 5250 3500 23450 39900 8400 2450 25200 2880 3600 9720 5400 9720 6840 11520 26640 3960 52920 360 2520 11160 720 55800 5040 5400 12600 16400 9200 38000 28400 15200 10000 8400 50400 12000 8000 10800 3600 6400 13600 2800 29600 2000 14400 800 12870 5460 17160 7410 23400 1950 22230 14430 4680 8580 28470 10140 26130 5070 33540 15600 1170 26910 7800 22940 16280 12950 31820 1480 5920 6660 17390 15910 2960 19610 15910 4810 32930 2960 1480 7400 37370 2220 23760 8280 18360 7200 11160 16200 18000 45360 5760 7920 6840 7200 20880 16200 5040 6120 9720 14760 3240 10260 3800 4940 5700 3040 760 6080 12920 22800 26980 21280 1900 9120 49020 29260 4180 20900 26980 6080 6650 2450 3500 13300 12600 23100 13300 700 22050 15400 25550 37450 16800 700 12600 350 7350 15050 16100 4810 11100 9250 32560 13320 2590 26270 16650 4070 32930 7770 16280 20350 5550 21090 14060 740 9990 9620 9600 8000 27200 14800 400 5200 71600 14800 11200 33600 1600 1600 11600 13600 18400 15600 11600 3600 6000 14040 13650 2340 23010 63960 19500 3900 7410 13650 1170 18720 11310 390 16770 2730 31590 11310 12090 5460 13680 17100 1900 19380 30780 42560 17100 15200 14440 21280 6080 3800 10640 12160 14440 760 6080 5700 12920 11900 13260 14960 8840 12580 27200 2040 4760 340 8160 19380 3740 26860 39100 2720 7140 26520 6800 1700 27690 12870 3900 780 390 14430 5850 18330 13650 7410 30810 24180 11700 1560 8190 2340 52260 2340 34320 31160 37620 760 6080 4560 13680 28880 5700 6080 23180 11020 30780 8360 2280 3420 2280 15200 28120 6840 43180 22100 680 13260 25160 4760 12920 2720 23800 4760 2380 3740 8840 5100 9860 11560 1700 10540 30940 9000 25200 3960 1440 40320 1080 19080 9720 15480 9000 3240 9720 16200 15840 7200 31320 30240 3600 360 5600 13650 15750 4900 11550 16800 3500 2100 35350 1400 37100 26250 20650 19600 1050 10850 14350 4200 350 5840 5632 373 6631 5208 3240 5968 32660 32851 6239 35900 5430 31860 33856 36100 21299 29880 6318 5550 32108 7260 5370 6732 353 22125 3168 34848 2776 3560 8904 36531 31941 6171 29889 31860 5115 3141 10150 7460 6035 29110 3168 32384 34551 2520 9620 14920 2576 37500 33672 6324 32760 20976 368 3640 30051 7160 33579 17760 31464 28674 17343 14145 9250 9050 6764 2960 34986 5600 33948 7360 36750 6358 17014 3330 4774 16121 2912 3231 362 14309 6878 31759 10444 6840 6156 17232 6552 32040 2792 21889 9688 21054 21286 704 6688 35868 356 34034 34132 10150 32400 29808 3500 2527 2928 3550 15288 5814 17578 8736 5920 3410 10530 16856 10164 6462 20822 9334 355 6840 16512 708 5535 349 21122 5152 373 14596 3366 16800 5984 9744 16758 5664 2611 2401 2808 5194 6336 36456 7100 33856 2792 21033 5632 712 31486 16752 5610 29631 35084 3186 18032 5208 10324 17199 8184 30176 6290 5340 34300 10260 361 355 5680 6444 6678 16027 6606 5584 29889 6336 2520 6669 28801 5595 5310 17280 11070 10701 14952 6555 5984 31860 2752 3240 14965 5610 5130 8400 21771 8256 2888 16168 3321 9620 16309 6920 14720 10005 35084 5952 8928 31941 21750 692 29274 5124 5310 32123 14063 34202 10875 6290 344 3123 30750 36700 13920 30780 8232 5872 34986 16464 32384 31860 5475 6480 5920 20709 5831 36456 34316 20706 28782 14700 8472 33120 373 6574 6688 29322 5865 32220 8544 14637 34551 6498 5310 7360 14490 5712 6408 9660 7049 2611 21476 2450 16309 14514 18130 5340 3294 31860 5600 5430 35739 6802 37200 29050 14826 2808 28782 6246 16309 6555 6650 17150 29192 3249 32844 4998 20463 3530 36652 32032 5808 353 6426 28593 353 32487 15204 19893 33120 2506 6138 14883 5950 2792 28618 36729 6498 5888 2976 5445 372 28107 17296 5984 35200 28884 30461 363 5882 36358 31590 33579 6498 5550 36652 18130 35900 6246 2387 6103 368 373 15006 6555 32568 3000 20119 10950 7480 31759 28044 5145
