itemNumber 80
itemClassNumber 80
itemClass_widthVector 12 11 10 9 8 7 6 12 11 10 9 8 7 6 10 9 8 7 6 5 4 12 11 10 9 8 7 6 12 11 10 9 8 7 6 12 11 10 9 8 7 6 10 9 8 7 6 5 4 9 13 13 10 12 13 8 13 11 13 8 12 8 14 13 9 14 9 12 10 12 8 10 10 13 11 13 8 13 12 8
itemClass_lengthVector 4 6 12 20 11 21 6 12 14 15 2 12 12 13 11 2 12 8 4 3 40 2 6 23 5 3 35 6 16 1 5 30 3 20 5 1 10 4 8 15 3 39 2 8 2 2 29 31 6 12 5 6 19 5 7 20 3 12 6 22 11 21 3 5 12 3 10 7 21 12 20 20 19 5 12 4 21 4 6 21
itemClass_demand 1 1 1 1 1 1 1 1 1 1 1 1 1 1 1 1 1 1 1 1 1 1 1 1 1 1 1 1 1 1 1 1 1 1 1 1 1 1 1 1 1 1 1 1 1 1 1 1 1 1 1 1 1 1 1 1 1 1 1 1 1 1 1 1 1 1 1 1 1 1 1 1 1 1 1 1 1 1 1 1
binNumber 10000
binClassNumber 1
binClass_widthVector 80
binClass_lengthVector 80
binClass_disponibility 1000
itemClass_weight 480 720 1440 2400 1320 2520 720 1440 1680 1800 240 1440 1440 1560 1100 200 1200 800 400 300 4000 240 720 2760 600 360 4200 720 1920 120 600 3600 360 2400 600 120 1200 480 960 1800 360 4680 200 800 200 200 2900 3100 600 1476 625 732 2356 625 861 2560 393 1500 738 2662 1386 2688 372 665 1584 375 1210 910 2730 1452 2580 2420 2394 640 1560 488 2793 516 738 2709
