itemNumber 100
itemClassNumber 100
itemClass_widthVector 14 13 12 11 10 9 8 7 12 11 10 9 8 7 6 5 13 12 11 10 9 8 7 6 12 11 10 9 8 7 6 5 12 11 10 9 8 7 6 5 11 10 9 8 7 6 5 4 12 11 10 9 8 7 6 5 14 13 12 11 10 9 8 7 11 10 13 11 14 16 15 16 9 16 13 16 16 15 9 12 16 14 9 15 12 15 13 16 13 10 10 16 15 12 13 10 14 16 11 15
itemClass_lengthVector 6 5 32 28 7 1 11 10 9 6 2 33 15 11 13 11 1 5 20 10 8 7 40 9 1 14 1 59 2 18 3 2 9 17 25 3 10 5 5 26 5 11 19 39 17 4 1 4 26 1 20 5 6 16 1 25 12 23 2 3 2 15 24 19 8 1 29 7 31 5 7 5 11 6 29 7 5 6 10 8 5 4 10 5 8 6 33 7 33 2 1 7 6 6 27 2 4 7 6 7
itemClass_demand 1 1 1 1 1 1 1 1 1 1 1 1 1 1 1 1 1 1 1 1 1 1 1 1 1 1 1 1 1 1 1 1 1 1 1 1 1 1 1 1 1 1 1 1 1 1 1 1 1 1 1 1 1 1 1 1 1 1 1 1 1 1 1 1 1 1 1 1 1 1 1 1 1 1 1 1 1 1 1 1 1 1 1 1 1 1 1 1 1 1 1 1 1 1 1 1 1 1 1 1
binNumber 10000
binClassNumber 1
binClass_widthVector 100
binClass_lengthVector 100
binClass_disponibility 1000
itemClass_weight 840 700 4480 3920 980 140 1540 1400 1080 720 240 3960 1800 1320 1560 1320 130 650 2600 1300 1040 910 5200 1170 120 1680 120 7080 240 2160 360 240 1080 2040 3000 360 1200 600 600 3120 550 1210 2090 4290 1870 440 110 440 3120 120 2400 600 720 1920 120 3000 1680 3220 280 420 280 2100 3360 2660 1176 153 4466 1057 4371 715 987 720 1650 858 4147 1064 740 900 1530 1168 745 572 1440 750 1136 900 4983 1043 5115 284 142 1036 906 864 4158 310 600 1029 864 994
