itemNumber 120
itemClassNumber 120
itemClass_widthVector 16 15 14 13 12 11 10 9 16 15 14 13 12 11 10 9 14 13 12 11 10 9 8 7 16 15 14 13 12 11 10 9 15 14 13 12 11 10 9 8 14 13 12 11 10 9 8 7 15 14 13 12 11 10 9 8 14 13 12 11 10 9 8 7 13 15 17 15 12 14 12 14 15 16 17 13 18 12 11 16 16 12 14 15 16 16 15 17 15 17 14 17 16 14 17 14 15 13 18 11 18 16 16 12 17 16 11 17 13 15 15 12 15 16 16 13 15 18 14 16
itemClass_lengthVector 14 18 16 1 12 9 42 8 10 7 1 39 23 18 5 17 26 1 14 29 11 6 26 7 9 10 15 5 4 35 27 15 8 15 1 9 28 1 29 29 6 10 8 2 32 22 11 29 5 7 15 11 6 12 55 9 11 9 3 58 8 4 10 17 10 2 15 15 9 1 42 2 1 16 17 9 14 43 42 17 17 8 12 1 17 15 17 17 17 19 13 17 19 1 17 1 1 11 14 42 15 17 15 43 17 17 43 14 10 1 2 41 1 16 18 10 15 14 1 15
itemClass_demand 1 1 1 1 1 1 1 1 1 1 1 1 1 1 1 1 1 1 1 1 1 1 1 1 1 1 1 1 1 1 1 1 1 1 1 1 1 1 1 1 1 1 1 1 1 1 1 1 1 1 1 1 1 1 1 1 1 1 1 1 1 1 1 1 1 1 1 1 1 1 1 1 1 1 1 1 1 1 1 1 1 1 1 1 1 1 1 1 1 1 1 1 1 1 1 1 1 1 1 1 1 1 1 1 1 1 1 1 1 1 1 1 1 1 1 1 1 1 1 1
binNumber 10000
binClassNumber 1
binClass_widthVector 120
binClass_lengthVector 120
binClass_disponibility 1000
itemClass_weight 2240 2880 2560 160 1920 1440 6720 1280 1600 1120 160 6240 3680 2880 800 2720 3640 140 1960 4060 1540 840 3640 980 1440 1600 2400 800 640 5600 4320 2400 1200 2250 150 1350 4200 150 4350 4350 840 1400 1120 280 4480 3080 1540 4060 750 1050 2250 1650 900 1800 8250 1350 1540 1260 420 8120 1120 560 1400 2380 1690 330 2640 2475 1494 162 6930 354 176 2768 2822 1494 2478 7009 7140 2992 2907 1408 2028 172 2958 2580 3009 2992 2958 3230 2093 2822 3078 162 2822 174 163 1892 2366 7224 2460 2890 2610 7525 2992 2924 7439 2394 1740 170 346 6970 161 2720 2952 1680 2595 2352 176 2550
