itemNumber 70
itemClassNumber 70
itemClass_widthVector 12 11 10 9 8 7 13 12 11 10 9 8 12 11 10 9 8 7 10 9 8 7 6 5 11 10 9 8 7 6 12 11 10 9 8 7 13 10 9 10 13 9 12 13 14 10 12 9 10 12 12 12 9 9 13 12 10 9 12 12 12 13 11 12 9 14 11 13 11 14
itemClass_lengthVector 13 6 5 15 19 12 5 3 1 16 43 2 1 29 8 26 3 3 4 26 7 4 25 4 1 2 6 18 1 42 12 14 9 5 4 26 12 14 18 14 5 19 6 5 14 14 7 19 14 6 6 7 18 18 12 4 16 18 6 5 5 12 6 4 20 12 4 13 5 13
itemClass_demand 1 1 1 1 1 1 1 1 1 1 1 1 1 1 1 1 1 1 1 1 1 1 1 1 1 1 1 1 1 1 1 1 1 1 1 1 1 1 1 1 1 1 1 1 1 1 1 1 1 1 1 1 1 1 1 1 1 1 1 1 1 1 1 1 1 1 1 1 1 1
binNumber 10000
binClassNumber 1
binClass_widthVector 70
binClass_lengthVector 70
binClass_disponibility 1000
itemClass_weight 1560 720 600 1800 2280 1440 650 390 130 2080 5590 260 120 3480 960 3120 360 360 400 2600 700 400 2500 400 110 220 660 1980 110 4620 1440 1680 1080 600 480 3120 1536 1792 2286 1778 665 2356 726 625 1750 1708 847 2470 1820 786 780 861 2304 2178 1548 500 2000 2214 750 610 620 1500 732 504 2600 1512 520 1716 610 1716
