itemNumber 140
itemClassNumber 140
itemClass_widthVector 17 16 15 14 13 12 11 10 9 14 13 12 11 10 9 8 7 6 15 14 13 12 11 10 9 8 7 16 15 14 13 12 11 10 9 8 17 16 15 14 13 12 11 10 9 15 14 13 12 11 10 9 8 7 16 15 14 13 12 11 10 9 8 14 13 12 11 10 9 8 7 6 16 15 14 13 12 11 10 9 8 18 13 13 19 17 12 17 17 15 13 15 16 16 16 17 13 14 13 11 18 12 14 13 11 14 19 17 18 18 13 16 18 13 18 19 12 12 17 16 19 14 13 11 19 16 13 17 12 18 12 14 12 18 15 15 14 13 17 12
itemClass_lengthVector 25 7 15 4 30 11 17 23 8 11 7 1 14 12 59 28 7 1 5 8 31 29 24 8 13 9 13 35 3 5 5 6 3 39 43 1 29 39 14 9 6 10 8 14 11 9 12 5 16 3 25 12 51 7 5 14 1 23 16 9 16 45 11 11 4 26 24 6 8 33 21 7 13 64 2 2 12 22 1 13 11 24 11 10 24 6 22 15 6 3 16 4 4 3 15 14 11 11 10 24 26 17 11 10 23 30 24 6 25 8 17 16 25 16 7 24 24 18 8 5 24 12 18 24 24 4 17 8 17 26 23 29 23 7 30 29 10 16 6 24
itemClass_demand 1 1 1 1 1 1 1 1 1 1 1 1 1 1 1 1 1 1 1 1 1 1 1 1 1 1 1 1 1 1 1 1 1 1 1 1 1 1 1 1 1 1 1 1 1 1 1 1 1 1 1 1 1 1 1 1 1 1 1 1 1 1 1 1 1 1 1 1 1 1 1 1 1 1 1 1 1 1 1 1 1 1 1 1 1 1 1 1 1 1 1 1 1 1 1 1 1 1 1 1 1 1 1 1 1 1 1 1 1 1 1 1 1 1 1 1 1 1 1 1 1 1 1 1 1 1 1 1 1 1 1 1 1 1 1 1 1 1 1 1
binNumber 10000
binClassNumber 1
binClass_widthVector 140
binClass_lengthVector 140
binClass_disponibility 1000
itemClass_weight 4250 1190 2550 680 5100 1870 2890 3910 1360 1540 980 140 1960 1680 8260 3920 980 140 750 1200 4650 4350 3600 1200 1950 1350 1950 5600 480 800 800 960 480 6240 6880 160 4930 6630 2380 1530 1020 1700 1360 2380 1870 1350 1800 750 2400 450 3750 1800 7650 1050 800 2240 160 3680 2560 1440 2560 7200 1760 1540 560 3640 3360 840 1120 4620 2940 980 2080 10240 320 320 1920 3520 160 2080 1760 4152 1903 1880 4128 1038 3938 2820 1080 561 2768 700 736 549 2730 2408 1947 2035 1820 4488 4524 2907 1969 1840 3956 5520 4248 1044 4350 1392 3179 2992 4575 2800 1253 4512 4368 3366 1408 935 4200 2148 3132 4368 4104 696 2907 1376 2975 4446 4094 4959 4278 1288 5400 4959 1720 2736 1044 4152
