itemNumber 80
itemClassNumber 80
itemClass_widthVector 12 11 10 9 8 7 6 11 10 9 8 7 6 5 12 11 10 9 8 7 6 11 10 9 8 7 6 5 12 11 10 9 8 7 6 10 9 8 7 6 5 4 12 11 10 9 8 7 6 13 10 10 11 8 12 13 13 10 13 9 12 10 10 14 9 9 9 8 13 11 8 10 10 14 9 11 8 9 9 13
itemClass_lengthVector 1 1 27 2 3 19 27 3 1 16 13 27 18 2 12 11 22 10 9 3 13 20 19 1 1 18 4 17 2 9 5 43 2 18 1 6 35 11 10 8 8 2 2 4 1 8 5 31 29 2 2 3 26 18 28 1 1 1 1 2 28 1 2 1 4 3 2 19 1 28 19 1 1 1 4 28 18 4 4 2
itemClass_demand 1 1 1 1 1 1 1 1 1 1 1 1 1 1 1 1 1 1 1 1 1 1 1 1 1 1 1 1 1 1 1 1 1 1 1 1 1 1 1 1 1 1 1 1 1 1 1 1 1 1 1 1 1 1 1 1 1 1 1 1 1 1 1 1 1 1 1 1 1 1 1 1 1 1 1 1 1 1 1 1
binNumber 10000
binClassNumber 1
binClass_widthVector 80
binClass_lengthVector 80
binClass_disponibility 1000
itemClass_weight 120 120 3240 240 360 2280 3240 330 110 1760 1430 2970 1980 220 1440 1320 2640 1200 1080 360 1560 2200 2090 110 110 1980 440 1870 240 1080 600 5160 240 2160 120 600 3500 1100 1000 800 800 200 240 480 120 960 600 3720 3480 250 254 384 3146 2358 3416 131 128 124 127 246 3444 121 244 124 496 384 264 2432 129 3416 2375 124 131 127 484 3556 2358 496 516 256
