itemNumber 140
itemClassNumber 140
itemClass_widthVector 16 15 14 13 12 11 10 9 8 15 14 13 12 11 10 9 8 7 15 14 13 12 11 10 9 8 7 16 15 14 13 12 11 10 9 8 15 14 13 12 11 10 9 8 7 15 14 13 12 11 10 9 8 7 15 14 13 12 11 10 9 8 7 16 15 14 13 12 11 10 9 8 17 16 15 14 13 12 11 10 9 13 16 17 17 14 12 15 16 10 17 14 12 18 18 14 11 13 10 15 12 10 12 14 15 10 15 14 10 13 12 14 16 15 10 12 16 17 12 13 17 16 15 18 12 16 13 17 10 11 13 16 13 15 13 13 11 12 17 15
itemClass_lengthVector 30 32 6 4 15 5 9 19 20 21 60 12 15 5 4 2 7 14 13 13 4 9 35 28 25 9 4 19 24 37 2 5 13 14 8 18 11 5 1 7 17 25 8 42 24 3 12 7 44 20 12 14 3 25 1 36 27 1 25 10 28 5 7 16 12 5 12 41 2 15 27 10 26 14 1 10 32 12 9 15 21 4 5 31 33 4 5 6 6 20 32 5 5 31 30 15 10 5 20 3 10 19 8 14 6 20 4 15 18 5 4 5 7 3 18 4 33 29 9 5 30 33 5 31 4 31 16 29 18 8 6 33 15 7 15 16 8 4 31 5
itemClass_demand 1 1 1 1 1 1 1 1 1 1 1 1 1 1 1 1 1 1 1 1 1 1 1 1 1 1 1 1 1 1 1 1 1 1 1 1 1 1 1 1 1 1 1 1 1 1 1 1 1 1 1 1 1 1 1 1 1 1 1 1 1 1 1 1 1 1 1 1 1 1 1 1 1 1 1 1 1 1 1 1 1 1 1 1 1 1 1 1 1 1 1 1 1 1 1 1 1 1 1 1 1 1 1 1 1 1 1 1 1 1 1 1 1 1 1 1 1 1 1 1 1 1 1 1 1 1 1 1 1 1 1 1 1 1 1 1 1 1 1 1
binNumber 10000
binClassNumber 1
binClass_widthVector 140
binClass_lengthVector 140
binClass_disponibility 1000
itemClass_weight 4800 5120 960 640 2400 800 1440 3040 3200 3150 9000 1800 2250 750 600 300 1050 2100 1950 1950 600 1350 5250 4200 3750 1350 600 3040 3840 5920 320 800 2080 2240 1280 2880 1650 750 150 1050 2550 3750 1200 6300 3600 450 1800 1050 6600 3000 1800 2100 450 3750 150 5400 4050 150 3750 1500 4200 750 1050 2560 1920 800 1920 6560 320 2400 4320 1600 4420 2380 170 1700 5440 2040 1530 2550 3570 688 835 5177 5478 648 870 1062 1050 3480 5600 875 810 5425 5250 2625 1660 855 3340 492 1710 3211 1344 2380 990 3360 672 2595 3114 855 704 815 1183 507 3168 684 5577 4988 1539 865 5220 5742 815 5394 688 5332 2800 5075 2988 1392 972 5709 2535 1176 2595 2832 1408 668 5332 850
