itemNumber 170
itemClassNumber 170
itemClass_widthVector 16 15 14 13 12 11 10 9 8 7 18 17 16 15 14 13 12 11 10 9 15 14 13 12 11 10 9 8 7 6 18 17 16 15 14 13 12 11 10 9 19 18 17 16 15 14 13 12 11 10 16 15 14 13 12 11 10 9 8 7 16 15 14 13 12 11 10 9 8 7 18 17 16 15 14 13 12 11 10 9 19 18 17 16 15 14 13 12 11 10 15 14 13 12 11 10 9 8 7 6 18 9 12 12 13 13 14 12 13 15 9 15 17 12 17 17 10 10 14 10 15 17 10 14 15 10 14 13 12 15 9 13 10 15 13 14 11 9 9 14 9 17 14 11 12 14 16 16 15 14 18 12 9 18 16 15 9 16 16 12 17 14 13 17 14 11 12 9 12 12
itemClass_lengthVector 27 6 19 2 28 24 10 6 27 21 9 13 3 24 3 13 1 7 6 91 36 4 31 1 14 29 39 10 2 4 14 7 9 15 5 26 36 21 23 14 19 3 2 4 38 12 8 61 18 5 26 2 23 5 2 4 9 29 8 62 25 24 4 23 4 14 10 56 3 7 3 15 8 29 64 2 15 5 7 22 13 8 52 20 11 10 36 4 5 11 14 38 1 6 16 12 11 18 44 10 26 26 11 10 29 28 2 25 29 2 28 18 28 24 5 5 5 6 29 6 18 5 5 3 3 5 3 27 9 20 28 28 6 18 27 1 10 26 26 28 27 26 3 9 11 28 6 7 20 2 26 11 26 26 18 19 27 5 20 25 27 29 27 5 28 11 9 28 25 9
itemClass_demand 1 1 1 1 1 1 1 1 1 1 1 1 1 1 1 1 1 1 1 1 1 1 1 1 1 1 1 1 1 1 1 1 1 1 1 1 1 1 1 1 1 1 1 1 1 1 1 1 1 1 1 1 1 1 1 1 1 1 1 1 1 1 1 1 1 1 1 1 1 1 1 1 1 1 1 1 1 1 1 1 1 1 1 1 1 1 1 1 1 1 1 1 1 1 1 1 1 1 1 1 1 1 1 1 1 1 1 1 1 1 1 1 1 1 1 1 1 1 1 1 1 1 1 1 1 1 1 1 1 1 1 1 1 1 1 1 1 1 1 1 1 1 1 1 1 1 1 1 1 1 1 1 1 1 1 1 1 1 1 1 1 1 1 1 1 1 1 1 1 1
binNumber 10000
binClassNumber 1
binClass_widthVector 170
binClass_lengthVector 170
binClass_disponibility 1000
itemClass_weight 4320 960 3040 320 4480 3840 1600 960 4320 3360 1620 2340 540 4320 540 2340 180 1260 1080 16380 5400 600 4650 150 2100 4350 5850 1500 300 600 2520 1260 1620 2700 900 4680 6480 3780 4140 2520 3610 570 380 760 7220 2280 1520 11590 3420 950 4160 320 3680 800 320 640 1440 4640 1280 9920 4000 3840 640 3680 640 2240 1600 8960 480 1120 540 2700 1440 5220 11520 360 2700 900 1260 3960 2470 1520 9880 3800 2090 1900 6840 760 950 2090 2100 5700 150 900 2400 1800 1650 2700 6600 1500 4472 4368 1848 1770 5104 4900 344 4100 5133 334 4928 3042 4648 4104 845 815 880 990 4814 990 3060 865 820 510 522 885 516 4617 1593 3320 4592 4676 972 3168 4563 175 1660 4238 4186 4760 4644 4316 525 1503 1793 4788 990 1204 3320 328 4602 1881 4212 4316 2970 3154 4509 805 3400 4225 4617 5075 4374 870 4564 1771 1449 4508 4400 1593
