itemNumber 170
itemClassNumber 170
itemClass_widthVector 15 14 13 12 11 10 9 8 7 6 18 17 16 15 14 13 12 11 10 9 15 14 13 12 11 10 9 8 7 6 19 18 17 16 15 14 13 12 11 10 15 14 13 12 11 10 9 8 7 6 18 17 16 15 14 13 12 11 10 9 16 15 14 13 12 11 10 9 8 7 19 18 17 16 15 14 13 12 11 10 17 16 15 14 13 12 11 10 9 8 18 17 16 15 14 13 12 11 10 9 15 8 15 15 8 9 9 9 8 12 10 14 16 15 15 15 9 16 13 13 8 15 15 9 12 16 12 9 15 17 17 14 14 12 8 8 13 17 10 10 13 10 9 17 13 15 16 14 15 14 12 13 16 14 17 12 12 9 11 13 8 15 10 9 16 12 13 8 17 12
itemClass_lengthVector 6 22 10 29 2 11 4 22 47 17 26 51 25 7 4 16 18 2 20 1 2 25 4 86 1 5 11 7 12 17 30 3 35 5 24 7 12 6 46 2 5 13 8 82 8 3 1 10 39 1 18 11 11 12 58 11 38 4 4 3 7 10 34 3 18 4 44 15 33 2 11 15 4 37 31 20 2 12 20 18 12 12 52 6 11 1 18 6 34 18 10 2 12 12 76 20 19 2 4 13 9 47 23 10 47 21 21 22 47 3 4 10 22 23 22 11 22 21 3 29 47 21 21 22 1 6 11 21 10 5 7 9 11 1 48 46 29 5 4 5 3 5 21 7 28 10 23 11 10 10 11 3 5 9 7 12 12 22 11 1 47 10 4 21 7 10 3 48 5 11
itemClass_demand 1 1 1 1 1 1 1 1 1 1 1 1 1 1 1 1 1 1 1 1 1 1 1 1 1 1 1 1 1 1 1 1 1 1 1 1 1 1 1 1 1 1 1 1 1 1 1 1 1 1 1 1 1 1 1 1 1 1 1 1 1 1 1 1 1 1 1 1 1 1 1 1 1 1 1 1 1 1 1 1 1 1 1 1 1 1 1 1 1 1 1 1 1 1 1 1 1 1 1 1 1 1 1 1 1 1 1 1 1 1 1 1 1 1 1 1 1 1 1 1 1 1 1 1 1 1 1 1 1 1 1 1 1 1 1 1 1 1 1 1 1 1 1 1 1 1 1 1 1 1 1 1 1 1 1 1 1 1 1 1 1 1 1 1 1 1 1 1 1 1
binNumber 10000
binClassNumber 1
binClass_widthVector 170
binClass_lengthVector 170
binClass_disponibility 1000
itemClass_weight 900 3300 1500 4350 300 1650 600 3300 7050 2550 4680 9180 4500 1260 720 2880 3240 360 3600 180 300 3750 600 12900 150 750 1650 1050 1800 2550 5700 570 6650 950 4560 1330 2280 1140 8740 380 750 1950 1200 12300 1200 450 150 1500 5850 150 3240 1980 1980 2160 10440 1980 6840 720 720 540 1120 1600 5440 480 2880 640 7040 2400 5280 320 2090 2850 760 7030 5890 3800 380 2280 3800 3420 2040 2040 8840 1020 1870 170 3060 1020 5780 3060 1800 360 2160 2160 13680 3600 3420 360 720 2340 1440 7614 3657 1580 7144 3213 3339 3344 7426 462 632 1660 3630 3634 3652 1749 3410 3171 483 4437 7238 3465 3423 3542 152 924 1749 3192 1610 765 1106 1467 1727 166 7536 7452 4553 800 612 825 495 770 3255 1099 4536 1620 3496 1826 1650 1600 1793 489 810 1395 1071 1992 1968 3366 1727 159 7567 1520 612 3486 1099 1650 468 7968 785 1661
