itemNumber 130
itemClassNumber 130
itemClass_widthVector 14 13 12 11 10 9 8 7 6 15 14 13 12 11 10 9 8 7 13 12 11 10 9 8 7 6 5 17 16 15 14 13 12 11 10 9 14 13 12 11 10 9 8 7 6 14 13 12 11 10 9 8 7 6 15 14 13 12 11 10 9 8 7 14 13 12 11 10 9 8 7 6 14 13 12 11 10 9 8 7 6 11 9 10 11 8 13 9 12 16 15 10 10 15 15 12 10 13 11 16 15 8 8 10 12 10 12 12 15 14 14 10 8 8 12 14 8 8 13 11 13 14 9 13 11 12 8 13 13 11
itemClass_lengthVector 6 7 33 22 1 11 2 29 19 13 24 11 22 2 8 21 10 19 7 16 1 53 19 6 8 1 19 2 6 17 19 6 40 7 21 12 12 2 12 6 6 12 56 12 12 5 12 14 17 19 21 2 39 1 6 12 13 16 9 10 5 54 5 9 4 40 44 1 10 11 7 4 8 3 4 26 30 1 53 3 2 2 3 11 1 30 34 2 23 6 7 12 10 7 6 1 11 23 1 5 6 29 29 10 23 10 21 22 6 32 34 10 29 30 22 6 28 30 32 2 22 33 2 21 2 23 29 22 34 2
itemClass_demand 1 1 1 1 1 1 1 1 1 1 1 1 1 1 1 1 1 1 1 1 1 1 1 1 1 1 1 1 1 1 1 1 1 1 1 1 1 1 1 1 1 1 1 1 1 1 1 1 1 1 1 1 1 1 1 1 1 1 1 1 1 1 1 1 1 1 1 1 1 1 1 1 1 1 1 1 1 1 1 1 1 1 1 1 1 1 1 1 1 1 1 1 1 1 1 1 1 1 1 1 1 1 1 1 1 1 1 1 1 1 1 1 1 1 1 1 1 1 1 1 1 1 1 1 1 1 1 1 1 1
binNumber 10000
binClassNumber 1
binClass_widthVector 130
binClass_lengthVector 130
binClass_disponibility 1000
itemClass_weight 840 980 4620 3080 140 1540 280 4060 2660 1950 3600 1650 3300 300 1200 3150 1500 2850 910 2080 130 6890 2470 780 1040 130 2470 340 1020 2890 3230 1020 6800 1190 3570 2040 1680 280 1680 840 840 1680 7840 1680 1680 700 1680 1960 2380 2660 2940 280 5460 140 900 1800 1950 2400 1350 1500 750 8100 750 1260 560 5600 6160 140 1400 1540 980 560 1120 420 560 3640 4200 140 7420 420 280 304 429 1584 146 4620 5032 294 3266 864 1008 1788 1490 994 894 150 1705 3473 144 725 852 4147 4263 1450 3565 1450 3234 3256 924 4672 4828 1430 4263 4380 3410 924 4200 4530 4800 300 3256 4917 306 3171 300 3358 4350 3212 4794 286
