itemNumber 190
itemClassNumber 190
itemClass_widthVector 17 16 15 14 13 12 11 10 9 8 21 20 19 18 17 16 15 14 13 12 20 19 18 17 16 15 14 13 12 11 17 16 15 14 13 12 11 10 9 8 19 18 17 16 15 14 13 12 11 10 20 19 18 17 16 15 14 13 12 11 19 18 17 16 15 14 13 12 11 10 20 19 18 17 16 15 14 13 12 11 17 16 15 14 13 12 11 10 9 8 20 19 18 17 16 15 14 13 12 11 10 13 18 19 16 15 18 15 15 11 10 10 17 10 15 17 17 18 10 11 16 17 10 16 13 13 12 19 17 10 19 13 18 14 15 14 11 12 10 17 10 17 19 14 10 10 19 17 12 14 10 10 13 12 12 11 14 14 15 15 17 13 11 10 12 15 14 16 17 12 18 14 19 12 11 14 13 15 12 13 10 16 14 17 13 12 17 10 18 18
itemClass_lengthVector 4 46 10 7 54 18 2 1 42 6 8 61 9 22 10 12 31 30 2 5 78 12 9 9 4 18 17 14 12 17 17 1 5 9 41 16 17 18 40 26 2 8 10 8 33 11 8 50 12 48 36 61 2 19 16 10 9 12 10 15 6 29 46 16 10 42 2 7 4 28 46 19 12 5 13 22 35 2 7 29 48 9 5 7 11 4 45 39 6 16 9 22 25 2 12 46 20 10 21 23 42 2 4 4 6 55 47 6 7 2 42 43 46 42 6 45 9 4 43 1 9 46 43 10 3 18 1 5 9 42 4 3 3 55 7 18 2 3 41 9 41 9 3 53 43 43 5 45 2 19 42 41 3 1 2 2 53 17 53 54 11 18 2 41 3 6 53 9 9 1 46 18 4 2 1 17 1 53 1 19 42 11 19 47 3 1 45 43 46 3
itemClass_demand 1 1 1 1 1 1 1 1 1 1 1 1 1 1 1 1 1 1 1 1 1 1 1 1 1 1 1 1 1 1 1 1 1 1 1 1 1 1 1 1 1 1 1 1 1 1 1 1 1 1 1 1 1 1 1 1 1 1 1 1 1 1 1 1 1 1 1 1 1 1 1 1 1 1 1 1 1 1 1 1 1 1 1 1 1 1 1 1 1 1 1 1 1 1 1 1 1 1 1 1 1 1 1 1 1 1 1 1 1 1 1 1 1 1 1 1 1 1 1 1 1 1 1 1 1 1 1 1 1 1 1 1 1 1 1 1 1 1 1 1 1 1 1 1 1 1 1 1 1 1 1 1 1 1 1 1 1 1 1 1 1 1 1 1 1 1 1 1 1 1 1 1 1 1 1 1 1 1 1 1 1 1 1 1 1 1 1 1 1 1
binNumber 10000
binClassNumber 1
binClass_widthVector 190
binClass_lengthVector 190
binClass_disponibility 1000
itemClass_weight 680 7820 1700 1190 9180 3060 340 170 7140 1020 1680 12810 1890 4620 2100 2520 6510 6300 420 1050 15600 2400 1800 1800 800 3600 3400 2800 2400 3400 2890 170 850 1530 6970 2720 2890 3060 6800 4420 380 1520 1900 1520 6270 2090 1520 9500 2280 9120 7200 12200 400 3800 3200 2000 1800 2400 2000 3000 1140 5510 8740 3040 1900 7980 380 1330 760 5320 9200 3800 2400 1000 2600 4400 7000 400 1400 5800 8160 1530 850 1190 1870 680 7650 6630 1020 2720 1800 4400 5000 400 2400 9200 4000 2000 4200 4600 7644 368 708 752 1122 9790 8178 1122 1197 352 7182 7396 8234 7644 1128 8055 1647 716 7396 172 1548 7958 7783 1820 540 3258 188 865 1665 7728 724 555 564 10120 1197 3132 374 543 7626 1548 7503 1566 540 9911 7482 8084 880 8010 358 3458 7686 7216 525 174 374 350 9911 3128 9063 9558 1958 3312 370 7093 555 1062 9487 1611 1584 174 7912 3078 736 354 188 2941 187 9646 174 3534 7560 1936 3306 8507 528 176 8460 7826 8418 558
