itemNumber 90
itemClassNumber 90
itemClass_widthVector 12 11 10 9 8 7 6 12 11 10 9 8 7 6 14 13 12 11 10 9 8 13 12 11 10 9 8 7 14 13 12 11 10 9 8 12 11 10 9 8 7 6 13 12 11 10 9 8 7 10 10 12 14 8 14 10 13 8 12 12 9 10 9 8 12 9 10 12 10 8 14 12 10 12 8 8 14 10 13 14 12 9 9 11 9 14 13 10 8 9
itemClass_lengthVector 24 4 33 4 1 2 22 6 24 23 3 23 10 1 3 9 4 4 1 38 31 10 16 1 4 54 2 3 38 9 6 5 7 4 21 1 8 12 42 1 7 19 14 8 10 8 5 32 13 3 5 3 24 2 24 3 24 3 32 4 1 4 1 1 5 1 4 3 3 2 25 34 3 4 3 3 24 5 4 23 34 1 1 33 1 24 25 5 3 2
itemClass_demand 1 1 1 1 1 1 1 1 1 1 1 1 1 1 1 1 1 1 1 1 1 1 1 1 1 1 1 1 1 1 1 1 1 1 1 1 1 1 1 1 1 1 1 1 1 1 1 1 1 1 1 1 1 1 1 1 1 1 1 1 1 1 1 1 1 1 1 1 1 1 1 1 1 1 1 1 1 1 1 1 1 1 1 1 1 1 1 1 1 1
binNumber 10000
binClassNumber 1
binClass_widthVector 90
binClass_lengthVector 90
binClass_disponibility 1000
itemClass_weight 2880 480 3960 480 120 240 2640 720 2880 2760 360 2760 1200 120 417 1251 556 556 139 5282 4309 1300 2080 130 520 7020 260 390 5282 1251 834 695 973 556 2919 120 960 1440 5040 120 840 2280 1820 1040 1300 1040 650 4160 1690 378 655 387 3192 250 2904 381 2952 363 3872 504 130 516 133 131 625 130 532 366 363 244 3075 4318 369 528 390 399 2928 660 528 2829 4386 129 129 4026 126 2928 3275 655 384 254
