itemNumber 400
itemClassNumber 400
itemClass_widthVector 28 27 26 25 24 23 22 21 20 19 18 17 16 15 14 28 27 26 25 24 23 22 21 20 19 18 17 16 15 14 29 28 27 26 25 24 23 22 21 20 19 18 17 16 15 29 28 27 26 25 24 23 22 21 20 19 18 17 16 15 24 23 22 21 20 19 18 17 16 15 14 13 12 11 10 25 24 23 22 21 20 19 18 17 16 15 14 13 12 11 28 27 26 25 24 23 22 21 20 19 18 17 16 15 14 28 27 26 25 24 23 22 21 20 19 18 17 16 15 14 29 28 27 26 25 24 23 22 21 20 19 18 17 16 15 23 22 21 20 19 18 17 16 15 14 13 12 11 10 9 29 28 27 26 25 24 23 22 21 20 19 18 17 16 15 25 24 23 22 21 20 19 18 17 16 15 14 13 12 11 27 26 25 24 23 22 21 20 19 18 17 16 15 14 13 25 24 23 22 21 20 19 18 17 16 15 14 13 12 11 23 22 21 20 19 18 17 16 15 14 13 12 11 10 9 17 22 16 29 18 19 29 18 22 29 17 23 17 18 24 31 16 24 24 29 30 29 27 30 28 17 22 30 29 20 26 26 21 23 30 16 20 17 23 19 24 27 26 25 28 27 17 24 28 28 22 25 22 19 29 30 27 25 26 19 27 25 30 23 28 27 20 24 28 24 17 30 24 23 18 28 29 28 29 27 17 30 24 27 28 27 24 26 28 20 22 24 17 29 31 26 20 16 29 25 16 24 18 30 22 26 19 18 31 28 26 16 24 31 24 22 20 19 21 28 20 16 25 29 19 16 26 16 29 28 21 20 25 20 26 24 17 27 30 29 26 19 24 19 19 19 25 29 25 30 21 28 19 18 30 18 20 30 24 17 18 29 23 25 29 21 16 17 22 23 18 25 25 25 31
itemClass_lengthVector 39 14 12 38 4 56 1 45 2 20 12 55 23 28 51 12 49 23 29 7 12 5 9 11 163 34 2 6 30 8 27 15 18 5 24 11 15 62 43 4 42 32 14 42 46 7 7 9 21 56 13 19 23 16 89 3 67 10 19 41 2 41 22 7 20 5 58 5 40 30 20 35 40 7 68 6 29 1 15 58 128 4 30 10 15 23 40 16 10 15 2 24 21 24 60 62 9 2 31 53 10 21 17 63 1 4 57 11 1 50 29 28 7 58 33 71 24 17 8 2 67 6 48 47 14 57 10 39 34 6 10 22 17 5 18 44 6 18 7 13 38 7 3 5 15 7 11 165 60 1 35 26 18 13 6 6 45 8 49 23 11 34 52 68 6 6 28 32 10 16 54 26 22 65 3 1 5 37 70 25 49 12 21 38 2 3 16 31 50 7 46 7 22 51 45 1 21 10 5 44 11 26 98 10 70 32 48 4 16 4 1 26 37 29 3 8 11 1 34 69 41 52 14 14 60 23 2 27 40 23 54 39 23 45 38 28 46 29 54 1 40 27 57 1 40 15 40 38 15 15 28 45 40 11 19 38 57 20 44 14 28 21 27 1 11 45 37 4 56 13 39 29 46 13 39 1 3 44 11 13 40 5 4 38 13 39 1 13 44 15 13 19 55 37 1 24 39 1 1 54 15 40 13 38 4 23 13 46 3 38 37 46 37 12 21 44 55 23 38 38 4 20 28 38 56 29 56 22 15 46 57 12 56 40 13 57 27 44 40 46 3 11 56 19 14 21 29 1 13 55 28 56 27 13 12 21 20 56 21 3 44 29 12 40 11 57 12 2 13 11 11 5 38 4 14 2 13 54 55 39 54 11 39 45 23 54 13 46 3 39 19 28 29 44 46 56 4 2 57 39
itemClass_demand 1 1 1 1 1 1 1 1 1 1 1 1 1 1 1 1 1 1 1 1 1 1 1 1 1 1 1 1 1 1 1 1 1 1 1 1 1 1 1 1 1 1 1 1 1 1 1 1 1 1 1 1 1 1 1 1 1 1 1 1 1 1 1 1 1 1 1 1 1 1 1 1 1 1 1 1 1 1 1 1 1 1 1 1 1 1 1 1 1 1 1 1 1 1 1 1 1 1 1 1 1 1 1 1 1 1 1 1 1 1 1 1 1 1 1 1 1 1 1 1 1 1 1 1 1 1 1 1 1 1 1 1 1 1 1 1 1 1 1 1 1 1 1 1 1 1 1 1 1 1 1 1 1 1 1 1 1 1 1 1 1 1 1 1 1 1 1 1 1 1 1 1 1 1 1 1 1 1 1 1 1 1 1 1 1 1 1 1 1 1 1 1 1 1 1 1 1 1 1 1 1 1 1 1 1 1 1 1 1 1 1 1 1 1 1 1 1 1 1 1 1 1 1 1 1 1 1 1 1 1 1 1 1 1 1 1 1 1 1 1 1 1 1 1 1 1 1 1 1 1 1 1 1 1 1 1 1 1 1 1 1 1 1 1 1 1 1 1 1 1 1 1 1 1 1 1 1 1 1 1 1 1 1 1 1 1 1 1 1 1 1 1 1 1 1 1 1 1 1 1 1 1 1 1 1 1 1 1 1 1 1 1 1 1 1 1 1 1 1 1 1 1 1 1 1 1 1 1 1 1 1 1 1 1 1 1 1 1 1 1 1 1 1 1 1 1 1 1 1 1 1 1 1 1 1 1 1 1 1 1 1 1 1 1 1 1 1 1 1 1 1 1 1 1 1 1 1 1 1 1 1 1 1 1 1 1 1 1 1 1 1 1 1 1 1 1 1 1 1 1
binNumber 10000
binClassNumber 1
binClass_widthVector 400
binClass_lengthVector 400
binClass_disponibility 1000
itemClass_weight 10920 3920 3360 10640 1120 15680 280 12600 560 5600 3360 15400 6440 7840 14280 3360 13720 6440 8120 1960 3360 1400 2520 3080 45640 9520 560 1680 8400 2240 7830 4350 5220 1450 6960 3190 4350 17980 12470 1160 12180 9280 4060 12180 13340 2030 2030 2610 6090 16240 3770 5510 6670 4640 25810 870 19430 2900 5510 11890 480 9840 5280 1680 4800 1200 13920 1200 9600 7200 4800 8400 9600 1680 16320 1500 7250 250 3750 14500 32000 1000 7500 2500 3750 5750 10000 4000 2500 3750 560 6720 5880 6720 16800 17360 2520 560 8680 14840 2800 5880 4760 17640 280 1120 15960 3080 280 14000 8120 7840 1960 16240 9240 19880 6720 4760 2240 560 19430 1740 13920 13630 4060 16530 2900 11310 9860 1740 2900 6380 4930 1450 5220 10120 1380 4140 1610 2990 8740 1610 690 1150 3450 1610 2530 37950 13800 230 10150 7540 5220 3770 1740 1740 13050 2320 14210 6670 3190 9860 15080 19720 1740 1500 7000 8000 2500 4000 13500 6500 5500 16250 750 250 1250 9250 17500 6250 13230 3240 5670 10260 540 810 4320 8370 13500 1890 12420 1890 5940 13770 12150 250 5250 2500 1250 11000 2750 6500 24500 2500 17500 8000 12000 1000 4000 1000 230 5980 8510 6670 690 1840 2530 230 7820 15870 9430 11960 3220 3220 13800 6578 574 7695 11880 6716 16362 11349 7061 12645 11286 8092 13018 8932 16686 304 11960 8289 16872 297 12080 4515 11800 11324 4605 4320 8596 13905 11320 3267 5453 10830 17328 5900 13200 4018 8400 5922 7722 281 3124 13005 10656 1152 16912 4017 11505 8265 13478 3848 11856 303 891 12496 3399 3861 11480 1490 1212 10982 3861 11349 292 3809 12540 4230 3692 5377 16280 11359 289 7368 11037 294 307 15714 4305 11640 3783 10982 1200 6693 3887 13248 903 10792 10841 13524 10989 3624 6279 12892 16500 6601 10830 10830 1192 6100 7980 11286 16296 8439 17304 6292 4575 13202 17157 3648 16352 11960 3939 16473 7911 12364 12120 14076 894 3113 16296 5738 4326 6426 8526 290 3939 16940 8232 16184 7857 3848 3444 6384 5980 16856 5985 861 13376 8584 3384 11560 3146 16074 3468 564 3705 3344 3223 1440 10792 1188 4200 576 4004 16362 16665 11427 16470 3201 11778 13500 6532 15606 3939 13892 867 11310 5491 7924 8874 12540 13432 16968 1180 610 16701 11544
