itemNumber 50
itemClassNumber 50
itemClass_widthVector 8 7 6 5 4 3 9 8 7 6 5 4 8 7 6 5 4 3 9 8 7 6 5 4 8 7 6 5 4 3 8 7 6 5 4 3 5 8 7 5 9 9 9 9 8 5 8 9 6 9
itemClass_lengthVector 1 26 2 14 3 4 10 12 17 4 5 2 2 28 9 2 2 7 6 17 4 1 4 18 10 6 8 8 2 16 1 10 20 14 2 3 2 27 1 3 1 2 1 1 25 2 26 1 14 2
itemClass_demand 1 1 1 1 1 1 1 1 1 1 1 1 1 1 1 1 1 1 1 1 1 1 1 1 1 1 1 1 1 1 1 1 1 1 1 1 1 1 1 1 1 1 1 1 1 1 1 1 1 1
binNumber 10000
binClassNumber 1
binClass_widthVector 50
binClass_lengthVector 50
binClass_disponibility 1000
itemClass_weight 80 2080 160 1120 240 320 900 1080 1530 360 450 180 160 2240 720 160 160 560 540 1530 360 90 360 1620 800 480 640 640 160 1280 80 800 1600 1120 160 240 162 2349 87 267 82 168 82 85 2100 164 2262 88 1134 174
