itemNumber 120
itemClassNumber 120
itemClass_widthVector 15 14 13 12 11 10 9 8 15 14 13 12 11 10 9 8 14 13 12 11 10 9 8 7 15 14 13 12 11 10 9 8 15 14 13 12 11 10 9 8 13 12 11 10 9 8 7 6 17 16 15 14 13 12 11 10 16 15 14 13 12 11 10 9 15 16 15 13 10 10 15 11 15 12 10 15 11 14 16 11 10 10 10 15 13 10 14 14 17 13 16 12 14 14 13 14 11 16 11 11 14 11 14 14 17 17 13 13 10 16 10 15 14 10 12 13 16 13 16 15
itemClass_lengthVector 10 4 3 24 17 3 14 45 11 41 11 4 14 23 4 12 21 12 4 3 40 9 9 22 18 18 3 41 3 6 14 17 16 1 72 2 9 11 8 1 11 4 8 15 63 7 6 6 2 8 4 29 29 2 22 24 2 2 17 8 36 1 24 30 3 10 5 23 15 13 4 4 2 3 13 3 2 4 9 4 14 15 15 2 17 13 3 2 9 16 5 16 25 24 16 4 4 4 4 2 23 2 2 3 9 9 23 24 15 4 13 4 24 14 2 17 10 18 3 4
itemClass_demand 1 1 1 1 1 1 1 1 1 1 1 1 1 1 1 1 1 1 1 1 1 1 1 1 1 1 1 1 1 1 1 1 1 1 1 1 1 1 1 1 1 1 1 1 1 1 1 1 1 1 1 1 1 1 1 1 1 1 1 1 1 1 1 1 1 1 1 1 1 1 1 1 1 1 1 1 1 1 1 1 1 1 1 1 1 1 1 1 1 1 1 1 1 1 1 1 1 1 1 1 1 1 1 1 1 1 1 1 1 1 1 1 1 1 1 1 1 1 1 1
binNumber 10000
binClassNumber 1
binClass_widthVector 120
binClass_lengthVector 120
binClass_disponibility 1000
itemClass_weight 1500 600 450 3600 2550 450 2100 6750 1650 6150 1650 600 2100 3450 600 1800 2940 1680 560 420 5600 1260 1260 3080 2700 2700 450 6150 450 900 2100 2550 2400 150 10800 300 1350 1650 1200 150 1430 520 1040 1950 8190 910 780 780 340 1360 680 4930 4930 340 3740 4080 320 320 2720 1280 5760 160 3840 4800 474 1630 825 3611 2445 2041 620 604 324 495 2158 483 318 604 1467 648 2128 2445 2445 306 2686 2145 456 324 1422 2416 810 2528 3950 3840 2544 660 664 620 636 324 3818 310 312 483 1431 1377 3818 3720 2460 664 2041 628 3672 2198 314 2822 1560 2880 489 612
