itemNumber 200
itemClassNumber 200
itemClass_widthVector 17 16 15 14 13 12 11 10 9 8 7 17 16 15 14 13 12 11 10 9 8 7 19 18 17 16 15 14 13 12 11 10 9 19 18 17 16 15 14 13 12 11 10 9 17 16 15 14 13 12 11 10 9 8 7 17 16 15 14 13 12 11 10 9 8 7 20 19 18 17 16 15 14 13 12 11 10 19 18 17 16 15 14 13 12 11 10 9 17 16 15 14 13 12 11 10 9 8 7 20 19 18 17 16 15 14 13 12 11 10 18 17 16 15 14 13 12 11 10 9 8 9 10 19 14 10 16 12 11 18 16 15 16 10 18 12 14 18 13 13 15 13 9 13 17 14 9 14 13 18 16 11 17 14 15 16 10 19 13 13 15 10 9 15 10 14 18 16 12 17 16 15 14 18 18 10 9 15 13 12 9 18 19 13 18 14 10 14 16 17 10 9 14 14 14 12 11 17 14 11
itemClass_lengthVector 31 20 14 3 16 34 16 39 5 18 4 2 55 31 1 15 34 9 5 35 11 2 26 8 71 7 11 9 15 19 10 5 19 24 29 11 27 10 36 3 9 13 4 34 37 49 1 6 9 55 18 5 2 5 13 3 63 38 5 14 33 1 34 6 1 2 20 19 7 9 13 23 44 4 50 6 5 44 45 13 3 27 2 45 3 3 5 10 23 5 7 49 12 17 53 8 4 16 6 98 6 22 4 6 2 26 10 24 1 1 5 29 2 19 9 8 9 57 28 17 17 18 6 32 17 6 14 15 40 21 2 16 3 5 32 15 16 19 34 33 2 35 17 33 14 35 18 33 16 20 3 39 14 34 3 4 6 31 17 35 17 4 19 16 5 15 32 3 39 20 4 2 34 30 30 4 17 3 15 40 18 19 32 35 30 34 4 17 4 14 4 18 33 17 33 15 39 15 17 40
itemClass_demand 1 1 1 1 1 1 1 1 1 1 1 1 1 1 1 1 1 1 1 1 1 1 1 1 1 1 1 1 1 1 1 1 1 1 1 1 1 1 1 1 1 1 1 1 1 1 1 1 1 1 1 1 1 1 1 1 1 1 1 1 1 1 1 1 1 1 1 1 1 1 1 1 1 1 1 1 1 1 1 1 1 1 1 1 1 1 1 1 1 1 1 1 1 1 1 1 1 1 1 1 1 1 1 1 1 1 1 1 1 1 1 1 1 1 1 1 1 1 1 1 1 1 1 1 1 1 1 1 1 1 1 1 1 1 1 1 1 1 1 1 1 1 1 1 1 1 1 1 1 1 1 1 1 1 1 1 1 1 1 1 1 1 1 1 1 1 1 1 1 1 1 1 1 1 1 1 1 1 1 1 1 1 1 1 1 1 1 1 1 1 1 1 1 1 1 1 1 1 1 1
binNumber 10000
binClassNumber 1
binClass_widthVector 200
binClass_lengthVector 200
binClass_disponibility 1000
itemClass_weight 5270 3400 2380 510 2720 5780 2720 6630 850 3060 680 340 9350 5270 170 2550 5780 1530 850 5950 1870 340 4940 1520 13490 1330 2090 1710 2850 3610 1900 950 3610 4560 5510 2090 5130 1900 6840 570 1710 2470 760 6460 6290 8330 170 1020 1530 9350 3060 850 340 850 2210 510 10710 6460 850 2380 5610 170 5780 1020 170 340 4000 3800 1400 1800 2600 4600 8800 800 10000 1200 1000 8360 8550 2470 570 5130 380 8550 570 570 950 1900 3910 850 1190 8330 2040 2890 9010 1360 680 2720 1020 19600 1200 4400 800 1200 400 5200 2000 4800 200 200 900 5220 360 3420 1620 1440 1620 10260 5040 3060 3060 3096 1122 5760 3009 1026 2478 2565 7400 3906 362 2800 564 885 5600 2790 2976 3325 6256 5940 350 5985 3196 5874 2632 6545 3240 6006 3008 3500 534 7254 2562 6120 549 688 1092 5363 3162 6440 3026 692 3439 2896 880 2715 5856 522 6825 3580 736 368 6018 5280 5490 748 3111 549 2655 7400 3312 3344 5600 5985 5400 6290 732 2941 692 2492 748 3294 5742 2924 5841 2625 6708 2730 3111 7280
