itemNumber 300
itemClassNumber 300
itemClass_widthVector 24 23 22 21 20 19 18 17 16 15 14 13 12 23 22 21 20 19 18 17 16 15 14 13 12 11 24 23 22 21 20 19 18 17 16 15 14 13 12 23 22 21 20 19 18 17 16 15 14 13 12 11 22 21 20 19 18 17 16 15 14 13 12 11 10 24 23 22 21 20 19 18 17 16 15 14 13 12 20 19 18 17 16 15 14 13 12 11 10 9 8 23 22 21 20 19 18 17 16 15 14 13 12 11 24 23 22 21 20 19 18 17 16 15 14 13 12 23 22 21 20 19 18 17 16 15 14 13 12 11 23 22 21 20 19 18 17 16 15 14 13 12 11 25 24 23 22 21 20 19 18 17 16 15 14 13 22 21 20 19 18 17 16 15 14 13 12 11 10 15 23 23 16 20 15 26 15 23 15 21 18 16 23 16 16 20 15 20 17 21 21 24 21 21 21 17 18 19 19 14 21 22 15 19 20 24 15 19 25 16 15 21 19 19 23 18 16 24 17 22 23 19 17 22 20 18 17 20 21 23 18 26 22 21 24 24 17 17 25 19 21 26 19 17 25 20 16 17 25 15 26 15 25 20 21 22 16 18 20 15 19 26 23 25 18 15 16 16 15 16 24 14 18 19 17 16 20 16 17 25 17 25 18 17 15 23 20 23 22 14 17 15 21 25 15 19 25 24 16 15
itemClass_lengthVector 1 30 8 36 9 19 5 66 15 37 60 10 4 27 16 41 4 109 9 9 26 4 15 25 1 14 14 1 2 75 22 77 5 25 36 5 4 28 6 27 80 16 22 29 3 12 45 2 8 3 17 36 13 47 1 19 38 9 17 22 19 73 12 10 20 2 12 1 53 3 53 7 6 9 70 51 19 14 9 7 4 18 42 3 20 92 3 15 61 15 11 16 27 4 26 18 2 15 52 6 5 17 36 76 76 8 20 9 31 8 19 17 34 16 19 8 35 9 60 1 18 28 13 29 7 20 60 11 23 21 87 7 41 39 20 1 2 8 4 3 6 35 47 7 5 41 31 4 7 3 3 51 8 27 93 20 11 4 38 27 63 45 4 16 11 33 13 16 19 61 37 36 61 4 60 30 60 35 10 19 66 61 36 38 60 19 11 20 38 19 20 9 20 18 20 15 14 65 65 9 10 37 10 66 5 35 10 5 31 60 11 18 4 65 7 15 36 36 15 37 8 65 14 8 19 16 15 19 18 36 16 31 10 9 29 31 16 15 2 67 18 1 4 37 31 5 37 38 1 61 29 10 1 19 20 37 60 14 6 59 67 29 35 30 67 60 38 36 9 38 36 9 67 65 16 60 4 38 36 7 14 1 14 14 61 8 4 7 9 10 36 9 19 30 10 66 29 7 61 60
itemClass_demand 1 1 1 1 1 1 1 1 1 1 1 1 1 1 1 1 1 1 1 1 1 1 1 1 1 1 1 1 1 1 1 1 1 1 1 1 1 1 1 1 1 1 1 1 1 1 1 1 1 1 1 1 1 1 1 1 1 1 1 1 1 1 1 1 1 1 1 1 1 1 1 1 1 1 1 1 1 1 1 1 1 1 1 1 1 1 1 1 1 1 1 1 1 1 1 1 1 1 1 1 1 1 1 1 1 1 1 1 1 1 1 1 1 1 1 1 1 1 1 1 1 1 1 1 1 1 1 1 1 1 1 1 1 1 1 1 1 1 1 1 1 1 1 1 1 1 1 1 1 1 1 1 1 1 1 1 1 1 1 1 1 1 1 1 1 1 1 1 1 1 1 1 1 1 1 1 1 1 1 1 1 1 1 1 1 1 1 1 1 1 1 1 1 1 1 1 1 1 1 1 1 1 1 1 1 1 1 1 1 1 1 1 1 1 1 1 1 1 1 1 1 1 1 1 1 1 1 1 1 1 1 1 1 1 1 1 1 1 1 1 1 1 1 1 1 1 1 1 1 1 1 1 1 1 1 1 1 1 1 1 1 1 1 1 1 1 1 1 1 1 1 1 1 1 1 1 1 1 1 1 1 1 1 1 1 1 1 1 1 1 1 1 1 1 1 1 1 1 1 1
binNumber 10000
binClassNumber 1
binClass_widthVector 300
binClass_lengthVector 300
binClass_disponibility 1000
itemClass_weight 240 7200 1920 8640 2160 4560 1200 15840 3600 8880 14400 2400 960 6210 3680 9430 920 25070 2070 2070 5980 920 3450 5750 230 3220 3360 240 480 18000 5280 18480 1200 6000 8640 1200 960 6720 1440 6210 18400 3680 5060 6670 690 2760 10350 460 1840 690 3910 8280 2860 10340 220 4180 8360 1980 3740 4840 4180 16060 2640 2200 4400 480 2880 240 12720 720 12720 1680 1440 2160 16800 12240 4560 3360 1800 1400 800 3600 8400 600 4000 18400 600 3000 12200 3000 2200 3680 6210 920 5980 4140 460 3450 11960 1380 1150 3910 8280 17480 18240 1920 4800 2160 7440 1920 4560 4080 8160 3840 4560 1920 8400 2070 13800 230 4140 6440 2990 6670 1610 4600 13800 2530 5290 4830 20010 1610 9430 8970 4600 230 460 1840 920 690 1380 8050 10810 1750 1250 10250 7750 1000 1750 750 750 12750 2000 6750 23250 5000 2420 880 8360 5940 13860 9900 880 3520 2420 7260 2860 3520 4180 15799 9657 9144 15128 968 15000 7350 14820 8890 2650 5035 17160 14823 8964 9804 14940 4636 2706 5200 9614 4788 4860 2223 5200 4518 4840 3930 3444 15990 15795 2223 2610 9472 2450 16830 1315 8995 2520 1205 7843 14700 2849 4572 968 16120 1855 3750 8820 8964 3675 9176 2064 16900 3556 2024 4617 4128 3855 4579 4500 8964 4112 7502 2630 2349 7105 7595 3936 3795 500 17621 4770 265 964 9250 7812 1210 9250 9310 258 14884 7134 2490 252 4959 4940 9028 14760 3612 1482 15163 16415 7366 9100 7860 17018 14760 9918 9288 2349 9196 9216 2187 16415 16705 4112 14580 1032 9652 9252 1778 3668 264 3500 3570 15677 1968 964 1687 2250 2620 9360 2286 4636 7440 2650 15906 6989 1792 16043 14580
