itemNumber 80
itemClassNumber 80
itemClass_widthVector 13 12 11 10 9 8 7 10 9 8 7 6 5 4 12 11 10 9 8 7 6 11 10 9 8 7 6 5 13 12 11 10 9 8 7 10 9 8 7 6 5 4 11 10 9 8 7 6 5 15 10 11 10 11 9 12 11 12 15 15 14 12 12 9 12 13 14 15 14 14 13 13 13 10 15 9 9 10 9 10
itemClass_lengthVector 5 16 15 24 3 4 13 18 19 9 3 5 24 2 6 25 18 8 18 4 1 9 32 15 2 3 10 9 10 1 28 25 5 9 2 22 3 20 9 2 2 22 22 1 16 3 3 17 18 5 2 25 3 23 4 25 24 23 4 4 15 23 25 4 16 16 17 5 17 6 14 16 16 2 6 5 5 3 3 3
itemClass_demand 1 1 1 1 1 1 1 1 1 1 1 1 1 1 1 1 1 1 1 1 1 1 1 1 1 1 1 1 1 1 1 1 1 1 1 1 1 1 1 1 1 1 1 1 1 1 1 1 1 1 1 1 1 1 1 1 1 1 1 1 1 1 1 1 1 1 1 1 1 1 1 1 1 1 1 1 1 1 1 1
binNumber 10000
binClassNumber 1
binClass_widthVector 80
binClass_lengthVector 80
binClass_disponibility 1000
itemClass_weight 650 2080 1950 3120 390 520 1690 1800 1900 900 300 500 2400 200 720 3000 2160 960 2160 480 120 990 3520 1650 220 330 1100 990 1300 130 3640 3250 650 1170 260 2200 300 2000 900 200 200 2200 2420 110 1760 330 330 1870 1980 685 288 3550 420 3174 532 3475 3336 3312 556 528 2160 3312 3400 548 2272 2256 2227 720 2244 864 1862 2288 2112 268 828 690 675 423 411 432
