itemNumber 90
itemClassNumber 90
itemClass_widthVector 12 11 10 9 8 7 6 12 11 10 9 8 7 6 12 11 10 9 8 7 6 14 13 12 11 10 9 8 12 11 10 9 8 7 6 14 13 12 11 10 9 8 14 13 12 11 10 9 8 14 12 13 8 12 8 13 13 11 10 10 13 13 9 12 12 13 13 12 8 13 11 9 8 13 10 8 13 12 9 12 8 9 9 8 9 8 8 11 10 10
itemClass_lengthVector 5 23 5 7 35 3 12 4 37 6 2 6 5 30 18 5 24 19 6 15 3 21 11 20 8 8 16 6 29 30 4 9 1 12 5 27 13 7 16 3 22 2 14 16 5 32 9 12 2 5 24 4 2 22 2 4 5 5 8 8 22 5 35 4 6 6 5 22 2 24 4 36 3 4 6 2 4 22 36 6 2 34 36 3 34 3 3 4 6 7
itemClass_demand 1 1 1 1 1 1 1 1 1 1 1 1 1 1 1 1 1 1 1 1 1 1 1 1 1 1 1 1 1 1 1 1 1 1 1 1 1 1 1 1 1 1 1 1 1 1 1 1 1 1 1 1 1 1 1 1 1 1 1 1 1 1 1 1 1 1 1 1 1 1 1 1 1 1 1 1 1 1 1 1 1 1 1 1 1 1 1 1 1 1
binNumber 10000
binClassNumber 1
binClass_widthVector 90
binClass_lengthVector 90
binClass_disponibility 1000
itemClass_weight 600 2760 600 840 4200 360 1440 480 4440 720 240 720 600 3600 2160 600 2880 2280 720 1800 360 2919 1529 2780 1112 1112 2224 834 3480 3600 480 1080 120 1440 600 3753 1807 973 2224 417 3058 278 1946 2224 695 4448 1251 1668 278 615 2928 484 250 2838 260 484 625 625 1000 1024 2684 645 4515 500 786 786 615 2816 248 2928 520 4500 387 508 774 244 532 2662 4608 744 254 4318 4392 363 4250 363 366 532 786 910
