itemNumber 60
itemClassNumber 60
itemClass_widthVector 11 10 9 8 7 6 10 9 8 7 6 5 11 10 9 8 7 6 9 8 7 6 5 4 8 7 6 5 4 3 11 10 9 8 7 6 8 10 10 11 13 8 11 9 12 10 9 12 13 9 11 8 9 11 11 11 8 8 12 10
itemClass_lengthVector 7 5 28 1 10 9 11 18 11 2 6 12 2 19 9 9 11 10 6 12 12 12 1 17 2 3 2 30 13 10 1 13 30 11 4 1 11 28 27 4 7 9 6 1 4 27 2 4 8 1 6 10 1 5 5 6 9 9 6 27
itemClass_demand 1 1 1 1 1 1 1 1 1 1 1 1 1 1 1 1 1 1 1 1 1 1 1 1 1 1 1 1 1 1 1 1 1 1 1 1 1 1 1 1 1 1 1 1 1 1 1 1 1 1 1 1 1 1 1 1 1 1 1 1
binNumber 10000
binClassNumber 1
binClass_widthVector 60
binClass_lengthVector 60
binClass_disponibility 1000
itemClass_weight 770 550 3080 110 1100 990 1100 1800 1100 200 600 1200 220 2090 990 990 1210 1100 540 1080 1080 1080 90 1530 160 240 160 2400 1040 800 110 1430 3300 1210 440 110 1331 3220 3024 444 791 1071 702 117 480 3051 222 460 920 112 666 1200 120 605 600 678 1062 999 714 3105
