itemNumber 110
itemClassNumber 110
itemClass_widthVector 15 14 13 12 11 10 9 8 13 12 11 10 9 8 7 6 16 15 14 13 12 11 10 9 13 12 11 10 9 8 7 6 13 12 11 10 9 8 7 6 13 12 11 10 9 8 7 6 14 13 12 11 10 9 8 7 13 12 11 10 9 8 7 6 15 13 14 13 11 10 13 11 17 16 16 14 10 12 13 14 16 12 12 15 12 15 11 10 13 17 16 10 16 14 13 11 13 16 10 13 15 12 11 16 13 15 10 12 12 10
itemClass_lengthVector 5 4 3 16 26 2 9 45 6 1 11 11 9 16 18 38 8 1 18 44 2 7 12 18 11 13 8 42 16 10 2 8 6 14 2 22 10 9 34 13 8 1 26 26 25 4 4 16 8 7 7 6 36 15 20 11 18 18 16 4 2 13 34 5 3 17 2 26 3 10 16 2 4 5 6 4 8 2 15 16 4 2 25 5 1 4 1 9 26 5 5 10 4 15 17 2 17 4 10 17 3 26 2 4 15 2 10 26 2 10
itemClass_demand 1 1 1 1 1 1 1 1 1 1 1 1 1 1 1 1 1 1 1 1 1 1 1 1 1 1 1 1 1 1 1 1 1 1 1 1 1 1 1 1 1 1 1 1 1 1 1 1 1 1 1 1 1 1 1 1 1 1 1 1 1 1 1 1 1 1 1 1 1 1 1 1 1 1 1 1 1 1 1 1 1 1 1 1 1 1 1 1 1 1 1 1 1 1 1 1 1 1 1 1 1 1 1 1 1 1 1 1 1 1
binNumber 10000
binClassNumber 1
binClass_widthVector 110
binClass_lengthVector 110
binClass_disponibility 1000
itemClass_weight 750 600 450 2400 3900 300 1350 6750 780 130 1430 1430 1170 2080 2340 4940 1280 160 2880 7040 320 1120 1920 2880 1430 1690 1040 5460 2080 1300 260 1040 780 1820 260 2860 1300 1170 4420 1690 1040 130 3380 3380 3250 520 520 2080 1120 980 980 840 5040 2100 2800 1540 2340 2340 2080 520 260 1690 4420 650 453 2703 328 4030 495 1630 2656 314 624 770 924 612 1240 324 2490 2560 644 312 4050 800 162 644 158 1413 3926 795 825 1620 632 2355 2822 308 2822 612 1650 2652 465 4316 310 620 2265 316 1590 3952 328 1550
