itemNumber 90
itemClassNumber 90
itemClass_widthVector 13 12 11 10 9 8 7 12 11 10 9 8 7 6 14 13 12 11 10 9 8 13 12 11 10 9 8 7 14 13 12 11 10 9 8 12 11 10 9 8 7 6 12 11 10 9 8 7 6 12 14 13 15 13 10 10 9 10 9 11 12 13 14 12 15 13 12 15 14 10 9 9 15 13 13 9 10 10 14 13 9 9 13 10 15 13 15 14 13 9
itemClass_lengthVector 2 34 12 1 13 21 7 8 2 16 1 17 30 16 15 3 37 2 13 15 5 50 11 1 15 1 8 4 15 16 2 7 3 44 3 4 2 23 26 12 20 3 5 31 9 11 8 14 12 2 34 35 2 33 12 12 21 14 21 2 13 13 35 11 1 33 1 2 2 13 21 22 1 34 11 22 12 14 33 11 20 20 33 13 3 34 2 35 35 21
itemClass_demand 1 1 1 1 1 1 1 1 1 1 1 1 1 1 1 1 1 1 1 1 1 1 1 1 1 1 1 1 1 1 1 1 1 1 1 1 1 1 1 1 1 1 1 1 1 1 1 1 1 1 1 1 1 1 1 1 1 1 1 1 1 1 1 1 1 1 1 1 1 1 1 1 1 1 1 1 1 1 1 1 1 1 1 1 1 1 1 1 1 1
binNumber 10000
binClassNumber 1
binClass_widthVector 90
binClass_lengthVector 90
binClass_disponibility 1000
itemClass_weight 260 4420 1560 130 1690 2730 910 960 240 1920 120 2040 3600 1920 2085 417 5143 278 1807 2085 695 6500 1430 130 1950 130 1040 520 2085 2224 278 973 417 6116 417 480 240 2760 3120 1440 2400 360 600 3720 1080 1320 960 1680 1440 268 4522 4900 266 4422 1668 1632 2814 1932 2961 276 1755 1846 4865 1562 137 4521 143 280 280 1833 2751 2882 139 4828 1485 3080 1668 1960 4488 1463 2700 2720 4554 1729 414 4556 270 4725 4865 2919
