itemNumber 700
itemClassNumber 700
itemClass_widthVector 37 36 35 34 33 32 31 30 29 28 27 26 25 24 23 22 21 20 19 38 37 36 35 34 33 32 31 30 29 28 27 26 25 24 23 22 21 20 35 34 33 32 31 30 29 28 27 26 25 24 23 22 21 20 19 18 17 39 38 37 36 35 34 33 32 31 30 29 28 27 26 25 24 23 22 21 41 40 39 38 37 36 35 34 33 32 31 30 29 28 27 26 25 24 23 36 35 34 33 32 31 30 29 28 27 26 25 24 23 22 21 20 19 18 35 34 33 32 31 30 29 28 27 26 25 24 23 22 21 20 19 18 17 35 34 33 32 31 30 29 28 27 26 25 24 23 22 21 20 19 18 17 34 33 32 31 30 29 28 27 26 25 24 23 22 21 20 19 18 17 16 39 38 37 36 35 34 33 32 31 30 29 28 27 26 25 24 23 22 21 38 37 36 35 34 33 32 31 30 29 28 27 26 25 24 23 22 21 20 34 33 32 31 30 29 28 27 26 25 24 23 22 21 20 19 18 17 16 37 36 35 34 33 32 31 30 29 28 27 26 25 24 23 22 21 20 19 39 38 37 36 35 34 33 32 31 30 29 28 27 26 25 24 23 22 21 38 37 36 35 34 33 32 31 30 29 28 27 26 25 24 23 22 21 20 35 34 33 32 31 30 29 28 27 26 25 24 23 22 21 20 19 18 17 35 34 33 32 31 30 29 28 27 26 25 24 23 22 21 20 19 18 17 38 37 36 35 34 33 32 31 30 29 28 27 26 25 24 23 22 21 20 37 36 35 34 33 32 31 30 29 28 27 26 25 24 23 22 21 20 19 32 31 37 40 32 38 33 40 23 38 32 39 37 29 35 35 27 36 26 33 21 24 35 35 32 28 35 31 38 34 34 29 38 26 27 22 24 40 26 28 37 26 40 37 28 31 30 25 32 30 38 25 26 35 29 34 37 25 29 27 21 29 32 30 32 37 31 34 33 41 29 36 30 28 37 24 36 26 24 33 26 26 33 41 29 34 28 34 36 41 23 32 28 41 36 33 33 35 30 29 25 25 36 23 38 37 34 23 32 21 25 28 38 23 39 27 28 39 24 25 36 22 25 39 41 23 36 26 32 35 31 38 30 38 25 27 36 35 37 22 25 29 21 33 31 25 27 28 24 38 35 37 27 23 35 36 25 23 27 26 34 35 22 23 35 25 28 26 33 24 37 38 39 31 37 32 37 25 22 40 24 25 28 33 30 38 35 38 34 33 34 32 35 31 39 30 39 24 30 31 22 26 32 39 22 25 40 35 33 23 35 26 27 35 36 31 34 32 41 27 30 29 38 22 26 23 26 33 37 23 35 37 29 27 26 29 36 24 32 33 30 23 37 22 37 33 33 37 40 25 34 36 23 24 27 38 29 40 23 25 24 39 37 37 31 26 35 32 23 30 23 31 32 38 35 29 24 24 33 37 37 31 21 38 30 26 34 36 41 27 27 38 37 39 25 33 27 34 28 35 32 38 33 32 30 35 34 28 37 26 24 30 39 23 24 35 26 34 40 22 21 34 35 30 23 33 24 28 24 38 30 22 26 23 38 27 27 37 35
itemClass_lengthVector 27 62 80 14 16 56 12 12 18 21 28 36 16 121 102 22 14 31 12 48 21 15 65 52 7 80 64 71 51 9 49 16 94 6 3 13 26 10 19 25 36 5 72 136 3 5 29 1 4 31 55 212 3 32 24 5 3 37 5 15 4 3 53 37 19 40 43 74 105 68 57 37 13 12 72 6 33 5 15 67 26 68 24 11 11 1 7 55 10 80 15 111 40 5 116 46 16 69 41 24 28 52 124 5 9 62 8 99 52 8 8 33 1 15 11 32 34 5 6 55 68 53 41 51 16 19 74 36 35 21 18 48 77 5 1 108 10 29 14 6 8 84 55 15 12 34 118 8 48 4 105 36 79 6 11 41 11 34 21 90 56 10 22 63 146 31 15 2 40 14 8 227 1 8 8 67 7 17 42 39 47 39 41 8 63 19 9 35 15 8 49 19 3 23 42 17 15 60 17 20 42 101 81 7 100 23 37 42 2 3 67 88 2 8 5 48 42 43 79 16 21 74 19 5 8 23 15 134 110 67 13 3 120 32 21 23 35 40 23 2 55 2 56 13 20 28 37 1 18 17 4 34 46 22 64 26 49 35 29 175 2 95 21 1 54 7 19 70 91 36 4 43 20 4 42 1 10 77 3 28 43 33 111 8 57 28 50 18 2 19 38 29 2 26 39 53 20 208 49 15 81 1 15 7 38 1 118 29 39 19 60 28 35 4 2 43 25 67 46 6 28 28 84 6 25 87 22 3 25 49 86 36 21 5 20 18 26 29 1 16 158 67 33 123 19 90 57 22 10 21 6 65 105 3 4 29 25 38 26 16 8 17 22 16 27 12 62 55 26 15 81 13 79 15 29 15 55 121 17 101 56 32 102 56 13 18 27 11 20 61 12 13 22 61 120 122 30 14 27 17 37 80 102 26 15 36 21 28 22 13 20 63 21 121 14 36 11 16 22 37 121 30 20 12 28 17 62 12 55 13 28 36 17 18 29 79 23 81 103 14 55 103 102 13 27 29 57 17 57 81 26 13 11 16 26 57 12 56 13 27 37 102 102 15 15 80 15 56 21 13 30 102 28 63 14 61 16 36 27 22 103 13 15 23 63 27 21 16 101 19 55 18 63 19 13 122 121 57 56 80 31 103 29 31 13 18 122 15 29 101 15 55 16 37 13 57 80 103 21 120 103 55 13 30 30 17 122 37 101 13 15 79 79 63 18 15 19 63 103 14 63 22 23 29 13 22 62 13 13 13 55 16 13 55 17 80 22 80 14 22 17 30 120 12 28 15 103 28 15 11 22 17 16 15 16 13 18 11 19 27 37 22 27 26 31 120 23 15 13 13 21 13 81 21 37 101 21 57 13 18 55 27 13 16 14 16 55 12 13 26 23 57 17 15 23 120 13 37 63 15 122 14 27 15 62 21 122 15 12 23 18 30 13 12 63 17 29 22 22 11 81 79 21 32 62 18 15 56 79 27 121 121 62 17 81 101 11 37 57 36 57 18 28 13 13 19 55 57 15 81 16 14 17 81 31 22 55 16 12 61 31 30 16 17 21 14 56 13 28 13 28 29 30 122 30 63 120 37 17 17
itemClass_demand 1 1 1 1 1 1 1 1 1 1 1 1 1 1 1 1 1 1 1 1 1 1 1 1 1 1 1 1 1 1 1 1 1 1 1 1 1 1 1 1 1 1 1 1 1 1 1 1 1 1 1 1 1 1 1 1 1 1 1 1 1 1 1 1 1 1 1 1 1 1 1 1 1 1 1 1 1 1 1 1 1 1 1 1 1 1 1 1 1 1 1 1 1 1 1 1 1 1 1 1 1 1 1 1 1 1 1 1 1 1 1 1 1 1 1 1 1 1 1 1 1 1 1 1 1 1 1 1 1 1 1 1 1 1 1 1 1 1 1 1 1 1 1 1 1 1 1 1 1 1 1 1 1 1 1 1 1 1 1 1 1 1 1 1 1 1 1 1 1 1 1 1 1 1 1 1 1 1 1 1 1 1 1 1 1 1 1 1 1 1 1 1 1 1 1 1 1 1 1 1 1 1 1 1 1 1 1 1 1 1 1 1 1 1 1 1 1 1 1 1 1 1 1 1 1 1 1 1 1 1 1 1 1 1 1 1 1 1 1 1 1 1 1 1 1 1 1 1 1 1 1 1 1 1 1 1 1 1 1 1 1 1 1 1 1 1 1 1 1 1 1 1 1 1 1 1 1 1 1 1 1 1 1 1 1 1 1 1 1 1 1 1 1 1 1 1 1 1 1 1 1 1 1 1 1 1 1 1 1 1 1 1 1 1 1 1 1 1 1 1 1 1 1 1 1 1 1 1 1 1 1 1 1 1 1 1 1 1 1 1 1 1 1 1 1 1 1 1 1 1 1 1 1 1 1 1 1 1 1 1 1 1 1 1 1 1 1 1 1 1 1 1 1 1 1 1 1 1 1 1 1 1 1 1 1 1 1 1 1 1 1 1 1 1 1 1 1 1 1 1 1 1 1 1 1 1 1 1 1 1 1 1 1 1 1 1 1 1 1 1 1 1 1 1 1 1 1 1 1 1 1 1 1 1 1 1 1 1 1 1 1 1 1 1 1 1 1 1 1 1 1 1 1 1 1 1 1 1 1 1 1 1 1 1 1 1 1 1 1 1 1 1 1 1 1 1 1 1 1 1 1 1 1 1 1 1 1 1 1 1 1 1 1 1 1 1 1 1 1 1 1 1 1 1 1 1 1 1 1 1 1 1 1 1 1 1 1 1 1 1 1 1 1 1 1 1 1 1 1 1 1 1 1 1 1 1 1 1 1 1 1 1 1 1 1 1 1 1 1 1 1 1 1 1 1 1 1 1 1 1 1 1 1 1 1 1 1 1 1 1 1 1 1 1 1 1 1 1 1 1 1 1 1 1 1 1 1 1 1 1 1 1 1 1 1 1 1 1 1 1 1 1 1 1 1 1 1 1 1 1 1 1 1 1 1 1 1 1 1 1 1 1 1 1 1 1 1 1 1 1 1 1 1 1 1 1 1 1 1 1 1 1 1 1 1 1 1 1 1 1 1 1 1 1 1 1 1 1 1 1 1 1 1 1 1 1 1 1 1 1 1 1 1 1 1 1 1 1 1 1 1 1 1 1 1 1 1 1 1 1 1 1 1 1 1 1 1 1 1 1
binNumber 10000
binClassNumber 1
binClass_widthVector 700
binClass_lengthVector 700
binClass_disponibility 1000
itemClass_weight 9990 22940 29600 5180 5920 20720 4440 4440 6660 7770 10360 13320 5920 44770 37740 8140 5180 11470 4440 18240 7980 5700 24700 19760 2660 30400 24320 26980 19380 3420 18620 6080 35720 2280 1140 4940 9880 3800 6650 8750 12600 1750 25200 47600 1050 1750 10150 350 1400 10850 19250 74200 1050 11200 8400 1750 1050 14430 1950 5850 1560 1170 20670 14430 7410 15600 16770 28860 40950 26520 22230 14430 5070 4680 28080 2340 13530 2050 6150 27470 10660 27880 9840 4510 4510 410 2870 22550 4100 32800 6150 45510 16400 2050 47560 16560 5760 24840 14760 8640 10080 18720 44640 1800 3240 22320 2880 35640 18720 2880 2880 11880 360 5400 3850 11200 11900 1750 2100 19250 23800 18550 14350 17850 5600 6650 25900 12600 12250 7350 6300 16800 26950 1750 350 37800 3500 10150 4900 2100 2800 29400 19250 5250 4200 11900 41300 2800 16800 1400 36750 12600 26860 2040 3740 13940 3740 11560 7140 30600 19040 3400 7480 21420 49640 10540 5100 680 13600 4760 2720 88530 390 3120 3120 26130 2730 6630 16380 15210 18330 15210 15990 3120 24570 7410 3510 13650 5850 3120 18620 7220 1140 8740 15960 6460 5700 22800 6460 7600 15960 38380 30780 2660 38000 8740 14060 15960 760 1020 22780 29920 680 2720 1700 16320 14280 14620 26860 5440 7140 25160 6460 1700 2720 7820 5100 45560 40700 24790 4810 1110 44400 11840 7770 8510 12950 14800 8510 740 20350 740 20720 4810 7400 10360 13690 390 7020 6630 1560 13260 17940 8580 24960 10140 19110 13650 11310 68250 780 37050 8190 390 21060 2730 7220 26600 34580 13680 1520 16340 7600 1520 15960 380 3800 29260 1140 10640 16340 12540 42180 3040 21660 9800 17500 6300 700 6650 13300 10150 700 9100 13650 18550 7000 72800 17150 5250 28350 350 5250 2450 13300 350 41300 10150 13650 6650 21000 9800 12250 1400 700 15050 8750 23450 16100 2100 9800 9800 29400 2280 9500 33060 8360 1140 9500 18620 32680 13680 7980 1900 7600 6840 9880 11020 380 6080 60040 25460 12210 45510 7030 33300 21090 8140 3700 7770 2220 24050 38850 1110 1480 10730 9250 14060 9620 5920 2960 6817 8228 5968 10125 4776 23746 20680 10504 5625 30861 4862 29941 6045 10991 5565 22275 47553 6885 40299 22848 12384 39780 21896 5057 6858 10584 4147 7420 23485 4740 5174 8624 22814 45720 45506 11760 5306 10179 6834 15022 30080 39168 9802 5985 14256 7917 10500 8668 5174 8100 24066 8253 49005 5572 13968 4334 6064 8822 13801 46222 12000 7420 4692 10780 6375 23932 4860 20405 5005 10948 14256 6426 6732 11455 29546 9062 30780 40994 5278 20955 41303 40596 5044 10989 10962 21717 6443 23142 31590 9802 5031 4257 6208 10244 22344 4572 21504 5252 10287 14726 38250 39474 5985 6000 32400 5565 22120 8211 5148 12030 39576 10444 23499 5418 22814 6176 14256 10233 8382 40582 5070 5625 9338 24129 10476 7917 6496 39491 7581 21285 7056 25074 7334 5044 48190 48279 22971 21728 31120 12555 38522 11426 11935 4875 7002 49776 5835 11223 40501 6120 20460 6272 13912 5122 22458 32480 41509 8211 46800 41921 21945 4927 11430 11760 6647 45506 14097 39289 4875 5865 29941 30099 24633 6840 5835 7410 25515 38213 5418 23625 8866 9246 11716 5148 8844 24614 5122 5031 4914 22055 6160 4953 20845 6392 32000 8448 32000 5432 8426 6545 11730 48240 4812 10808 5895 41612 10780 5970 4158 8206 6681 6272 5850 6240 4901 6984 4125 7657 10800 14652 8844 10692 10452 11749 47280 8855 5895 5044 5161 7791 5174 31104 7959 15059 40602 8442 22857 5005 7236 20625 10989 5265 6352 5474 6064 21780 4656 5187 10426 9154 22629 6851 5835 9108 45720 4940 14578 23373 6060 48190 5320 10233 5835 24986 8190 46726 5730 4548 8970 6732 12180 4849 4884 24696 6715 10846 8404 8184 4312 30132 31600 8022 12864 24242 6822 6075 21448 31679 10476 45012 48763 23498 6834 32400 40804 4136 14800 21489 14544 22059 7002 11284 5174 5304 7543 20845 21546 5760 30051 6192 5292 6647 30294 11656 8404 22055 6528 4752 24461 11842 12030 6000 6851 7959 5698 22344 4992 10612 5083 11032 10759 11760 45872 11460 24696 46440 14430 6409 6375
