itemNumber 150
itemClassNumber 150
itemClass_widthVector 18 17 16 15 14 13 12 11 10 15 14 13 12 11 10 9 8 7 17 16 15 14 13 12 11 10 9 17 16 15 14 13 12 11 10 9 18 17 16 15 14 13 12 11 10 15 14 13 12 11 10 9 8 7 18 17 16 15 14 13 12 11 10 15 14 13 12 11 10 9 8 7 17 16 15 14 13 12 11 10 9 13 17 15 14 20 18 13 18 18 16 14 16 17 17 17 18 14 15 14 12 19 13 15 14 12 15 20 18 19 19 14 17 19 14 19 20 13 13 18 17 20 15 14 12 20 17 14 18 13 17 20 16 17 13 13 15 16 17 14 18 13 13 15 14 17 14 18 14 20
itemClass_lengthVector 25 7 19 30 28 23 13 3 2 18 1 14 9 62 14 14 13 5 13 2 29 29 24 8 9 13 23 24 11 3 10 6 3 3 36 54 29 39 23 6 10 2 6 14 21 9 7 5 21 3 25 12 51 17 5 14 1 23 1 40 45 13 8 11 4 26 24 6 2 21 18 38 13 64 4 12 22 1 9 4 21 14 20 29 22 24 6 2 19 6 29 12 30 30 29 19 18 23 23 22 4 26 13 23 22 3 28 24 6 25 6 13 20 25 12 7 24 4 14 8 31 24 24 14 4 24 30 13 8 13 18 26 27 29 13 3 24 30 19 12 6 4 2 24 22 20 22 7 13 26
itemClass_demand 1 1 1 1 1 1 1 1 1 1 1 1 1 1 1 1 1 1 1 1 1 1 1 1 1 1 1 1 1 1 1 1 1 1 1 1 1 1 1 1 1 1 1 1 1 1 1 1 1 1 1 1 1 1 1 1 1 1 1 1 1 1 1 1 1 1 1 1 1 1 1 1 1 1 1 1 1 1 1 1 1 1 1 1 1 1 1 1 1 1 1 1 1 1 1 1 1 1 1 1 1 1 1 1 1 1 1 1 1 1 1 1 1 1 1 1 1 1 1 1 1 1 1 1 1 1 1 1 1 1 1 1 1 1 1 1 1 1 1 1 1 1 1 1 1 1 1 1 1 1
binNumber 10000
binClassNumber 1
binClass_widthVector 150
binClass_lengthVector 150
binClass_disponibility 1000
itemClass_weight 4500 1260 3420 5400 5040 4140 2340 540 360 2700 150 2100 1350 9300 2100 2100 1950 750 2210 340 4930 4930 4080 1360 1530 2210 3910 4080 1870 510 1700 1020 510 510 6120 9180 5220 7020 4140 1080 1800 360 1080 2520 3780 1350 1050 750 3150 450 3750 1800 7650 2550 900 2520 180 4140 180 7200 8100 2340 1440 1650 600 3900 3600 900 300 3150 2700 5700 2210 10880 680 2040 3740 170 1530 680 3570 2590 3820 5307 4356 4368 1098 378 3762 1140 5713 2196 5550 5820 5597 3648 3276 4301 4485 4224 788 4784 2353 4347 4268 546 5432 4488 1104 4975 1104 2561 3940 4825 2220 1323 4776 768 2758 1488 6107 4440 4536 2576 768 4344 5520 2353 1456 2587 3582 4992 4914 5626 2483 585 4536 5730 3781 2172 1104 732 376 4464 4092 3880 4378 1337 2548 4940
