itemNumber 100
itemClassNumber 100
itemClass_widthVector 13 12 11 10 9 8 7 6 13 12 11 10 9 8 7 6 14 13 12 11 10 9 8 7 12 11 10 9 8 7 6 5 11 10 9 8 7 6 5 4 12 11 10 9 8 7 6 5 13 12 11 10 9 8 7 6 12 11 10 9 8 7 6 5 13 11 12 10 9 8 11 9 15 14 14 14 8 9 12 8 11 15 12 15 9 10 8 13 13 13 10 15 13 8 14 12 11 9 9 9
itemClass_lengthVector 5 4 3 16 26 2 9 35 6 1 11 11 9 16 18 28 8 1 18 44 2 7 12 8 11 13 8 7 29 6 16 10 6 14 24 10 9 23 11 3 8 1 26 26 25 4 4 6 8 7 7 6 36 15 20 1 18 18 16 4 2 13 20 9 5 17 2 26 3 10 16 2 4 5 6 5 8 2 3 9 16 6 3 4 3 26 9 2 5 4 26 4 2 10 4 15 17 2 1 1
itemClass_demand 1 1 1 1 1 1 1 1 1 1 1 1 1 1 1 1 1 1 1 1 1 1 1 1 1 1 1 1 1 1 1 1 1 1 1 1 1 1 1 1 1 1 1 1 1 1 1 1 1 1 1 1 1 1 1 1 1 1 1 1 1 1 1 1 1 1 1 1 1 1 1 1 1 1 1 1 1 1 1 1 1 1 1 1 1 1 1 1 1 1 1 1 1 1 1 1 1 1 1 1
binNumber 10000
binClassNumber 1
binClass_widthVector 100
binClass_lengthVector 100
binClass_disponibility 1000
itemClass_weight 650 520 390 2080 3380 260 1170 4550 780 130 1430 1430 1170 2080 2340 3640 1120 140 2520 6160 280 980 1680 1120 1320 1560 960 840 3480 720 1920 1200 660 1540 2640 1100 990 2530 1210 330 960 120 3120 3120 3000 480 480 720 1040 910 910 780 4680 1950 2600 130 2160 2160 1920 480 240 1560 2400 1080 655 2295 274 3458 414 1370 2208 268 532 660 834 660 1064 280 396 1242 2128 852 417 532 429 3692 1197 282 715 536 3692 552 276 1360 536 2010 2346 288 143 133
