itemNumber 80
itemClassNumber 80
itemClass_widthVector 10 9 8 7 6 5 4 12 11 10 9 8 7 6 12 11 10 9 8 7 6 11 10 9 8 7 6 5 12 11 10 9 8 7 6 12 11 10 9 8 7 6 11 10 9 8 7 6 5 10 8 10 12 11 6 10 9 6 9 10 7 8 7 8 9 10 6 10 10 12 9 8 10 11 8 7 6 10 6 11
itemClass_lengthVector 24 4 33 4 1 2 12 6 24 23 3 1 22 1 3 9 4 5 38 12 9 10 6 10 1 4 44 5 41 6 3 8 5 2 15 9 20 34 4 4 6 3 9 5 8 10 8 37 3 5 5 3 24 24 2 3 34 3 32 4 1 4 1 5 34 5 2 3 3 23 34 3 4 25 4 1 3 4 2 25
itemClass_demand 1 1 1 1 1 1 1 1 1 1 1 1 1 1 1 1 1 1 1 1 1 1 1 1 1 1 1 1 1 1 1 1 1 1 1 1 1 1 1 1 1 1 1 1 1 1 1 1 1 1 1 1 1 1 1 1 1 1 1 1 1 1 1 1 1 1 1 1 1 1 1 1 1 1 1 1 1 1 1 1
binNumber 10000
binClassNumber 1
binClass_widthVector 80
binClass_lengthVector 80
binClass_disponibility 1000
itemClass_weight 2400 400 3300 400 100 200 1200 720 2880 2760 360 120 2640 120 360 1080 480 600 4560 1440 1080 1100 660 1100 110 440 4840 550 4920 720 360 960 600 240 1800 1080 2400 4080 480 480 720 360 990 550 880 1100 880 4070 330 530 555 327 2592 2520 214 306 3502 303 3232 424 110 436 101 505 3774 525 206 306 309 2369 3638 309 436 2525 428 105 303 420 220 2725
