itemNumber 110
itemClassNumber 110
itemClass_widthVector 15 14 13 12 11 10 9 8 13 12 11 10 9 8 7 6 13 12 11 10 9 8 7 6 14 13 12 11 10 9 8 7 16 15 14 13 12 11 10 9 12 11 10 9 8 7 6 5 15 14 13 12 11 10 9 8 12 11 10 9 8 7 6 5 16 11 16 15 10 14 10 16 14 14 15 10 16 16 15 14 10 10 12 10 16 10 14 17 16 11 13 15 17 15 15 13 15 14 11 11 14 15 14 13 13 13 15 17 12 17
itemClass_lengthVector 13 3 24 15 18 1 2 34 21 4 21 8 5 21 7 23 29 26 3 14 3 24 6 5 7 42 4 6 22 24 2 3 12 6 6 6 52 6 9 13 47 8 3 1 1 4 24 22 3 20 11 32 8 6 16 14 11 2 28 12 24 2 7 24 12 1 14 23 2 23 2 13 24 15 24 1 12 4 2 25 2 3 2 1 13 3 16 12 2 1 14 24 13 23 3 16 24 23 1 1 25 24 23 15 18 14 2 12 17 14
itemClass_demand 1 1 1 1 1 1 1 1 1 1 1 1 1 1 1 1 1 1 1 1 1 1 1 1 1 1 1 1 1 1 1 1 1 1 1 1 1 1 1 1 1 1 1 1 1 1 1 1 1 1 1 1 1 1 1 1 1 1 1 1 1 1 1 1 1 1 1 1 1 1 1 1 1 1 1 1 1 1 1 1 1 1 1 1 1 1 1 1 1 1 1 1 1 1 1 1 1 1 1 1 1 1 1 1 1 1 1 1 1 1
binNumber 10000
binClassNumber 1
binClass_widthVector 110
binClass_lengthVector 110
binClass_disponibility 1000
itemClass_weight 1950 450 3600 2250 2700 150 300 5100 2730 520 2730 1040 650 2730 910 2990 3770 3380 390 1820 390 3120 780 650 980 5880 560 840 3080 3360 280 420 1920 960 960 960 8320 960 1440 2080 5640 960 360 120 120 480 2880 2640 450 3000 1650 4800 1200 900 2400 2100 1320 240 3360 1440 2880 240 840 2880 1932 159 2156 3680 318 3657 320 2015 3792 2280 3840 164 1848 604 322 3825 308 462 304 157 2119 468 2464 1884 308 158 2198 3768 2015 3588 483 2512 3960 3726 151 163 3775 3816 3772 2280 2718 2254 302 1824 2703 2324
