itemNumber 70
itemClassNumber 70
itemClass_widthVector 10 9 8 7 6 5 11 10 9 8 7 6 11 10 9 8 7 6 13 12 11 10 9 8 13 12 11 10 9 8 12 11 10 9 8 7 11 8 8 12 9 10 12 11 8 12 10 11 10 10 9 7 11 8 8 9 8 7 11 8 9 9 11 7 7 10 7 10 12 12
itemClass_lengthVector 14 5 15 8 11 17 10 5 11 24 9 11 21 18 12 6 8 5 1 13 4 41 5 6 1 11 12 8 23 15 17 20 15 6 3 9 13 7 9 13 14 5 13 14 9 15 5 14 5 5 16 12 13 7 9 15 8 11 14 8 14 14 13 10 11 6 12 4 15 15
itemClass_demand 1 1 1 1 1 1 1 1 1 1 1 1 1 1 1 1 1 1 1 1 1 1 1 1 1 1 1 1 1 1 1 1 1 1 1 1 1 1 1 1 1 1 1 1 1 1 1 1 1 1 1 1 1 1 1 1 1 1 1 1 1 1 1 1 1 1 1 1 1 1
binNumber 10000
binClassNumber 1
binClass_widthVector 70
binClass_lengthVector 70
binClass_disponibility 1000
itemClass_weight 1400 500 1500 800 1100 1700 1100 550 1210 2640 990 1210 2310 1980 1320 660 880 550 130 1690 520 5330 650 780 130 1430 1560 1040 2990 1950 2040 2400 1800 720 360 1080 1365 714 999 1443 1442 540 1443 1414 999 1575 505 1428 545 545 1776 1296 1313 735 999 1545 888 1210 1484 880 1470 1498 1404 1010 1221 624 1260 420 1545 1575
