itemNumber 700
itemClassNumber 700
itemClass_widthVector 35 34 33 32 31 30 29 28 27 26 25 24 23 22 21 20 19 18 17 40 39 38 37 36 35 34 33 32 31 30 29 28 27 26 25 24 23 22 39 38 37 36 35 34 33 32 31 30 29 28 27 26 25 24 23 22 21 37 36 35 34 33 32 31 30 29 28 27 26 25 24 23 22 21 20 19 41 40 39 38 37 36 35 34 33 32 31 30 29 28 27 26 25 24 23 36 35 34 33 32 31 30 29 28 27 26 25 24 23 22 21 20 19 18 40 39 38 37 36 35 34 33 32 31 30 29 28 27 26 25 24 23 22 36 35 34 33 32 31 30 29 28 27 26 25 24 23 22 21 20 19 18 36 35 34 33 32 31 30 29 28 27 26 25 24 23 22 21 20 19 18 34 33 32 31 30 29 28 27 26 25 24 23 22 21 20 19 18 17 16 33 32 31 30 29 28 27 26 25 24 23 22 21 20 19 18 17 16 15 38 37 36 35 34 33 32 31 30 29 28 27 26 25 24 23 22 21 20 40 39 38 37 36 35 34 33 32 31 30 29 28 27 26 25 24 23 22 34 33 32 31 30 29 28 27 26 25 24 23 22 21 20 19 18 17 16 35 34 33 32 31 30 29 28 27 26 25 24 23 22 21 20 19 18 17 37 36 35 34 33 32 31 30 29 28 27 26 25 24 23 22 21 20 19 36 35 34 33 32 31 30 29 28 27 26 25 24 23 22 21 20 19 18 34 33 32 31 30 29 28 27 26 25 24 23 22 21 20 19 18 17 16 39 38 37 36 35 34 33 32 31 30 29 28 27 26 25 24 23 22 21 20 25 20 37 33 26 28 25 35 24 28 27 30 28 37 20 32 28 30 24 25 30 27 24 34 24 23 36 20 24 26 22 27 35 27 26 27 35 23 21 32 28 19 30 20 29 30 34 35 20 25 30 23 24 25 37 27 21 29 31 28 38 34 22 34 34 34 31 38 20 37 21 26 27 24 27 29 30 19 24 26 36 34 22 26 35 36 21 34 25 23 30 38 35 30 22 38 37 23 27 30 29 31 31 21 29 25 21 21 28 30 24 21 35 36 31 26 26 28 30 20 21 26 36 23 22 25 32 23 24 33 30 36 25 26 20 35 26 20 37 29 27 28 31 27 35 25 32 24 23 35 32 25 21 25 36 20 36 35 36 19 30 33 27 34 22 25 34 21 31 34 26 30 21 28 24 38 29 19 37 24 34 34 27 19 28 27 32 21 23 33 29 25 19 34 34 21 33 24 33 29 33 30 21 24 20 28 23 29 37 38 25 31 19 21 34 30 38 23 37 37 36 37 23 34 21 21 39 23 22 28 28 21 26 28 20 19 22 32 39 37 24 22 20 30 29 39 36 25 31 24 32 35 34 31 34 27 36 39 22 35 20 21 35 33 30 32 28 34 33 35 32 28 25 38 32 33 30 30 24 32 27 22 19 26 21 31 35 32 25 35 24 29 22 27 23 19 30 23 35 25 38 39 31 20 27 28 32 24 26 36 29 26 34 29 23 33 35 37 22 34 34 27 23 35 30 35 28 33 23 24 25 35 22 25 37 23 28 26
itemClass_lengthVector 21 3 11 56 28 9 31 6 172 41 39 36 12 45 44 12 65 34 35 3 25 44 24 67 110 26 27 48 22 67 34 7 4 6 21 29 50 86 15 44 12 96 1 84 2 101 30 32 1 32 45 8 16 57 29 78 17 11 14 104 14 15 60 65 33 59 3 14 45 52 8 51 48 7 13 84 48 11 71 41 15 3 18 18 87 21 54 19 100 11 35 12 55 18 63 66 1 11 33 84 12 92 19 8 8 30 67 99 9 36 57 8 34 26 39 49 89 45 12 102 46 13 14 52 31 7 5 116 22 5 1 23 29 30 54 27 60 23 17 50 7 62 14 37 63 30 54 68 61 38 3 2 8 12 21 36 20 55 94 71 43 17 31 44 9 53 44 36 29 22 55 62 94 1 1 35 84 70 100 36 21 6 30 9 73 14 38 19 3 4 34 8 39 26 92 5 15 6 14 18 76 28 7 51 15 81 23 14 148 26 140 12 9 25 20 40 21 93 37 38 52 15 22 19 53 7 34 37 42 147 7 22 10 32 12 116 47 6 35 13 13 5 122 28 10 12 21 28 29 16 63 127 79 21 17 19 60 14 22 17 55 10 36 31 45 11 10 23 27 2 65 18 53 26 45 22 53 34 46 84 28 81 48 6 29 14 36 39 67 3 11 22 15 14 57 29 28 2 17 114 34 96 3 99 10 26 3 9 139 123 16 41 43 4 14 15 51 17 22 58 3 86 20 51 58 6 38 71 14 39 39 4 64 16 36 18 31 40 118 35 16 6 147 3 36 9 60 32 8 42 27 13 1 7 77 30 50 67 58 1 32 64 13 65 20 56 38 42 45 56 45 172 37 32 171 2 64 9 40 30 45 12 6 41 44 10 12 11 22 64 43 37 13 42 10 40 13 37 12 44 64 32 40 34 32 64 172 171 12 10 66 46 173 44 12 12 4 36 64 5 5 40 2 9 43 10 9 57 8 2 34 12 66 37 38 46 42 7 6 34 12 36 22 12 12 11 10 10 66 57 13 44 30 3 56 171 12 3 20 13 40 173 173 10 10 64 5 46 65 12 38 30 13 64 10 2 30 38 36 41 32 33 65 39 22 43 45 45 29 11 45 56 6 11 36 37 64 11 35 34 10 7 36 40 10 41 10 44 10 43 12 28 29 35 64 45 12 34 3 28 11 33 6 56 40 28 44 35 8 64 8 11 37 31 12 40 44 22 171 34 11 43 56 55 38 34 42 37 28 66 43 27 41 13 33 11 9 66 56 13 27 172 29 172 64 45 65 38 45 5 20 3 12 8 35 12 10 7 20 44 11 22 56 12 43 55 65 11 22 13 45 39 40 11 40 40 66 34 12 8 22 12 46 43 65 6 5 20 10 35 10 44 28 2 12 5 8 40 20 20 45 27 65 65 29 55 171 29 172 27 10 55 27 40 45 20 32 8 31 6 12 28 36 44 35 38 13 6 10 8 11 2 45 42 43 38 46 35 173 12 57 46 20 21 8 33 39 40 8 45 13 2 171 36 10 40 13 28 56 3 13 28 55 40 45 11 171 55 42 27 11 46 37 12 44 13 21 44 172 38
itemClass_demand 1 1 1 1 1 1 1 1 1 1 1 1 1 1 1 1 1 1 1 1 1 1 1 1 1 1 1 1 1 1 1 1 1 1 1 1 1 1 1 1 1 1 1 1 1 1 1 1 1 1 1 1 1 1 1 1 1 1 1 1 1 1 1 1 1 1 1 1 1 1 1 1 1 1 1 1 1 1 1 1 1 1 1 1 1 1 1 1 1 1 1 1 1 1 1 1 1 1 1 1 1 1 1 1 1 1 1 1 1 1 1 1 1 1 1 1 1 1 1 1 1 1 1 1 1 1 1 1 1 1 1 1 1 1 1 1 1 1 1 1 1 1 1 1 1 1 1 1 1 1 1 1 1 1 1 1 1 1 1 1 1 1 1 1 1 1 1 1 1 1 1 1 1 1 1 1 1 1 1 1 1 1 1 1 1 1 1 1 1 1 1 1 1 1 1 1 1 1 1 1 1 1 1 1 1 1 1 1 1 1 1 1 1 1 1 1 1 1 1 1 1 1 1 1 1 1 1 1 1 1 1 1 1 1 1 1 1 1 1 1 1 1 1 1 1 1 1 1 1 1 1 1 1 1 1 1 1 1 1 1 1 1 1 1 1 1 1 1 1 1 1 1 1 1 1 1 1 1 1 1 1 1 1 1 1 1 1 1 1 1 1 1 1 1 1 1 1 1 1 1 1 1 1 1 1 1 1 1 1 1 1 1 1 1 1 1 1 1 1 1 1 1 1 1 1 1 1 1 1 1 1 1 1 1 1 1 1 1 1 1 1 1 1 1 1 1 1 1 1 1 1 1 1 1 1 1 1 1 1 1 1 1 1 1 1 1 1 1 1 1 1 1 1 1 1 1 1 1 1 1 1 1 1 1 1 1 1 1 1 1 1 1 1 1 1 1 1 1 1 1 1 1 1 1 1 1 1 1 1 1 1 1 1 1 1 1 1 1 1 1 1 1 1 1 1 1 1 1 1 1 1 1 1 1 1 1 1 1 1 1 1 1 1 1 1 1 1 1 1 1 1 1 1 1 1 1 1 1 1 1 1 1 1 1 1 1 1 1 1 1 1 1 1 1 1 1 1 1 1 1 1 1 1 1 1 1 1 1 1 1 1 1 1 1 1 1 1 1 1 1 1 1 1 1 1 1 1 1 1 1 1 1 1 1 1 1 1 1 1 1 1 1 1 1 1 1 1 1 1 1 1 1 1 1 1 1 1 1 1 1 1 1 1 1 1 1 1 1 1 1 1 1 1 1 1 1 1 1 1 1 1 1 1 1 1 1 1 1 1 1 1 1 1 1 1 1 1 1 1 1 1 1 1 1 1 1 1 1 1 1 1 1 1 1 1 1 1 1 1 1 1 1 1 1 1 1 1 1 1 1 1 1 1 1 1 1 1 1 1 1 1 1 1 1 1 1 1 1 1 1 1 1 1 1 1 1 1 1 1 1 1 1 1 1 1 1 1 1 1 1 1 1 1 1 1 1 1 1 1 1 1 1 1 1 1 1 1 1 1 1 1 1 1 1 1 1 1 1 1 1 1 1 1 1 1 1 1 1 1 1 1 1 1 1 1 1 1 1 1 1
binNumber 10000
binClassNumber 1
binClass_widthVector 700
binClass_lengthVector 700
binClass_disponibility 1000
itemClass_weight 7350 1050 3850 19600 9800 3150 10850 2100 60200 14350 13650 12600 4200 15750 15400 4200 22750 11900 12250 1200 10000 17600 9600 26800 44000 10400 10800 19200 8800 26800 13600 2800 1600 2400 8400 11600 20000 34400 5850 17160 4680 37440 390 32760 780 39390 11700 12480 390 12480 17550 3120 6240 22230 11310 30420 6630 4070 5180 38480 5180 5550 22200 24050 12210 21830 1110 5180 16650 19240 2960 18870 17760 2590 4810 31080 19680 4510 29110 16810 6150 1230 7380 7380 35670 8610 22140 7790 41000 4510 14350 4920 22550 7380 25830 23760 360 3960 11880 30240 4320 33120 6840 2880 2880 10800 24120 35640 3240 12960 20520 2880 12240 9360 15600 19600 35600 18000 4800 40800 18400 5200 5600 20800 12400 2800 2000 46400 8800 2000 400 9200 11600 10800 19440 9720 21600 8280 6120 18000 2520 22320 5040 13320 22680 10800 19440 24480 21960 13680 1080 720 2880 4320 7560 12960 7200 19800 33840 25560 15480 6120 11160 15840 3240 19080 15840 12960 10440 7920 19800 21080 31960 340 340 11900 28560 23800 34000 12240 7140 2040 10200 3060 24820 4760 12920 6460 1020 1360 11220 2640 12870 8580 30360 1650 4950 1980 4620 5940 25080 9240 2310 16830 4950 26730 7590 4620 48840 9880 53200 4560 3420 9500 7600 15200 7980 35340 14060 14440 19760 5700 8360 7220 20140 2660 12920 14060 16800 58800 2800 8800 4000 12800 4800 46400 18800 2400 14000 5200 5200 2000 48800 11200 4000 4800 8400 9520 9860 5440 21420 43180 26860 7140 5780 6460 20400 4760 7480 5780 18700 3400 12240 10540 15300 3740 3500 8050 9450 700 22750 6300 18550 9100 15750 7700 18550 11900 16100 29400 9800 28350 16800 2100 10150 5180 13320 14430 24790 1110 4070 8140 5550 5180 21090 10730 10360 740 6290 42180 12580 35520 1110 36630 3600 9360 1080 3240 50040 44280 5760 14760 15480 1440 5040 5400 18360 6120 7920 20880 1080 30960 7200 17340 19720 2040 12920 24140 4760 13260 13260 1360 21760 5440 12240 6120 10540 13600 40120 11900 5440 2040 57330 1170 14040 3510 23400 12480 3120 16380 10530 5070 390 2730 30030 11700 19500 26130 22620 390 12480 24192 4667 23335 7600 19880 14554 15498 17370 19656 16695 66048 13801 11392 63612 728 22528 3231 14440 11100 16380 4236 2190 14596 15928 3540 4632 3938 8140 22720 16211 14023 4706 15540 3770 14920 4654 13098 4392 16236 23552 11872 15240 12478 12320 23168 66220 62757 4428 3510 24948 17296 62626 16236 4404 4380 1468 13608 23104 1860 1810 14240 724 3330 15480 3790 3348 21831 2976 744 12512 4248 23760 13172 14288 17526 15834 2569 2208 12852 4452 13644 8096 4584 4464 4037 3850 3760 25212 20292 4719 16192 10890 1089 19936 62586 4476 1104 7060 4875 14240 61242 64010 3590 3670 24576 1835 16376 24765 4584 14136 11430 4563 23488 3670 762 11430 13642 13248 15334 11904 12078 23725 15054 7766 16254 17280 16425 10788 4213 17010 20552 2172 4180 13608 13505 24448 3905 12915 12614 3700 2597 13860 14080 3750 14801 3660 16544 3550 15308 4236 10164 10266 12950 23168 16920 4632 12580 1062 10640 4125 12210 2268 20160 14080 10024 15840 12600 3032 24256 2992 4059 13135 11873 4572 14480 16588 8492 64125 12410 4114 15910 20328 19305 13566 12376 14742 14060 10248 23958 15652 9720 14842 4576 12441 4103 3285 23892 19768 4992 9963 66220 11165 64500 22528 16065 24115 14440 16920 1830 7100 1110 4536 2904 12810 4380 3770 2632 7660 16940 4015 7854 19936 4248 15523 19635 24960 3905 8118 4953 16830 14859 15440 3993 14880 14800 23496 12546 4224 3000 7964 4476 16652 15781 24440 2142 1770 7460 3680 13300 3690 15576 10612 738 4584 1905 2904 14720 7660 7380 17010 9774 24245 23270 10933 20075 63783 11194 61232 9747 3570 19470 10098 14320 16515 7040 11456 3016 11594 2202 4512 10444 13608 16060 12425 14440 4719 2130 3790 3016 4136 744 16335 15120 16512 14668 16192 13510 62453 4416 20691 17710 7340 7434 3040 11913 13806 15440 2848 17055 4836 702 62073 13392 3600 15360 4693 10360 20720 1131 4784 10668 19965 14200 16425 4224 62244 19910 15834 9666 4004 16652 13838 4344 16236 4602 7980 16676 63984 14478
