itemNumber 150
itemClassNumber 150
itemClass_widthVector 19 18 17 16 15 14 13 12 11 15 14 13 12 11 10 9 8 7 17 16 15 14 13 12 11 10 9 17 16 15 14 13 12 11 10 9 15 14 13 12 11 10 9 8 7 15 14 13 12 11 10 9 8 7 15 14 13 12 11 10 9 8 7 19 18 17 16 15 14 13 12 11 18 17 16 15 14 13 12 11 10 17 20 14 16 16 20 17 15 17 15 18 19 19 19 20 16 14 18 17 15 14 18 15 18 19 13 20 20 18 13 13 20 17 17 21 19 15 21 20 20 21 16 14 15 14 16 19 18 15 14 14 16 16 20 14 18 18 14 14 18 18 19 15 18 14 19 18 16 16
itemClass_lengthVector 6 45 19 12 14 10 20 12 12 12 13 26 1 13 10 18 21 36 23 7 21 18 11 18 31 6 15 33 42 4 17 1 3 36 7 7 20 58 20 7 5 5 6 12 17 49 16 1 19 8 23 13 4 17 42 27 10 4 11 3 23 8 22 8 8 13 21 43 2 33 18 4 10 15 12 1 25 19 11 2 55 15 7 12 14 10 46 14 9 13 10 13 44 19 18 5 15 19 19 13 19 11 20 10 20 44 11 46 5 13 11 11 7 14 13 6 46 11 6 6 6 6 13 21 21 12 13 44 18 20 11 11 14 11 6 21 12 20 12 20 18 20 46 10 18 13 46 13 11 13
itemClass_demand 1 1 1 1 1 1 1 1 1 1 1 1 1 1 1 1 1 1 1 1 1 1 1 1 1 1 1 1 1 1 1 1 1 1 1 1 1 1 1 1 1 1 1 1 1 1 1 1 1 1 1 1 1 1 1 1 1 1 1 1 1 1 1 1 1 1 1 1 1 1 1 1 1 1 1 1 1 1 1 1 1 1 1 1 1 1 1 1 1 1 1 1 1 1 1 1 1 1 1 1 1 1 1 1 1 1 1 1 1 1 1 1 1 1 1 1 1 1 1 1 1 1 1 1 1 1 1 1 1 1 1 1 1 1 1 1 1 1 1 1 1 1 1 1 1 1 1 1 1 1
binNumber 10000
binClassNumber 1
binClass_widthVector 150
binClass_lengthVector 150
binClass_disponibility 1000
itemClass_weight 1140 8550 3610 2280 2660 1900 3800 2280 2280 1800 1950 3900 150 1950 1500 2700 3150 5400 3910 1190 3570 3060 1870 3060 5270 1020 2550 5610 7140 680 2890 170 510 6120 1190 1190 3000 8700 3000 1050 750 750 900 1800 2550 7350 2400 150 2850 1200 3450 1950 600 2550 6300 4050 1500 600 1650 450 3450 1200 3300 1520 1520 2470 3990 8170 380 6270 3420 760 1800 2700 2160 180 4500 3420 1980 360 9900 3090 1379 2460 2800 1920 9154 2870 1782 2548 1920 2613 8932 3667 3726 980 3105 3971 3819 2717 3857 2277 4160 1950 4060 8448 2288 9660 1020 2509 2156 2156 1428 2772 2587 1242 9292 2178 1224 1146 1236 1158 2535 4158 4389 2340 2665 8404 3762 4140 2145 2244 2800 2178 1158 4053 2340 4140 2508 3980 3762 3860 9062 1980 3510 2730 9430 2535 2123 2483
