itemNumber 110
itemClassNumber 110
itemClass_widthVector 14 13 12 11 10 9 8 7 14 13 12 11 10 9 8 7 16 15 14 13 12 11 10 9 13 12 11 10 9 8 7 6 14 13 12 11 10 9 8 7 13 12 11 10 9 8 7 6 12 11 10 9 8 7 6 5 14 13 12 11 10 9 8 7 11 15 12 13 9 11 14 15 9 16 15 10 13 15 15 15 13 9 15 11 14 16 13 12 10 9 9 14 14 10 10 13 11 15 9 16 14 10 15 14 12 15 11 14 13 13
itemClass_lengthVector 4 23 5 20 13 18 21 6 3 27 5 28 4 23 8 12 8 6 30 5 31 5 22 3 19 6 32 2 16 15 4 16 26 14 24 1 15 3 25 2 5 24 4 2 3 6 11 55 2 13 6 5 13 60 3 8 9 2 26 16 1 22 16 18 12 23 12 5 21 12 5 3 21 3 24 17 20 3 3 5 5 22 23 14 6 5 19 13 18 21 20 5 5 19 19 19 14 22 21 5 6 18 22 24 19 5 13 22 4 21
itemClass_demand 1 1 1 1 1 1 1 1 1 1 1 1 1 1 1 1 1 1 1 1 1 1 1 1 1 1 1 1 1 1 1 1 1 1 1 1 1 1 1 1 1 1 1 1 1 1 1 1 1 1 1 1 1 1 1 1 1 1 1 1 1 1 1 1 1 1 1 1 1 1 1 1 1 1 1 1 1 1 1 1 1 1 1 1 1 1 1 1 1 1 1 1 1 1 1 1 1 1 1 1 1 1 1 1 1 1 1 1 1 1
binNumber 10000
binClassNumber 1
binClass_widthVector 110
binClass_lengthVector 110
binClass_disponibility 1000
itemClass_weight 560 3220 700 2800 1820 2520 2940 840 420 3780 700 3920 560 3220 1120 1680 1280 960 4800 800 4960 800 3520 480 2470 780 4160 260 2080 1950 520 2080 3640 1960 3360 140 2100 420 3500 280 650 3120 520 260 390 780 1430 7150 240 1560 720 600 1560 7200 360 960 1260 280 3640 2240 140 3080 2240 2520 1692 3473 1752 755 2961 1716 710 444 3087 453 3576 2550 2880 444 456 755 760 3278 3496 1974 930 775 2698 1989 2718 3171 2960 720 770 2926 2869 2926 2030 3344 3213 725 870 2628 3168 3504 2793 765 1989 3322 592 3255
