itemNumber 160
itemClassNumber 160
itemClass_widthVector 16 15 14 13 12 11 10 9 8 17 16 15 14 13 12 11 10 9 18 17 16 15 14 13 12 11 10 18 17 16 15 14 13 12 11 10 19 18 17 16 15 14 13 12 11 16 15 14 13 12 11 10 9 8 19 18 17 16 15 14 13 12 11 18 17 16 15 14 13 12 11 10 19 18 17 16 15 14 13 12 11 15 15 17 18 14 12 11 17 15 10 17 14 17 12 13 14 15 17 12 18 11 15 15 18 10 16 14 10 10 16 14 15 10 15 16 12 15 13 18 15 16 14 12 14 14 13 16 14 10 17 12 10 18 18 14 16 16 10 11 14 14 16 16 15 13 12 13 14 17 15 14 18 13 17 16 10 17 13 10
itemClass_lengthVector 31 27 9 1 13 11 9 1 58 8 14 31 18 27 6 9 37 10 23 4 5 24 10 7 52 4 31 44 36 19 18 1 5 2 12 23 5 13 19 32 44 13 20 1 13 11 14 24 17 34 21 15 8 16 1 8 21 8 13 8 6 64 31 51 12 31 5 1 26 5 9 20 14 13 7 3 15 3 12 58 35 9 10 32 32 13 10 8 26 9 1 31 1 31 9 12 12 2 27 9 31 10 1 1 30 1 10 1 1 2 10 13 8 1 8 26 10 9 12 30 9 28 14 8 1 2 12 28 1 1 28 11 2 32 30 2 9 8 1 9 1 2 8 26 2 14 10 12 13 31 2 12 31 11 31 8 1 31 12 1
itemClass_demand 1 1 1 1 1 1 1 1 1 1 1 1 1 1 1 1 1 1 1 1 1 1 1 1 1 1 1 1 1 1 1 1 1 1 1 1 1 1 1 1 1 1 1 1 1 1 1 1 1 1 1 1 1 1 1 1 1 1 1 1 1 1 1 1 1 1 1 1 1 1 1 1 1 1 1 1 1 1 1 1 1 1 1 1 1 1 1 1 1 1 1 1 1 1 1 1 1 1 1 1 1 1 1 1 1 1 1 1 1 1 1 1 1 1 1 1 1 1 1 1 1 1 1 1 1 1 1 1 1 1 1 1 1 1 1 1 1 1 1 1 1 1 1 1 1 1 1 1 1 1 1 1 1 1 1 1 1 1 1 1
binNumber 10000
binClassNumber 1
binClass_widthVector 160
binClass_lengthVector 160
binClass_disponibility 1000
itemClass_weight 4960 4320 1440 160 2080 1760 1440 160 9280 1360 2380 5270 3060 4590 1020 1530 6290 1700 4140 720 900 4320 1800 1260 9360 720 5580 7920 6480 3420 3240 180 900 360 2160 4140 950 2470 3610 6080 8360 2470 3800 190 2470 1760 2240 3840 2720 5440 3360 2400 1280 2560 190 1520 3990 1520 2470 1520 1140 12160 5890 9180 2160 5580 900 180 4680 900 1620 3600 2660 2470 1330 570 2850 570 2280 11020 6650 1467 1650 5504 5600 2119 1630 1328 4212 1449 177 5239 168 5084 1530 1932 2040 322 4671 1503 5208 1680 163 162 5220 163 1750 172 171 324 1650 2106 1360 172 1336 4420 1720 1548 1968 5070 1503 4844 2296 1304 173 330 1968 4704 176 177 4592 1925 344 5472 5010 344 1458 1368 165 1530 169 334 1352 4186 324 2352 1620 2088 2184 5425 334 2076 5394 1793 5208 1352 173 5053 2124 171
