itemNumber 500
itemClassNumber 500
itemClass_widthVector 32 31 30 29 28 27 26 25 24 23 22 21 20 19 18 17 32 31 30 29 28 27 26 25 24 23 22 21 20 19 18 17 31 30 29 28 27 26 25 24 23 22 21 20 19 18 17 16 30 29 28 27 26 25 24 23 22 21 20 19 18 17 16 15 30 29 28 27 26 25 24 23 22 21 20 19 18 17 16 15 29 28 27 26 25 24 23 22 21 20 19 18 17 16 15 14 35 34 33 32 31 30 29 28 27 26 25 24 23 22 21 20 34 33 32 31 30 29 28 27 26 25 24 23 22 21 20 19 28 27 26 25 24 23 22 21 20 19 18 17 16 15 14 13 31 30 29 28 27 26 25 24 23 22 21 20 19 18 17 16 32 31 30 29 28 27 26 25 24 23 22 21 20 19 18 17 32 31 30 29 28 27 26 25 24 23 22 21 20 19 18 17 32 31 30 29 28 27 26 25 24 23 22 21 20 19 18 17 29 28 27 26 25 24 23 22 21 20 19 18 17 16 15 14 30 29 28 27 26 25 24 23 22 21 20 19 18 17 16 15 33 32 31 30 29 28 27 26 25 24 23 22 21 20 19 18 23 27 21 23 20 20 34 29 20 27 29 30 29 32 30 36 29 27 32 33 21 30 35 32 26 22 24 35 27 22 34 30 33 25 27 28 31 24 24 24 26 27 20 21 31 24 25 21 20 22 21 25 25 35 22 21 36 28 23 27 20 23 21 28 21 34 24 22 26 22 29 30 32 28 29 27 29 23 34 26 28 30 25 34 28 25 31 31 22 27 24 26 33 33 33 27 30 23 23 26 32 25 20 23 22 22 22 27 30 30 20 24 22 35 21 19 33 35 32 26 24 27 26 27 29 30 23 20 25 30 21 25 28 19 22 21 22 29 26 19 28 23 26 28 21 36 30 25 29 28 29 24 29 20 24 34 26 32 28 31 21 19 19 19 33 34 31 29 23 31 29 31 33 32 23 27 33 27 25 24 32 34 29 25 30 30 20 27 32 21 32 19 21 22 25 21 32 31 29 20 29 21 27 27 31 26 20 33 27 22 35 26 32 28 29 20 25 22 19 34 36 33 25 20 26 25 19 29 34 19 35 33 23 31 19 21 21 23 25 32 29 26 19 24
itemClass_lengthVector 21 60 6 35 73 22 15 84 43 2 11 1 107 5 3 12 3 10 10 6 43 31 91 17 41 111 52 19 17 3 5 41 22 14 12 27 14 10 105 93 15 16 31 10 23 90 9 9 1 9 48 44 6 2 59 26 11 16 73 17 70 28 75 15 50 22 47 71 1 15 12 44 25 45 10 48 51 49 4 6 8 37 26 2 70 3 5 31 65 41 26 69 26 84 2 5 7 37 40 7 13 10 120 9 60 20 77 5 4 12 19 60 15 13 3 94 67 41 18 1 57 18 21 11 14 77 6 44 14 2 18 5 5 127 11 59 3 31 6 39 41 37 3 99 13 14 12 4 11 3 5 41 88 49 28 53 10 49 101 19 20 11 37 28 17 28 13 27 129 18 21 54 7 38 14 38 31 65 46 13 12 2 29 8 20 8 3 2 53 21 161 26 51 66 49 50 22 3 17 6 19 60 30 19 18 17 17 56 70 34 35 26 18 1 14 62 1 40 53 91 10 14 16 15 14 13 49 16 51 27 7 1 102 17 11 40 33 3 92 24 32 19 47 93 14 19 14 47 39 49 36 5 40 16 24 6 1 14 4 1 4 6 21 15 6 85 23 36 72 35 73 20 23 42 7 20 6 23 61 5 44 2 2 20 84 108 21 73 60 10 15 14 36 1 1 3 85 43 2 6 35 12 11 107 4 108 107 11 43 22 2 108 21 21 2 83 2 106 107 14 5 20 1 108 84 1 72 74 34 85 16 83 73 106 6 1 16 35 44 59 23 44 74 6 106 14 1 1 6 60 61 85 21 10 107 44 34 10 4 107 1 2 108 16 34 35 6 2 108 20 4 3 22 22 5 43 2 84 85 83 15 22 10 5 43 73 107 11 21 2 2 5 1 72 83 3 14 11 1 21 4 21 22 12 23 21 15 3 15 3 2 60 85 36 16 5 5 2 3 2 61 20 34 14 106 34 72 72 59 36 107 83 7 42 12 1 60 22 16 3 34 35 2 14 59 5 35 2 106 2 10 4 35 36 23 4 21 4 83 43 7 83 5 61 42 106 20 3 61 85 16 4 11 108 2 20 22 5 43 5 3 42 4 23 22 4 61 22 106 34 3 5 5 108 3 6 72 1 3 1
itemClass_demand 1 1 1 1 1 1 1 1 1 1 1 1 1 1 1 1 1 1 1 1 1 1 1 1 1 1 1 1 1 1 1 1 1 1 1 1 1 1 1 1 1 1 1 1 1 1 1 1 1 1 1 1 1 1 1 1 1 1 1 1 1 1 1 1 1 1 1 1 1 1 1 1 1 1 1 1 1 1 1 1 1 1 1 1 1 1 1 1 1 1 1 1 1 1 1 1 1 1 1 1 1 1 1 1 1 1 1 1 1 1 1 1 1 1 1 1 1 1 1 1 1 1 1 1 1 1 1 1 1 1 1 1 1 1 1 1 1 1 1 1 1 1 1 1 1 1 1 1 1 1 1 1 1 1 1 1 1 1 1 1 1 1 1 1 1 1 1 1 1 1 1 1 1 1 1 1 1 1 1 1 1 1 1 1 1 1 1 1 1 1 1 1 1 1 1 1 1 1 1 1 1 1 1 1 1 1 1 1 1 1 1 1 1 1 1 1 1 1 1 1 1 1 1 1 1 1 1 1 1 1 1 1 1 1 1 1 1 1 1 1 1 1 1 1 1 1 1 1 1 1 1 1 1 1 1 1 1 1 1 1 1 1 1 1 1 1 1 1 1 1 1 1 1 1 1 1 1 1 1 1 1 1 1 1 1 1 1 1 1 1 1 1 1 1 1 1 1 1 1 1 1 1 1 1 1 1 1 1 1 1 1 1 1 1 1 1 1 1 1 1 1 1 1 1 1 1 1 1 1 1 1 1 1 1 1 1 1 1 1 1 1 1 1 1 1 1 1 1 1 1 1 1 1 1 1 1 1 1 1 1 1 1 1 1 1 1 1 1 1 1 1 1 1 1 1 1 1 1 1 1 1 1 1 1 1 1 1 1 1 1 1 1 1 1 1 1 1 1 1 1 1 1 1 1 1 1 1 1 1 1 1 1 1 1 1 1 1 1 1 1 1 1 1 1 1 1 1 1 1 1 1 1 1 1 1 1 1 1 1 1 1 1 1 1 1 1 1 1 1 1 1 1 1 1 1 1 1 1 1 1 1 1 1 1 1 1 1 1 1 1 1 1 1 1 1 1 1 1 1 1 1 1 1 1 1 1 1 1 1 1 1 1 1 1 1 1 1 1 1 1
binNumber 10000
binClassNumber 1
binClass_widthVector 500
binClass_lengthVector 500
binClass_disponibility 1000
itemClass_weight 6720 19200 1920 11200 23360 7040 4800 26880 13760 640 3520 320 34240 1600 960 3840 960 3200 3200 1920 13760 9920 29120 5440 13120 35520 16640 6080 5440 960 1600 13120 6820 4340 3720 8370 4340 3100 32550 28830 4650 4960 9610 3100 7130 27900 2790 2790 300 2700 14400 13200 1800 600 17700 7800 3300 4800 21900 5100 21000 8400 22500 4500 15000 6600 14100 21300 300 4500 3600 13200 7500 13500 3000 14400 15300 14700 1200 1800 2320 10730 7540 580 20300 870 1450 8990 18850 11890 7540 20010 7540 24360 580 1450 2450 12950 14000 2450 4550 3500 42000 3150 21000 7000 26950 1750 1400 4200 6650 21000 5100 4420 1020 31960 22780 13940 6120 340 19380 6120 7140 3740 4760 26180 2040 14960 3920 560 5040 1400 1400 35560 3080 16520 840 8680 1680 10920 11480 10360 840 27720 4030 4340 3720 1240 3410 930 1550 12710 27280 15190 8680 16430 3100 15190 31310 5890 6400 3520 11840 8960 5440 8960 4160 8640 41280 5760 6720 17280 2240 12160 4480 12160 9920 20800 14720 4160 3840 640 9280 2560 6400 2560 960 640 16960 6720 51520 8320 16320 21120 15680 16000 7040 960 5440 1920 6080 19200 9600 6080 5760 5440 5440 17920 20300 9860 10150 7540 5220 290 4060 17980 290 11600 15370 26390 2900 4060 4640 4350 4200 3900 14700 4800 15300 8100 2100 300 30600 5100 3300 12000 9900 900 27600 7200 10560 6270 15510 30690 4620 6270 4620 15510 12870 16170 11880 1650 13200 5280 7920 1980 340 4844 1400 332 1380 2070 7119 4980 2118 28645 7383 12600 23112 11480 24455 6760 7843 13524 2282 6740 2058 7475 21228 1650 15136 686 694 6760 29232 35316 7287 25112 19500 3410 5100 4718 11916 339 328 999 29325 14276 660 1992 11865 4236 3883 37557 1388 35100 35310 3817 15179 7678 674 36504 7224 7161 684 28137 680 36676 36380 4746 1765 6560 326 34668 29316 326 23832 24938 11322 28305 5408 27058 24236 36570 1968 345 5264 12005 14388 20650 8027 15356 25308 2034 35086 4704 332 346 2106 20280 20130 27285 7119 3350 35417 14872 11628 3360 1284 34347 324 680 35100 5648 11084 12250 2028 676 35640 6520 1288 996 7656 7150 1750 15007 666 27216 28050 27224 4980 7194 3250 1685 15179 24382 36273 3751 6825 684 700 1610 349 24264 28054 1002 4536 3817 339 7371 1328 7266 7084 4164 7406 6888 5175 1029 4995 1008 678 20400 29325 12276 5472 1620 1665 658 1029 678 19581 6920 11118 4732 36994 11696 24552 23112 20060 11592 36808 27888 2247 13608 3852 342 19680 7128 5344 963 11424 11270 682 4746 19234 1725 11375 690 34662 650 3330 1300 11235 12240 7981 1304 7224 1316 29050 14362 2359 27141 1740 20374 13692 36782 6820 990 19825 29920 5504 1372 3619 37800 694 6600 7370 1605 14190 1735 999 14826 1332 7429 7260 1360 20740 7568 36570 11322 1056 1740 1730 36180 1014 2100 24912 342 1014 350
