itemNumber 50
itemClassNumber 50
itemClass_widthVector 8 7 6 5 4 3 8 7 6 5 4 3 8 7 6 5 4 3 8 7 6 5 4 3 10 9 8 7 6 5 8 7 6 5 4 3 8 5 7 6 6 6 5 5 9 7 9 7 5 8
itemClass_lengthVector 3 14 3 17 12 1 23 8 2 1 2 14 5 6 19 10 4 6 5 10 13 8 2 12 4 7 8 8 5 18 5 4 14 14 3 10 14 13 3 17 17 17 11 11 4 2 3 2 11 13
itemClass_demand 1 1 1 1 1 1 1 1 1 1 1 1 1 1 1 1 1 1 1 1 1 1 1 1 1 1 1 1 1 1 1 1 1 1 1 1 1 1 1 1 1 1 1 1 1 1 1 1 1 1
binNumber 10000
binClassNumber 1
binClass_widthVector 50
binClass_lengthVector 50
binClass_disponibility 1000
itemClass_weight 240 1120 240 1360 960 80 1840 640 160 80 160 1120 400 480 1520 800 320 480 400 800 1040 640 160 960 400 700 800 800 500 1800 400 320 1120 1120 240 800 1162 1118 264 1496 1445 1428 935 891 324 164 267 164 979 1053
