itemNumber 160
itemClassNumber 160
itemClass_widthVector 19 18 17 16 15 14 13 12 11 19 18 17 16 15 14 13 12 11 18 17 16 15 14 13 12 11 10 18 17 16 15 14 13 12 11 10 18 17 16 15 14 13 12 11 10 18 17 16 15 14 13 12 11 10 16 15 14 13 12 11 10 9 8 17 16 15 14 13 12 11 10 9 17 16 15 14 13 12 11 10 9 16 15 16 20 17 17 19 21 16 21 21 16 18 19 14 15 18 14 18 16 19 19 16 18 16 20 14 14 17 13 17 18 17 16 17 17 21 15 14 18 18 13 19 19 15 13 14 20 13 21 18 21 21 17 16 16 17 17 16 16 20 18 20 13 14 19 18 15 19 20 20 13 19 18 14 21 16 14 16
itemClass_lengthVector 36 29 17 17 4 5 21 13 18 5 16 16 50 18 17 8 24 6 15 15 25 7 2 29 42 8 17 3 10 12 19 26 16 62 1 11 6 14 16 68 21 10 10 14 1 13 11 18 37 1 1 27 30 22 13 44 19 25 4 20 17 9 9 8 6 71 24 24 13 2 6 6 3 21 4 22 65 18 1 18 8 3 5 3 29 16 18 29 35 5 37 37 4 17 29 21 4 17 14 18 5 30 16 6 17 5 37 12 20 3 13 4 17 16 6 3 17 36 22 12 16 18 14 18 28 20 13 20 36 12 36 16 35 35 5 5 5 4 18 5 5 37 17 28 12 12 28 17 6 29 29 36 13 16 18 20 36 5 22 4
itemClass_demand 1 1 1 1 1 1 1 1 1 1 1 1 1 1 1 1 1 1 1 1 1 1 1 1 1 1 1 1 1 1 1 1 1 1 1 1 1 1 1 1 1 1 1 1 1 1 1 1 1 1 1 1 1 1 1 1 1 1 1 1 1 1 1 1 1 1 1 1 1 1 1 1 1 1 1 1 1 1 1 1 1 1 1 1 1 1 1 1 1 1 1 1 1 1 1 1 1 1 1 1 1 1 1 1 1 1 1 1 1 1 1 1 1 1 1 1 1 1 1 1 1 1 1 1 1 1 1 1 1 1 1 1 1 1 1 1 1 1 1 1 1 1 1 1 1 1 1 1 1 1 1 1 1 1 1 1 1 1 1 1
binNumber 10000
binClassNumber 1
binClass_widthVector 160
binClass_lengthVector 160
binClass_disponibility 1000
itemClass_weight 6840 5510 3230 3230 760 950 3990 2470 3420 950 3040 3040 9500 3420 3230 1520 4560 1140 2700 2700 4500 1260 360 5220 7560 1440 3060 540 1800 2160 3420 4680 2880 11160 180 1980 1080 2520 2880 12240 3780 1800 1800 2520 180 2340 1980 3240 6660 180 180 4860 5400 3960 2080 7040 3040 4000 640 3200 2720 1440 1440 1360 1020 12070 4080 4080 2210 340 1020 1020 510 3570 680 3740 11050 3060 170 3060 1360 615 960 573 6090 3280 3654 6032 6965 1015 7141 7437 780 3485 5597 4326 828 3468 2898 3528 1020 5880 3328 1242 3502 1010 7437 2316 3860 603 2535 804 3383 3328 1218 609 3264 7308 4400 2364 3152 3474 2828 3690 5712 4060 2613 4120 7344 2472 7020 3120 7175 7350 1015 955 960 824 3456 1025 990 7474 3570 5432 2496 2292 5768 3400 1224 5945 5945 7488 2717 3072 3600 4060 7344 1045 4356 824
