itemNumber 500
itemClassNumber 500
itemClass_widthVector 30 29 28 27 26 25 24 23 22 21 20 19 18 17 16 15 32 31 30 29 28 27 26 25 24 23 22 21 20 19 18 17 31 30 29 28 27 26 25 24 23 22 21 20 19 18 17 16 31 30 29 28 27 26 25 24 23 22 21 20 19 18 17 16 31 30 29 28 27 26 25 24 23 22 21 20 19 18 17 16 30 29 28 27 26 25 24 23 22 21 20 19 18 17 16 15 31 30 29 28 27 26 25 24 23 22 21 20 19 18 17 16 28 27 26 25 24 23 22 21 20 19 18 17 16 15 14 13 32 31 30 29 28 27 26 25 24 23 22 21 20 19 18 17 34 33 32 31 30 29 28 27 26 25 24 23 22 21 20 19 34 33 32 31 30 29 28 27 26 25 24 23 22 21 20 19 33 32 31 30 29 28 27 26 25 24 23 22 21 20 19 18 31 30 29 28 27 26 25 24 23 22 21 20 19 18 17 16 29 28 27 26 25 24 23 22 21 20 19 18 17 16 15 14 34 33 32 31 30 29 28 27 26 25 24 23 22 21 20 19 29 28 27 26 25 24 23 22 21 20 19 18 17 16 15 14 26 20 25 25 22 29 18 24 23 31 27 20 33 21 26 25 29 30 34 28 27 23 19 20 31 20 22 21 28 22 30 19 21 30 21 30 26 30 28 20 19 21 31 27 26 19 25 24 32 30 26 24 29 23 19 34 27 23 25 24 24 31 31 22 23 17 27 24 32 27 33 17 25 22 26 23 19 26 28 32 24 33 31 19 26 19 27 26 18 31 20 20 29 30 31 29 32 34 20 26 26 26 24 19 23 19 31 18 31 31 25 32 30 19 24 17 28 18 23 18 28 22 31 22 18 26 22 26 20 24 28 23 25 26 31 25 21 21 33 30 24 18 28 30 20 23 28 27 19 18 26 21 25 28 27 27 30 23 23 29 30 27 20 23 29 18 20 20 21 28 18 19 19 19 22 18 24 29 32 34 22 24 29 29 29 19 28 27 32 19 22 20 25 19 21 24 20 29 18 24 27 24 22 25 31 18 19 17 21 18 31 31 20 30 22 34 28 27 25 17 20 18 21 31 27 18 33 34 25 31 18 28 32 19 20 25 27 26 24 24 20 26 27 19
itemClass_lengthVector 6 6 61 40 39 3 4 13 137 33 39 24 13 70 2 10 4 19 20 46 56 6 114 3 21 8 33 75 22 59 13 1 12 29 22 11 159 11 12 58 22 22 50 19 4 40 25 4 24 1 34 20 123 119 6 25 26 14 40 2 27 10 11 18 16 4 11 22 49 29 3 63 22 17 22 84 21 111 22 4 12 78 5 12 79 17 6 10 31 4 84 4 81 11 7 59 27 15 10 36 84 15 20 30 18 8 10 92 8 14 26 87 30 46 30 8 84 60 17 46 1 20 13 49 29 55 2 10 20 41 19 16 9 13 59 137 39 1 16 19 1 87 9 14 9 54 36 1 33 44 5 10 5 13 12 4 79 8 68 119 19 3 7 45 12 107 12 3 22 97 7 50 51 10 32 23 22 21 33 69 65 64 15 24 3 38 43 16 51 9 10 17 3 5 94 10 28 9 82 12 116 10 33 26 16 44 6 6 1 10 10 22 8 30 23 39 126 4 10 53 26 13 38 87 82 7 5 10 11 7 35 24 12 6 113 28 39 97 13 11 10 2 1 33 134 29 1 15 11 26 9 5 1 25 168 30 13 24 5 3 40 60 71 32 32 6 4 24 7 24 2 12 40 62 6 40 3 137 12 25 61 25 32 25 39 33 41 71 40 5 38 60 3 60 4 14 69 23 6 2 5 14 5 33 5 40 3 34 61 33 71 5 39 137 4 137 137 5 5 39 137 2 4 12 6 4 6 2 137 38 3 33 70 13 3 6 137 5 6 70 3 70 3 3 1 60 13 13 39 61 6 41 6 7 23 2 5 12 12 14 33 69 5 1 6 5 4 7 5 14 13 2 39 71 33 69 40 33 7 32 69 13 39 13 23 137 40 40 5 13 61 3 25 24 6 61 12 1 40 40 14 38 2 40 12 2 2 23 14 3 38 2 39 136 34 40 39 4 24 32 62 3 25 12 24 4 2 71 69 70 38 69 136 39 5 6 32 32 39 38 61 13 2 5 6 70 39 14 4 14 38 137 24 40 3 136 4 137 33 136 5 3 14 1 38 2 5 5 23 62 38 5 39 4 12 2 13 2 38 5 5 69 6 7 136 6 3 2 6 14 23 3 3 14 33 33 25 5 38 12
itemClass_demand 1 1 1 1 1 1 1 1 1 1 1 1 1 1 1 1 1 1 1 1 1 1 1 1 1 1 1 1 1 1 1 1 1 1 1 1 1 1 1 1 1 1 1 1 1 1 1 1 1 1 1 1 1 1 1 1 1 1 1 1 1 1 1 1 1 1 1 1 1 1 1 1 1 1 1 1 1 1 1 1 1 1 1 1 1 1 1 1 1 1 1 1 1 1 1 1 1 1 1 1 1 1 1 1 1 1 1 1 1 1 1 1 1 1 1 1 1 1 1 1 1 1 1 1 1 1 1 1 1 1 1 1 1 1 1 1 1 1 1 1 1 1 1 1 1 1 1 1 1 1 1 1 1 1 1 1 1 1 1 1 1 1 1 1 1 1 1 1 1 1 1 1 1 1 1 1 1 1 1 1 1 1 1 1 1 1 1 1 1 1 1 1 1 1 1 1 1 1 1 1 1 1 1 1 1 1 1 1 1 1 1 1 1 1 1 1 1 1 1 1 1 1 1 1 1 1 1 1 1 1 1 1 1 1 1 1 1 1 1 1 1 1 1 1 1 1 1 1 1 1 1 1 1 1 1 1 1 1 1 1 1 1 1 1 1 1 1 1 1 1 1 1 1 1 1 1 1 1 1 1 1 1 1 1 1 1 1 1 1 1 1 1 1 1 1 1 1 1 1 1 1 1 1 1 1 1 1 1 1 1 1 1 1 1 1 1 1 1 1 1 1 1 1 1 1 1 1 1 1 1 1 1 1 1 1 1 1 1 1 1 1 1 1 1 1 1 1 1 1 1 1 1 1 1 1 1 1 1 1 1 1 1 1 1 1 1 1 1 1 1 1 1 1 1 1 1 1 1 1 1 1 1 1 1 1 1 1 1 1 1 1 1 1 1 1 1 1 1 1 1 1 1 1 1 1 1 1 1 1 1 1 1 1 1 1 1 1 1 1 1 1 1 1 1 1 1 1 1 1 1 1 1 1 1 1 1 1 1 1 1 1 1 1 1 1 1 1 1 1 1 1 1 1 1 1 1 1 1 1 1 1 1 1 1 1 1 1 1 1 1 1 1 1 1 1 1 1 1 1 1 1 1 1 1 1 1 1 1 1 1 1 1 1 1 1 1 1 1 1 1
binNumber 10000
binClassNumber 1
binClass_widthVector 500
binClass_lengthVector 500
binClass_disponibility 1000
itemClass_weight 1800 1800 18300 12000 11700 900 1200 3900 41100 9900 11700 7200 3900 21000 600 3000 1280 6080 6400 14720 17920 1920 36480 960 6720 2560 10560 24000 7040 18880 4160 320 3720 8990 6820 3410 49290 3410 3720 17980 6820 6820 15500 5890 1240 12400 7750 1240 7440 310 10540 6200 38130 36890 1860 7750 8060 4340 12400 620 8370 3100 3410 5580 4960 1240 3410 6820 15190 8990 930 19530 6820 5270 6820 26040 6510 34410 6820 1240 3600 23400 1500 3600 23700 5100 1800 3000 9300 1200 25200 1200 24300 3300 2100 17700 8370 4650 3100 11160 26040 4650 6200 9300 5580 2480 3100 28520 2480 4340 8060 26970 8400 12880 8400 2240 23520 16800 4760 12880 280 5600 3640 13720 8120 15400 560 2800 6400 13120 6080 5120 2880 4160 18880 43840 12480 320 5120 6080 320 27840 2880 4480 3060 18360 12240 340 11220 14960 1700 3400 1700 4420 4080 1360 26860 2720 23120 40460 6460 1020 2380 15300 4080 36380 4080 1020 7480 32980 2380 17000 17340 3400 10880 7820 7260 6930 10890 22770 21450 21120 4950 7920 990 12540 14190 5280 16830 2970 3300 5610 930 1550 29140 3100 8680 2790 25420 3720 35960 3100 10230 8060 4960 13640 1860 1860 290 2900 2900 6380 2320 8700 6670 11310 36540 1160 2900 15370 7540 3770 11020 25230 27880 2380 1700 3400 3740 2380 11900 8160 4080 2040 38420 9520 13260 32980 4420 3740 2900 580 290 9570 38860 8410 290 4350 3190 7540 2610 1450 290 7250 48720 8700 4056 7440 1650 993 12840 19740 21371 9824 9888 1980 1244 7392 2135 7848 606 3852 12680 19654 1806 12880 942 43840 3840 7975 18666 7675 10336 7925 12246 10032 12792 21868 12760 1610 12502 18840 954 19380 1252 4452 21666 7429 1896 616 1595 4298 1625 10362 1600 12440 993 11220 18544 10560 22720 1520 12558 44799 1320 42744 43429 1620 1600 12831 44114 650 1280 3864 1902 1228 1914 624 42470 11932 969 10692 22750 4303 930 1896 42059 1580 1932 22470 957 22750 969 909 310 18060 4212 4056 12597 19703 1950 13079 1890 2275 7291 614 1625 3864 3900 4368 10692 21321 1535 302 1836 1530 1248 2135 1510 4214 4095 630 12402 21442 9999 22080 12120 10824 2317 10464 21666 4277 12090 4290 7084 44114 13120 12200 1520 4082 18788 927 7650 7944 1914 19215 3864 329 13160 12160 4494 11970 642 13000 3624 610 652 6992 4228 990 12274 658 12012 43656 10948 13120 11973 1300 7920 10144 19220 918 7975 3912 7824 1312 624 22720 20907 22750 12350 22080 44064 12792 1635 1926 10112 9728 12246 12312 19703 4238 652 1620 1890 22050 12168 4508 1240 4424 11780 43155 7512 12960 951 42024 1208 42881 10626 42840 1535 924 4438 329 12008 618 1510 1605 7245 20522 11514 1545 12870 1300 3612 640 3913 634 12388 1585 1505 21735 1848 2198 41480 1986 948 604 1854 4368 6969 921 924 4522 10428 10824 7575 1570 12084 3840
