itemNumber 300
itemClassNumber 300
itemClass_widthVector 23 22 21 20 19 18 17 16 15 14 13 12 11 23 22 21 20 19 18 17 16 15 14 13 12 11 21 20 19 18 17 16 15 14 13 12 11 10 9 26 25 24 23 22 21 20 19 18 17 16 15 14 25 24 23 22 21 20 19 18 17 16 15 14 13 23 22 21 20 19 18 17 16 15 14 13 12 11 21 20 19 18 17 16 15 14 13 12 11 10 9 24 23 22 21 20 19 18 17 16 15 14 13 12 22 21 20 19 18 17 16 15 14 13 12 11 10 23 22 21 20 19 18 17 16 15 14 13 12 11 23 22 21 20 19 18 17 16 15 14 13 12 11 22 21 20 19 18 17 16 15 14 13 12 11 10 24 23 22 21 20 19 18 17 16 15 14 13 12 17 25 14 25 13 23 17 24 17 25 21 18 24 16 26 15 24 25 16 19 13 18 18 16 21 17 24 19 21 24 15 16 21 16 22 24 26 16 23 25 16 15 23 22 19 20 23 20 24 18 14 19 14 18 23 13 15 18 22 24 25 17 24 14 25 26 19 16 25 18 23 16 20 20 21 20 23 24 15 15 18 24 21 21 19 18 13 26 14 20 19 24 19 21 26 15 22 17 18 13 23 16 16 23 25 19 16 20 20 24 23 15 17 15 20 13 16 24 20 16 16 14 25 26 17 20 16 23 16 17 19
itemClass_lengthVector 11 14 33 34 1 5 38 24 56 5 62 13 4 17 78 34 17 12 18 28 6 5 45 5 8 27 4 12 14 20 38 12 1 22 83 29 28 17 20 23 39 1 7 6 24 46 65 25 7 13 13 31 22 18 21 30 7 13 20 7 43 42 27 24 26 17 9 79 1 13 9 2 64 2 19 23 13 49 3 13 56 39 9 22 34 6 39 6 5 42 26 40 30 28 2 76 23 9 46 2 6 8 6 24 27 7 1 16 8 33 40 24 5 98 1 33 7 13 40 5 24 8 56 7 9 9 42 15 17 55 26 33 7 6 7 44 2 7 27 69 57 2 13 6 35 1 18 20 27 5 35 38 41 7 2 65 24 83 9 10 9 4 11 68 14 40 13 9 6 57 13 12 14 13 33 23 14 23 15 2 24 34 4 12 62 13 12 56 5 13 23 38 4 34 55 13 5 33 13 62 6 1 56 34 14 11 56 33 10 56 61 32 35 37 1 35 6 15 39 61 5 61 25 14 14 63 39 33 11 12 57 33 63 15 11 37 57 14 37 32 6 1 5 2 1 14 32 61 62 23 14 1 1 37 23 14 12 12 1 38 11 4 1 10 6 34 55 38 12 35 57 4 33 12 37 5 1 2 34 33 63 55 63 1 12 57 13 1 5 57 12 11 10 25 6 55 35 4 24 39
itemClass_demand 1 1 1 1 1 1 1 1 1 1 1 1 1 1 1 1 1 1 1 1 1 1 1 1 1 1 1 1 1 1 1 1 1 1 1 1 1 1 1 1 1 1 1 1 1 1 1 1 1 1 1 1 1 1 1 1 1 1 1 1 1 1 1 1 1 1 1 1 1 1 1 1 1 1 1 1 1 1 1 1 1 1 1 1 1 1 1 1 1 1 1 1 1 1 1 1 1 1 1 1 1 1 1 1 1 1 1 1 1 1 1 1 1 1 1 1 1 1 1 1 1 1 1 1 1 1 1 1 1 1 1 1 1 1 1 1 1 1 1 1 1 1 1 1 1 1 1 1 1 1 1 1 1 1 1 1 1 1 1 1 1 1 1 1 1 1 1 1 1 1 1 1 1 1 1 1 1 1 1 1 1 1 1 1 1 1 1 1 1 1 1 1 1 1 1 1 1 1 1 1 1 1 1 1 1 1 1 1 1 1 1 1 1 1 1 1 1 1 1 1 1 1 1 1 1 1 1 1 1 1 1 1 1 1 1 1 1 1 1 1 1 1 1 1 1 1 1 1 1 1 1 1 1 1 1 1 1 1 1 1 1 1 1 1 1 1 1 1 1 1 1 1 1 1 1 1 1 1 1 1 1 1 1 1 1 1 1 1 1 1 1 1 1 1 1 1 1 1 1 1
binNumber 10000
binClassNumber 1
binClass_widthVector 300
binClass_lengthVector 300
binClass_disponibility 1000
itemClass_weight 2530 3220 7590 7820 230 1150 8740 5520 12880 1150 14260 2990 920 3910 17940 7820 3910 2760 4140 6440 1380 1150 10350 1150 1840 6210 840 2520 2940 4200 7980 2520 210 4620 17430 6090 5880 3570 4200 5980 10140 260 1820 1560 6240 11960 16900 6500 1820 3380 3380 8060 5500 4500 5250 7500 1750 3250 5000 1750 10750 10500 6750 6000 6500 3910 2070 18170 230 2990 2070 460 14720 460 4370 5290 2990 11270 630 2730 11760 8190 1890 4620 7140 1260 8190 1260 1050 8820 5460 9600 7200 6720 480 18240 5520 2160 11040 480 1440 1920 1440 5760 5940 1540 220 3520 1760 7260 8800 5280 1100 21560 220 7260 1540 2990 9200 1150 5520 1840 12880 1610 2070 2070 9660 3450 3910 12650 5980 7590 1610 1380 1610 10120 460 1610 6210 15870 13110 460 2990 1320 7700 220 3960 4400 5940 1100 7700 8360 9020 1540 440 14300 5760 19920 2160 2400 2160 960 2640 16320 3360 9600 3120 2160 1440 14307 3211 2820 3514 3003 7788 5819 3276 5819 3780 496 5712 7888 932 2928 15748 3107 3000 14224 1155 3068 5796 9196 972 8500 13805 3081 1225 7623 3172 14880 1524 233 13160 7990 3556 2750 12936 7920 2340 13104 14884 8064 8820 8695 240 8470 1500 3780 9243 14335 1165 15189 5850 3234 3528 15435 9633 7887 2563 2856 13566 7953 15561 3465 2673 9028 13794 3388 9250 7424 1446 239 1165 482 254 3332 7808 14945 15314 5658 3528 248 243 8954 5520 3388 2904 3024 238 9006 2607 988 233 2440 1494 8466 12760 8854 3036 8260 13338 960 7953 2904 8954 1190 240 502 8568 8151 15561 12925 14931 247 2988 13623 3120 236 1200 13737 3012 2673 2470 6350 1518 13805 8785 928 5976 9204
