itemNumber 170
itemClassNumber 170
itemClass_widthVector 19 18 17 16 15 14 13 12 11 10 18 17 16 15 14 13 12 11 10 9 17 16 15 14 13 12 11 10 9 8 17 16 15 14 13 12 11 10 9 8 17 16 15 14 13 12 11 10 9 8 16 15 14 13 12 11 10 9 8 7 19 18 17 16 15 14 13 12 11 10 17 16 15 14 13 12 11 10 9 8 15 14 13 12 11 10 9 8 7 6 15 14 13 12 11 10 9 8 7 6 21 21 16 13 14 20 18 17 20 14 19 16 17 15 13 18 17 15 20 19 17 19 14 20 18 14 14 20 14 17 18 17 15 15 14 19 18 13 14 20 13 21 18 21 21 17 12 12 17 17 16 16 20 13 12 20 18 16 18 17 20 21 16 20 13 19 18 14 21 16
itemClass_lengthVector 36 28 1 17 17 4 5 21 35 6 5 16 16 50 18 17 8 24 10 6 15 2 13 25 9 5 24 42 8 27 3 2 8 57 16 4 30 28 1 21 29 10 8 4 14 36 3 21 27 18 20 2 43 39 19 16 1 23 6 1 20 36 3 46 9 4 15 9 19 9 45 10 23 3 11 3 17 3 42 13 3 1 44 20 8 9 2 29 4 50 7 1 18 6 25 46 14 21 29 3 37 37 3 34 20 29 17 18 28 6 1 17 16 6 22 17 17 4 29 1 17 1 5 29 16 5 6 35 21 18 1 17 4 5 22 1 18 21 4 36 20 36 16 35 35 18 35 35 17 18 4 4 37 34 34 29 18 16 1 17 36 37 5 36 21 1 2 4 36 18
itemClass_demand 1 1 1 1 1 1 1 1 1 1 1 1 1 1 1 1 1 1 1 1 1 1 1 1 1 1 1 1 1 1 1 1 1 1 1 1 1 1 1 1 1 1 1 1 1 1 1 1 1 1 1 1 1 1 1 1 1 1 1 1 1 1 1 1 1 1 1 1 1 1 1 1 1 1 1 1 1 1 1 1 1 1 1 1 1 1 1 1 1 1 1 1 1 1 1 1 1 1 1 1 1 1 1 1 1 1 1 1 1 1 1 1 1 1 1 1 1 1 1 1 1 1 1 1 1 1 1 1 1 1 1 1 1 1 1 1 1 1 1 1 1 1 1 1 1 1 1 1 1 1 1 1 1 1 1 1 1 1 1 1 1 1 1 1 1 1 1 1 1 1
binNumber 10000
binClassNumber 1
binClass_widthVector 170
binClass_lengthVector 170
binClass_disponibility 1000
itemClass_weight 6840 5320 190 3230 3230 760 950 3990 6650 1140 900 2880 2880 9000 3240 3060 1440 4320 1800 1080 2550 340 2210 4250 1530 850 4080 7140 1360 4590 510 340 1360 9690 2720 680 5100 4760 170 3570 4930 1700 1360 680 2380 6120 510 3570 4590 3060 3200 320 6880 6240 3040 2560 160 3680 960 160 3800 6840 570 8740 1710 760 2850 1710 3610 1710 7650 1700 3910 510 1870 510 2890 510 7140 2210 450 150 6600 3000 1200 1350 300 4350 600 7500 1050 150 2700 900 3750 6900 2100 3150 4350 450 7141 7437 585 6800 3960 5800 3315 3600 5796 1248 206 3570 3168 1248 4400 3519 3298 816 5742 193 3417 200 1020 5742 3264 1000 1206 7070 4410 3690 197 3366 788 1045 4246 203 3654 4221 824 7344 4120 7020 3120 7175 7350 3654 6685 6720 3502 3456 820 792 7474 6596 6902 5655 3456 3104 200 3536 7308 7178 1025 7488 4389 192 400 812 7344 3762
