itemNumber 190
itemClassNumber 190
itemClass_widthVector 19 18 17 16 15 14 13 12 11 10 18 17 16 15 14 13 12 11 10 9 18 17 16 15 14 13 12 11 10 9 22 21 20 19 18 17 16 15 14 13 21 20 19 18 17 16 15 14 13 12 18 17 16 15 14 13 12 11 10 9 18 17 16 15 14 13 12 11 10 9 20 19 18 17 16 15 14 13 12 11 17 16 15 14 13 12 11 10 9 8 19 18 17 16 15 14 13 12 11 10 19 12 16 13 13 16 17 21 20 12 15 20 20 17 13 21 20 20 15 15 17 19 13 13 19 18 17 13 15 15 13 13 20 13 14 21 17 14 14 17 17 20 13 15 14 21 18 19 16 13 18 16 18 17 14 18 19 13 14 14 16 15 15 14 15 21 16 20 15 17 20 14 16 17 19 19 21 20 21 12 18 18 14 16 19 16 20 12 19 18
itemClass_lengthVector 13 33 23 13 29 31 12 22 12 2 37 11 19 13 6 15 31 25 10 23 48 31 17 6 3 28 12 5 20 20 2 13 10 26 11 41 1 14 14 58 10 7 9 9 17 86 28 2 10 12 17 56 18 31 28 15 11 7 4 3 11 9 26 23 43 41 9 16 2 10 25 6 23 35 15 17 28 10 30 1 29 31 4 1 4 39 11 58 7 6 2 6 48 15 45 9 37 8 10 10 24 12 30 12 11 30 14 13 14 12 30 14 32 29 13 12 12 33 30 30 29 23 11 22 22 23 12 22 11 11 11 22 12 21 23 12 14 12 23 12 30 14 11 30 12 14 24 22 28 22 24 29 22 30 22 24 33 13 13 12 32 31 32 21 11 13 28 32 31 12 32 23 32 28 22 22 13 12 12 12 13 23 23 30 33 32 34 11 22 22
itemClass_demand 1 1 1 1 1 1 1 1 1 1 1 1 1 1 1 1 1 1 1 1 1 1 1 1 1 1 1 1 1 1 1 1 1 1 1 1 1 1 1 1 1 1 1 1 1 1 1 1 1 1 1 1 1 1 1 1 1 1 1 1 1 1 1 1 1 1 1 1 1 1 1 1 1 1 1 1 1 1 1 1 1 1 1 1 1 1 1 1 1 1 1 1 1 1 1 1 1 1 1 1 1 1 1 1 1 1 1 1 1 1 1 1 1 1 1 1 1 1 1 1 1 1 1 1 1 1 1 1 1 1 1 1 1 1 1 1 1 1 1 1 1 1 1 1 1 1 1 1 1 1 1 1 1 1 1 1 1 1 1 1 1 1 1 1 1 1 1 1 1 1 1 1 1 1 1 1 1 1 1 1 1 1 1 1 1 1 1 1 1 1
binNumber 10000
binClassNumber 1
binClass_widthVector 190
binClass_lengthVector 190
binClass_disponibility 1000
itemClass_weight 2470 6270 4370 2470 5510 5890 2280 4180 2280 380 6660 1980 3420 2340 1080 2700 5580 4500 1800 4140 8640 5580 3060 1080 540 5040 2160 900 3600 3600 440 2860 2200 5720 2420 9020 220 3080 3080 12760 2100 1470 1890 1890 3570 18060 5880 420 2100 2520 3060 10080 3240 5580 5040 2700 1980 1260 720 540 1980 1620 4680 4140 7740 7380 1620 2880 360 1800 5000 1200 4600 7000 3000 3400 5600 2000 6000 200 4930 5270 680 170 680 6630 1870 9860 1190 1020 380 1140 9120 2850 8550 1710 7030 1520 1900 1900 4776 2388 6060 2340 2233 6210 2702 2574 2758 2484 6210 2716 6624 6061 2613 2400 2304 6303 6150 6180 5858 4554 2112 4246 4576 4577 2496 4554 2167 2244 2255 4400 2340 4389 4485 2496 2814 2436 4577 2484 6270 2940 2255 6060 2340 2716 4872 4554 5488 4532 4656 5974 4554 6240 4356 5040 6303 2613 2574 2508 6240 5921 6272 4263 2310 2561 5600 6304 6355 2292 6528 4600 6464 5544 4466 4444 2561 2400 2328 2328 2548 4830 4462 5850 6666 6720 6902 2167 4378 4224
