itemNumber 100
itemClassNumber 100
itemClass_widthVector 12 11 10 9 8 7 6 5 11 10 9 8 7 6 5 4 13 12 11 10 9 8 7 6 13 12 11 10 9 8 7 6 12 11 10 9 8 7 6 5 12 11 10 9 8 7 6 5 13 12 11 10 9 8 7 6 14 13 12 11 10 9 8 7 7 9 13 12 12 11 11 8 9 10 12 12 13 14 7 9 14 7 12 7 8 13 12 8 13 9 13 14 8 10 13 14 14 7 9 8
itemClass_lengthVector 24 2 7 1 4 21 3 38 26 2 36 1 9 13 10 3 35 4 29 6 2 1 14 9 17 36 3 6 4 17 5 12 11 1 8 12 30 1 20 17 17 7 11 15 2 2 37 9 3 16 36 15 4 16 9 1 52 2 7 1 10 7 17 4 2 5 1 3 6 7 7 21 5 2 7 2 3 24 4 3 24 4 8 4 21 25 1 21 24 3 1 25 22 1 3 25 25 4 3 22
itemClass_demand 1 1 1 1 1 1 1 1 1 1 1 1 1 1 1 1 1 1 1 1 1 1 1 1 1 1 1 1 1 1 1 1 1 1 1 1 1 1 1 1 1 1 1 1 1 1 1 1 1 1 1 1 1 1 1 1 1 1 1 1 1 1 1 1 1 1 1 1 1 1 1 1 1 1 1 1 1 1 1 1 1 1 1 1 1 1 1 1 1 1 1 1 1 1 1 1 1 1 1 1
binNumber 10000
binClassNumber 1
binClass_widthVector 100
binClass_lengthVector 100
binClass_disponibility 1000
itemClass_weight 2880 240 840 120 480 2520 360 4560 2860 220 3960 110 990 1430 1100 330 4550 520 3770 780 260 130 1820 1170 2210 4680 390 780 520 2210 650 1560 1320 120 960 1440 3600 120 2400 2040 2040 840 1320 1800 240 240 4440 1080 390 2080 4680 1950 520 2080 1170 130 7280 280 980 140 1400 980 2380 560 266 645 122 369 732 910 889 2772 625 260 854 252 366 3192 516 396 2952 496 1032 508 2793 3275 127 2730 2976 363 125 3275 2750 130 384 3225 3125 528 393 2662
