itemNumber 200
itemClassNumber 200
itemClass_widthVector 19 18 17 16 15 14 13 12 11 10 9 19 18 17 16 15 14 13 12 11 10 9 17 16 15 14 13 12 11 10 9 8 7 18 17 16 15 14 13 12 11 10 9 8 18 17 16 15 14 13 12 11 10 9 8 18 17 16 15 14 13 12 11 10 9 8 18 17 16 15 14 13 12 11 10 9 8 18 17 16 15 14 13 12 11 10 9 8 17 16 15 14 13 12 11 10 9 8 7 20 19 18 17 16 15 14 13 12 11 10 18 17 16 15 14 13 12 11 10 9 8 18 13 16 12 20 15 19 20 17 18 14 14 15 20 12 20 19 14 16 13 13 15 13 21 12 16 19 16 18 19 13 15 12 13 20 12 17 14 16 13 18 17 19 15 18 14 19 20 12 15 18 13 17 21 18 20 20 14 15 19 14 20 16 21 15 18 19 11 14 11 15 16 18 14 12 17 16 18 12
itemClass_lengthVector 4 4 25 5 33 5 35 45 20 15 9 31 37 13 8 22 42 10 1 4 9 23 34 27 7 4 30 16 8 15 7 8 44 37 4 17 7 41 8 14 36 15 9 12 43 4 3 26 12 55 3 4 26 11 13 20 12 37 9 2 25 16 24 8 26 21 9 29 3 26 30 12 20 47 7 7 10 2 8 2 6 5 59 20 16 36 41 5 14 15 12 15 19 3 1 16 5 55 45 2 11 20 1 9 21 19 57 35 15 10 14 16 20 51 12 21 7 6 12 37 4 26 21 6 16 3 35 24 5 33 5 45 46 36 5 19 5 4 34 34 20 44 6 45 5 21 4 26 34 24 3 19 36 20 20 3 14 32 35 32 20 5 6 24 4 24 36 4 4 21 35 5 20 4 3 6 4 3 44 4 5 44 5 4 4 6 26 26 15 36 15 35 32 26 44 19 5 33 6 14
itemClass_demand 1 1 1 1 1 1 1 1 1 1 1 1 1 1 1 1 1 1 1 1 1 1 1 1 1 1 1 1 1 1 1 1 1 1 1 1 1 1 1 1 1 1 1 1 1 1 1 1 1 1 1 1 1 1 1 1 1 1 1 1 1 1 1 1 1 1 1 1 1 1 1 1 1 1 1 1 1 1 1 1 1 1 1 1 1 1 1 1 1 1 1 1 1 1 1 1 1 1 1 1 1 1 1 1 1 1 1 1 1 1 1 1 1 1 1 1 1 1 1 1 1 1 1 1 1 1 1 1 1 1 1 1 1 1 1 1 1 1 1 1 1 1 1 1 1 1 1 1 1 1 1 1 1 1 1 1 1 1 1 1 1 1 1 1 1 1 1 1 1 1 1 1 1 1 1 1 1 1 1 1 1 1 1 1 1 1 1 1 1 1 1 1 1 1 1 1 1 1 1 1
binNumber 10000
binClassNumber 1
binClass_widthVector 200
binClass_lengthVector 200
binClass_disponibility 1000
itemClass_weight 760 760 4750 950 6270 950 6650 8550 3800 2850 1710 5890 7030 2470 1520 4180 7980 1900 190 760 1710 4370 5780 4590 1190 680 5100 2720 1360 2550 1190 1360 7480 6660 720 3060 1260 7380 1440 2520 6480 2700 1620 2160 7740 720 540 4680 2160 9900 540 720 4680 1980 2340 3600 2160 6660 1620 360 4500 2880 4320 1440 4680 3780 1620 5220 540 4680 5400 2160 3600 8460 1260 1260 1800 360 1440 360 1080 900 10620 3600 2880 6480 7380 900 2380 2550 2040 2550 3230 510 170 2720 850 9350 7650 400 2200 4000 200 1800 4200 3800 11400 7000 3000 2000 2520 2880 3600 9180 2160 3780 1260 1080 2160 6660 720 5044 4053 1176 3072 609 6965 4800 1040 6534 980 8775 9062 7092 1030 3686 1000 788 6630 6528 3960 8712 1254 9450 990 4074 808 5148 6766 5040 630 3838 7524 4100 4060 609 2856 6496 6755 6240 4140 955 1164 4728 784 4752 7344 776 828 4053 7000 1045 3980 784 585 1164 840 585 8844 824 995 8580 990 816 804 1164 5434 4992 3090 7020 3045 7105 6496 5330 8580 3629 1030 6666 1218 2758
