itemNumber 160
itemClassNumber 160
itemClass_widthVector 19 18 17 16 15 14 13 12 11 19 18 17 16 15 14 13 12 11 18 17 16 15 14 13 12 11 10 17 16 15 14 13 12 11 10 9 17 16 15 14 13 12 11 10 9 19 18 17 16 15 14 13 12 11 16 15 14 13 12 11 10 9 8 16 15 14 13 12 11 10 9 8 19 18 17 16 15 14 13 12 11 21 13 19 19 13 21 16 19 15 14 19 14 13 14 19 17 14 19 19 20 21 17 13 15 14 18 19 20 19 17 14 13 16 15 14 16 19 15 13 13 18 18 15 13 15 15 19 20 20 14 13 14 15 19 20 16 17 17 17 14 21 21 19 20 14 14 14 17 18 17 17 14 20 15 18 17 19 16 17
itemClass_lengthVector 11 13 13 41 24 14 22 15 7 51 9 16 8 29 15 5 19 8 8 10 10 46 1 28 29 13 15 19 4 28 19 17 15 6 37 15 16 30 3 66 5 5 6 13 16 6 42 6 16 8 23 51 3 5 4 15 1 4 30 9 36 51 10 41 8 2 8 5 16 62 15 3 62 4 10 25 7 18 8 19 7 10 14 13 12 15 10 23 13 13 16 13 14 16 22 12 24 15 14 13 13 11 42 15 23 21 42 12 12 12 23 16 15 25 14 22 23 13 13 15 16 41 13 23 15 23 15 12 13 11 15 14 21 15 14 12 25 24 41 25 23 12 12 13 14 22 14 16 41 14 40 24 14 14 21 14 42 12 15 40
itemClass_demand 1 1 1 1 1 1 1 1 1 1 1 1 1 1 1 1 1 1 1 1 1 1 1 1 1 1 1 1 1 1 1 1 1 1 1 1 1 1 1 1 1 1 1 1 1 1 1 1 1 1 1 1 1 1 1 1 1 1 1 1 1 1 1 1 1 1 1 1 1 1 1 1 1 1 1 1 1 1 1 1 1 1 1 1 1 1 1 1 1 1 1 1 1 1 1 1 1 1 1 1 1 1 1 1 1 1 1 1 1 1 1 1 1 1 1 1 1 1 1 1 1 1 1 1 1 1 1 1 1 1 1 1 1 1 1 1 1 1 1 1 1 1 1 1 1 1 1 1 1 1 1 1 1 1 1 1 1 1 1 1
binNumber 10000
binClassNumber 1
binClass_widthVector 160
binClass_lengthVector 160
binClass_disponibility 1000
itemClass_weight 2090 2470 2470 7790 4560 2660 4180 2850 1330 9690 1710 3040 1520 5510 2850 950 3610 1520 1440 1800 1800 8280 180 5040 5220 2340 2700 3230 680 4760 3230 2890 2550 1020 6290 2550 2720 5100 510 11220 850 850 1020 2210 2720 1140 7980 1140 3040 1520 4370 9690 570 950 640 2400 160 640 4800 1440 5760 8160 1600 6560 1280 320 1280 800 2560 9920 2400 480 11780 760 1900 4750 1330 3420 1520 3610 1330 2040 2688 2691 2340 3135 2020 4830 2600 2509 3072 2509 2674 3360 4620 2328 4872 3120 2800 2574 2587 2145 8442 3015 4531 4263 8274 2424 2388 2472 4669 3360 2880 4975 2730 4202 4416 2704 2561 2865 3136 8528 2509 4485 2865 4715 2910 2436 2587 2112 2985 2702 4368 3090 2884 2484 5175 5040 8528 4925 4761 2292 2496 2548 2856 4532 2856 3104 8159 2688 7640 4752 2926 2758 4284 2912 8736 2352 2955 7800
