itemNumber 400
itemClassNumber 400
itemClass_widthVector 29 28 27 26 25 24 23 22 21 20 19 18 17 16 15 29 28 27 26 25 24 23 22 21 20 19 18 17 16 15 24 23 22 21 20 19 18 17 16 15 14 13 12 11 10 23 22 21 20 19 18 17 16 15 14 13 12 11 10 9 24 23 22 21 20 19 18 17 16 15 14 13 12 11 10 25 24 23 22 21 20 19 18 17 16 15 14 13 12 11 29 28 27 26 25 24 23 22 21 20 19 18 17 16 15 25 24 23 22 21 20 19 18 17 16 15 14 13 12 11 28 27 26 25 24 23 22 21 20 19 18 17 16 15 14 29 28 27 26 25 24 23 22 21 20 19 18 17 16 15 28 27 26 25 24 23 22 21 20 19 18 17 16 15 14 29 28 27 26 25 24 23 22 21 20 19 18 17 16 15 25 24 23 22 21 20 19 18 17 16 15 14 13 12 11 26 25 24 23 22 21 20 19 18 17 16 15 14 13 12 27 26 25 24 23 22 21 20 19 18 17 16 15 14 13 21 21 30 19 18 21 17 21 22 31 28 31 19 25 23 24 29 28 30 19 25 28 25 20 26 21 23 26 29 23 24 26 20 22 18 28 29 23 28 25 25 29 27 21 18 18 22 21 31 23 21 24 25 26 31 30 29 23 30 28 21 20 23 28 19 27 18 22 23 29 29 21 20 31 28 25 29 28 24 19 24 22 21 29 20 28 24 17 27 31 22 18 30 28 26 31 18 31 28 23 27 29 26 23 24 22 30 17 23 29 28 30 32 19 24 17 21 30 24 22 30 18 26 20 26 23 29 24 25 26 32 31 31 24 27 26 30 20 30 20 27 29 31 31 24 28 25 18 27 27 19 21 27 27 30 24 25 18 32 19 30 19 27 29 27 26 28 32 24 25 27 23 18 23 25
itemClass_lengthVector 19 63 27 82 11 19 7 33 18 19 13 16 22 22 29 70 19 5 91 2 26 16 33 2 5 18 59 31 14 9 86 28 24 18 3 8 79 4 9 57 22 21 3 34 4 17 13 1 39 38 18 11 48 1 31 51 100 19 2 11 3 16 4 35 20 49 20 30 21 104 14 6 59 2 17 66 8 59 2 33 7 27 13 15 20 14 2 34 11 89 38 4 75 12 3 11 42 32 53 33 17 31 13 21 15 13 95 1 3 47 36 38 5 29 8 54 14 8 39 10 9 1 21 21 2 48 55 54 1 20 95 18 6 46 3 42 21 9 37 22 41 5 24 2 35 78 13 38 19 14 44 37 38 14 19 51 16 32 30 25 42 1 8 1 42 50 8 22 9 39 19 22 48 47 1 4 8 90 20 13 130 11 29 15 23 4 30 6 33 51 30 2 2 9 25 52 19 28 4 8 30 59 51 35 12 3 13 68 11 7 15 26 48 42 6 41 30 28 22 57 31 39 2 2 11 19 13 27 16 22 13 21 20 19 18 83 62 22 19 33 33 28 82 62 23 18 12 8 17 8 14 20 19 27 32 6 18 17 18 23 11 27 32 82 7 18 83 19 18 21 22 19 14 19 19 20 19 8 7 18 26 26 34 64 26 12 13 32 28 17 83 23 17 32 62 81 13 13 62 27 19 27 10 33 22 8 19 20 82 12 12 17 21 18 62 17 22 27 12 7 19 21 18 12 20 82 27 7 18 32 19 27 22 20 28 83 18 19 23 32 23 20 26 8 19 63 21 10 16 6 17 81 7 7 10 20 64 18 7 10 20 64 15 19 12 83 28 64 64 8 12 32 22 18 19 22 18 19 20 20 19 7 21 18 16 18 21 18 62 81 6 12 20 7 6 18 18 23 34 18
itemClass_demand 1 1 1 1 1 1 1 1 1 1 1 1 1 1 1 1 1 1 1 1 1 1 1 1 1 1 1 1 1 1 1 1 1 1 1 1 1 1 1 1 1 1 1 1 1 1 1 1 1 1 1 1 1 1 1 1 1 1 1 1 1 1 1 1 1 1 1 1 1 1 1 1 1 1 1 1 1 1 1 1 1 1 1 1 1 1 1 1 1 1 1 1 1 1 1 1 1 1 1 1 1 1 1 1 1 1 1 1 1 1 1 1 1 1 1 1 1 1 1 1 1 1 1 1 1 1 1 1 1 1 1 1 1 1 1 1 1 1 1 1 1 1 1 1 1 1 1 1 1 1 1 1 1 1 1 1 1 1 1 1 1 1 1 1 1 1 1 1 1 1 1 1 1 1 1 1 1 1 1 1 1 1 1 1 1 1 1 1 1 1 1 1 1 1 1 1 1 1 1 1 1 1 1 1 1 1 1 1 1 1 1 1 1 1 1 1 1 1 1 1 1 1 1 1 1 1 1 1 1 1 1 1 1 1 1 1 1 1 1 1 1 1 1 1 1 1 1 1 1 1 1 1 1 1 1 1 1 1 1 1 1 1 1 1 1 1 1 1 1 1 1 1 1 1 1 1 1 1 1 1 1 1 1 1 1 1 1 1 1 1 1 1 1 1 1 1 1 1 1 1 1 1 1 1 1 1 1 1 1 1 1 1 1 1 1 1 1 1 1 1 1 1 1 1 1 1 1 1 1 1 1 1 1 1 1 1 1 1 1 1 1 1 1 1 1 1 1 1 1 1 1 1 1 1 1 1 1 1 1 1 1 1 1 1 1 1 1 1 1 1 1 1 1 1 1 1 1 1 1 1 1 1 1 1 1 1 1 1 1 1 1 1 1 1 1 1 1 1 1 1
binNumber 10000
binClassNumber 1
binClass_widthVector 400
binClass_lengthVector 400
binClass_disponibility 1000
itemClass_weight 5510 18270 7830 23780 3190 5510 2030 9570 5220 5510 3770 4640 6380 6380 8410 20300 5510 1450 26390 580 7540 4640 9570 580 1450 5220 17110 8990 4060 2610 20640 6720 5760 4320 720 1920 18960 960 2160 13680 5280 5040 720 8160 960 3910 2990 230 8970 8740 4140 2530 11040 230 7130 11730 23000 4370 460 2530 720 3840 960 8400 4800 11760 4800 7200 5040 24960 3360 1440 14160 480 4080 16500 2000 14750 500 8250 1750 6750 3250 3750 5000 3500 500 8500 2750 22250 11020 1160 21750 3480 870 3190 12180 9280 15370 9570 4930 8990 3770 6090 4350 3250 23750 250 750 11750 9000 9500 1250 7250 2000 13500 3500 2000 9750 2500 2520 280 5880 5880 560 13440 15400 15120 280 5600 26600 5040 1680 12880 840 12180 6090 2610 10730 6380 11890 1450 6960 580 10150 22620 3770 11020 5510 4060 12320 10360 10640 3920 5320 14280 4480 8960 8400 7000 11760 280 2240 280 11760 14500 2320 6380 2610 11310 5510 6380 13920 13630 290 1160 2320 26100 5800 3770 32500 2750 7250 3750 5750 1000 7500 1500 8250 12750 7500 500 500 2250 6250 13520 4940 7280 1040 2080 7800 15340 13260 9100 3120 780 3380 17680 2860 1820 4050 7020 12960 11340 1620 11070 8100 7560 5940 15390 8370 10530 540 540 2970 6042 4043 8316 4784 6622 3991 6363 6320 5700 5544 24236 19654 6534 5719 10098 10527 8708 24272 18414 6808 5364 3636 2392 5338 2560 4312 5860 5814 8235 9632 1764 5274 4947 5706 7084 3509 8019 10112 24190 2051 5634 24236 5985 5328 6405 6622 5719 4172 5814 6023 6180 5814 2368 2135 5562 7982 7800 10166 19072 7904 3804 4134 9792 8260 4964 26311 7176 5134 9856 18910 24057 4030 3991 18414 8100 5776 8532 2940 10131 6556 2504 5529 5940 23944 3768 3672 5355 6510 5346 19406 5304 6534 8559 3516 2198 5928 6720 5418 3636 6400 25666 8154 2093 5508 10176 5567 8397 6930 6180 8904 24402 5418 5681 7291 9792 6900 5940 8190 2488 5909 19908 6489 3100 4912 1782 5304 25434 2135 2121 2980 6340 19968 5634 2149 3070 6180 20096 4365 5605 3612 25730 8820 19712 18880 2336 3588 9664 6820 5688 5681 6754 5256 5529 6260 6260 5985 2086 6510 5670 4800 5562 6153 5760 19096 25353 1908 3576 6140 2065 1884 5328 5580 6808 10812 5382
