itemNumber 130
itemClassNumber 130
itemClass_widthVector 15 14 13 12 11 10 9 8 7 16 15 14 13 12 11 10 9 8 15 14 13 12 11 10 9 8 7 14 13 12 11 10 9 8 7 6 13 12 11 10 9 8 7 6 5 15 14 13 12 11 10 9 8 7 14 13 12 11 10 9 8 7 6 13 12 11 10 9 8 7 6 5 15 14 13 12 11 10 9 8 7 14 9 16 16 14 11 11 15 17 16 15 10 9 16 16 9 12 12 14 14 13 13 11 15 13 9 11 17 12 10 12 15 15 9 9 14 10 10 9 10 11 15 16 16 9 9 10 14 9
itemClass_lengthVector 4 7 13 13 4 37 24 14 14 2 20 29 9 12 4 42 10 2 1 4 13 10 27 20 24 4 27 4 19 8 4 45 6 1 18 25 1 29 4 15 6 44 3 6 22 3 16 36 12 9 9 14 15 16 35 5 7 12 5 16 19 25 6 10 18 34 4 10 25 7 18 4 5 7 4 2 46 5 37 9 15 14 14 5 8 12 38 37 7 5 5 8 25 14 4 3 14 3 38 13 14 13 12 36 12 3 15 36 5 5 24 3 7 8 14 15 13 25 25 14 25 38 6 7 4 14 13 23 13 15
itemClass_demand 1 1 1 1 1 1 1 1 1 1 1 1 1 1 1 1 1 1 1 1 1 1 1 1 1 1 1 1 1 1 1 1 1 1 1 1 1 1 1 1 1 1 1 1 1 1 1 1 1 1 1 1 1 1 1 1 1 1 1 1 1 1 1 1 1 1 1 1 1 1 1 1 1 1 1 1 1 1 1 1 1 1 1 1 1 1 1 1 1 1 1 1 1 1 1 1 1 1 1 1 1 1 1 1 1 1 1 1 1 1 1 1 1 1 1 1 1 1 1 1 1 1 1 1 1 1 1 1 1 1
binNumber 10000
binClassNumber 1
binClass_widthVector 130
binClass_lengthVector 130
binClass_disponibility 1000
itemClass_weight 600 1050 1950 1950 600 5550 3600 2100 2100 320 3200 4640 1440 1920 640 6720 1600 320 150 600 1950 1500 4050 3000 3600 600 4050 560 2660 1120 560 6300 840 140 2520 3500 130 3770 520 1950 780 5720 390 780 2860 450 2400 5400 1800 1350 1350 2100 2250 2400 4900 700 980 1680 700 2240 2660 3500 840 1300 2340 4420 520 1300 3250 910 2340 520 750 1050 600 300 6900 750 5550 1350 2250 2114 2128 830 1288 1980 5890 6142 1162 815 765 1272 4075 2142 664 498 2268 468 6308 2067 2198 2093 1992 5724 1992 489 2475 5724 810 775 3624 456 1134 1256 2114 2340 2028 3825 3875 2114 4125 5852 978 1113 608 2226 1989 3703 2145 2370
