itemNumber 100
itemClassNumber 100
itemClass_widthVector 11 10 9 8 7 6 5 4 12 11 10 9 8 7 6 5 13 12 11 10 9 8 7 6 13 12 11 10 9 8 7 6 13 12 11 10 9 8 7 6 11 10 9 8 7 6 5 4 14 13 12 11 10 9 8 7 13 12 11 10 9 8 7 6 12 7 9 8 13 6 6 12 10 8 10 9 11 11 12 7 9 10 7 9 11 10 8 9 12 7 6 13 9 10 10 8 7 8 7 9
itemClass_lengthVector 16 13 5 7 10 9 28 12 4 5 2 5 28 33 7 16 13 11 1 38 3 21 9 4 4 8 4 5 15 17 42 5 13 20 21 2 3 4 14 23 3 32 17 3 2 17 17 9 6 7 20 17 11 11 9 19 1 4 10 4 7 4 3 67 17 8 6 10 15 28 27 17 5 10 6 7 12 12 14 10 7 4 10 6 12 4 9 7 16 10 27 15 7 4 6 11 8 10 9 8
itemClass_demand 1 1 1 1 1 1 1 1 1 1 1 1 1 1 1 1 1 1 1 1 1 1 1 1 1 1 1 1 1 1 1 1 1 1 1 1 1 1 1 1 1 1 1 1 1 1 1 1 1 1 1 1 1 1 1 1 1 1 1 1 1 1 1 1 1 1 1 1 1 1 1 1 1 1 1 1 1 1 1 1 1 1 1 1 1 1 1 1 1 1 1 1 1 1 1 1 1 1 1 1
binNumber 10000
binClassNumber 1
binClass_widthVector 100
binClass_lengthVector 100
binClass_disponibility 1000
itemClass_weight 1760 1430 550 770 1100 990 3080 1320 480 600 240 600 3360 3960 840 1920 1690 1430 130 4940 390 2730 1170 520 520 1040 520 650 1950 2210 5460 650 1690 2600 2730 260 390 520 1820 2990 330 3520 1870 330 220 1870 1870 990 840 980 2800 2380 1540 1540 1260 2660 130 520 1300 520 910 520 390 8710 2023 944 714 1200 1770 3220 3078 1938 565 1120 714 826 1464 1452 1680 1200 826 444 1120 726 1452 468 1062 805 1840 1190 3132 1755 854 452 684 1221 928 1150 999 912
