itemNumber 600
itemClassNumber 600
itemClass_widthVector 36 35 34 33 32 31 30 29 28 27 26 25 24 23 22 21 20 19 32 31 30 29 28 27 26 25 24 23 22 21 20 19 18 17 16 15 37 36 35 34 33 32 31 30 29 28 27 26 25 24 23 22 21 20 31 30 29 28 27 26 25 24 23 22 21 20 19 18 17 16 15 14 32 31 30 29 28 27 26 25 24 23 22 21 20 19 18 17 16 15 31 30 29 28 27 26 25 24 23 22 21 20 19 18 17 16 15 14 36 35 34 33 32 31 30 29 28 27 26 25 24 23 22 21 20 19 31 30 29 28 27 26 25 24 23 22 21 20 19 18 17 16 15 14 34 33 32 31 30 29 28 27 26 25 24 23 22 21 20 19 18 17 30 29 28 27 26 25 24 23 22 21 20 19 18 17 16 15 14 13 32 31 30 29 28 27 26 25 24 23 22 21 20 19 18 17 16 15 37 36 35 34 33 32 31 30 29 28 27 26 25 24 23 22 21 20 36 35 34 33 32 31 30 29 28 27 26 25 24 23 22 21 20 19 32 31 30 29 28 27 26 25 24 23 22 21 20 19 18 17 16 15 34 33 32 31 30 29 28 27 26 25 24 23 22 21 20 19 18 17 32 31 30 29 28 27 26 25 24 23 22 21 20 19 18 17 16 15 36 35 34 33 32 31 30 29 28 27 26 25 24 23 22 21 20 19 31 30 29 28 27 26 25 24 23 22 21 20 19 18 17 16 15 14 24 35 29 25 24 35 34 31 26 30 36 29 25 33 38 28 21 30 24 36 22 22 35 21 35 33 35 24 36 31 39 31 22 31 37 25 24 38 27 37 23 30 30 35 37 36 26 35 35 34 30 27 34 38 33 24 34 29 40 26 23 31 27 31 29 37 24 23 39 31 26 32 26 24 32 29 37 33 25 36 30 32 30 31 31 30 36 31 28 32 26 29 26 27 31 40 34 34 23 27 36 30 25 27 26 25 32 26 32 36 28 35 21 25 36 39 33 32 34 34 34 38 26 29 31 24 40 32 35 37 27 21 35 38 37 35 31 34 36 31 27 33 27 34 25 31 27 35 23 29 27 31 25 34 37 26 26 28 27 34 23 30 38 22 32 38 32 34 23 24 29 24 27 38 31 38 39 31 35 31 34 27 27 24 38 29 32 35 33 36 38 38 30 36 22 33 24 29 29 30 25 37 31 29 22 40 22 27 33 22 24 27 25 38 31 33 33 27 28 29 29 22 34 29 34 29 37 35 29 30 39 32 23 27 26 32 32 25 25 30 40 34 25 29 33 23 23 22 32 23 38 25 26 29 25 23 36 31 25 22 26 32 28 28 37 28 29 37 37 35 34 32 29 23 34 24
itemClass_lengthVector 48 3 13 57 6 10 11 79 2 68 110 23 124 17 9 11 6 3 75 9 37 35 13 81 45 13 43 1 77 31 41 6 18 13 51 11 24 37 22 37 13 38 2 51 30 41 61 8 37 7 65 33 3 91 5 51 73 21 37 83 19 38 52 23 6 22 38 60 20 25 7 20 27 46 15 31 7 27 60 46 61 36 17 13 92 8 6 4 4 100 29 1 170 5 24 4 13 41 51 27 46 73 21 10 16 15 9 45 29 58 2 34 8 24 8 12 8 22 136 57 8 6 33 30 15 110 63 71 1 21 110 68 29 67 1 39 44 9 7 7 8 13 40 2 29 36 36 104 49 30 50 120 10 26 28 2 1 4 11 11 29 24 97 44 6 19 1 34 24 5 30 88 60 6 18 10 37 20 29 72 41 18 33 41 20 33 79 12 2 7 49 81 17 74 21 22 35 15 45 7 61 53 17 3 21 4 34 24 28 16 7 137 56 27 4 56 15 41 1 16 14 46 11 24 36 58 27 62 5 35 24 27 77 81 2 4 80 6 2 54 40 18 49 16 15 58 47 19 77 28 2 83 20 12 11 9 36 20 29 99 15 20 99 16 77 39 43 27 27 1 13 35 15 17 22 35 14 53 19 38 15 36 28 154 4 4 80 18 77 16 23 20 10 70 21 32 18 82 5 30 94 12 11 16 59 4 13 37 3 14 12 26 18 78 59 22 6 9 73 12 18 3 36 161 10 10 68 125 12 56 12 79 16 78 13 3 17 11 3 22 7 1 9 5 10 6 56 7 14 5 7 18 13 1 49 2 12 78 2 16 17 4 24 48 10 79 67 9 4 2 16 10 56 10 69 23 56 13 11 16 11 110 49 123 8 12 23 3 2 47 9 10 49 79 24 11 16 12 10 3 57 9 10 57 2 11 78 11 1 80 2 79 67 12 24 3 22 109 1 48 11 10 10 125 14 2 16 23 24 123 10 125 9 7 24 6 5 124 5 4 11 11 10 10 5 4 125 69 79 10 47 79 10 12 22 7 5 12 47 6 78 10 6 3 110 10 110 58 10 3 23 6 8 69 111 78 18 6 47 23 24 69 24 5 8 2 4 7 9 48 9 10 7 18 67 12 124 14 78 2 3 2 14 1 11 124 125 11 48 67 9 56 7 2 2 14 78 2 10 11 17 2 111 69 16 57 12 67 5 48 12 24 10 10 12 110 125 48 2 10 7 111 109 3 110 5 7 111 9 3 56 6 1 1 2 80 8 123 18 80 11 17 16 2 49 11 124 3 12 10 5 6 12 5 3 123 17 1 125 8 14 78 9 11 125 10 22 110 14 68 109 49 14 58 10 11 67 5 58 16
itemClass_demand 1 1 1 1 1 1 1 1 1 1 1 1 1 1 1 1 1 1 1 1 1 1 1 1 1 1 1 1 1 1 1 1 1 1 1 1 1 1 1 1 1 1 1 1 1 1 1 1 1 1 1 1 1 1 1 1 1 1 1 1 1 1 1 1 1 1 1 1 1 1 1 1 1 1 1 1 1 1 1 1 1 1 1 1 1 1 1 1 1 1 1 1 1 1 1 1 1 1 1 1 1 1 1 1 1 1 1 1 1 1 1 1 1 1 1 1 1 1 1 1 1 1 1 1 1 1 1 1 1 1 1 1 1 1 1 1 1 1 1 1 1 1 1 1 1 1 1 1 1 1 1 1 1 1 1 1 1 1 1 1 1 1 1 1 1 1 1 1 1 1 1 1 1 1 1 1 1 1 1 1 1 1 1 1 1 1 1 1 1 1 1 1 1 1 1 1 1 1 1 1 1 1 1 1 1 1 1 1 1 1 1 1 1 1 1 1 1 1 1 1 1 1 1 1 1 1 1 1 1 1 1 1 1 1 1 1 1 1 1 1 1 1 1 1 1 1 1 1 1 1 1 1 1 1 1 1 1 1 1 1 1 1 1 1 1 1 1 1 1 1 1 1 1 1 1 1 1 1 1 1 1 1 1 1 1 1 1 1 1 1 1 1 1 1 1 1 1 1 1 1 1 1 1 1 1 1 1 1 1 1 1 1 1 1 1 1 1 1 1 1 1 1 1 1 1 1 1 1 1 1 1 1 1 1 1 1 1 1 1 1 1 1 1 1 1 1 1 1 1 1 1 1 1 1 1 1 1 1 1 1 1 1 1 1 1 1 1 1 1 1 1 1 1 1 1 1 1 1 1 1 1 1 1 1 1 1 1 1 1 1 1 1 1 1 1 1 1 1 1 1 1 1 1 1 1 1 1 1 1 1 1 1 1 1 1 1 1 1 1 1 1 1 1 1 1 1 1 1 1 1 1 1 1 1 1 1 1 1 1 1 1 1 1 1 1 1 1 1 1 1 1 1 1 1 1 1 1 1 1 1 1 1 1 1 1 1 1 1 1 1 1 1 1 1 1 1 1 1 1 1 1 1 1 1 1 1 1 1 1 1 1 1 1 1 1 1 1 1 1 1 1 1 1 1 1 1 1 1 1 1 1 1 1 1 1 1 1 1 1 1 1 1 1 1 1 1 1 1 1 1 1 1 1 1 1 1 1 1 1 1 1 1 1 1 1 1 1 1 1 1 1 1 1 1 1 1 1 1 1 1 1 1 1 1 1 1 1 1 1 1 1 1 1 1 1 1 1 1 1 1 1 1 1 1 1 1 1 1 1 1 1 1 1 1 1 1 1 1 1 1
binNumber 10000
binClassNumber 1
binClass_widthVector 600
binClass_lengthVector 600
binClass_disponibility 1000
itemClass_weight 17280 1080 4680 20520 2160 3600 3960 28440 720 24480 39600 8280 44640 6120 3240 3960 2160 1080 24000 2880 11840 11200 4160 25920 14400 4160 13760 320 24640 9920 13120 1920 5760 4160 16320 3520 8880 13690 8140 13690 4810 14060 740 18870 11100 15170 22570 2960 13690 2590 24050 12210 1110 33670 1550 15810 22630 6510 11470 25730 5890 11780 16120 7130 1860 6820 11780 18600 6200 7750 2170 6200 8640 14720 4800 9920 2240 8640 19200 14720 19520 11520 5440 4160 29440 2560 1920 1280 1280 32000 8990 310 52700 1550 7440 1240 4030 12710 15810 8370 14260 22630 6510 3100 4960 4650 2790 13950 10440 20880 720 12240 2880 8640 2880 4320 2880 7920 48960 20520 2880 2160 11880 10800 5400 39600 19530 22010 310 6510 34100 21080 8990 20770 310 12090 13640 2790 2170 2170 2480 4030 12400 620 9860 12240 12240 35360 16660 10200 17000 40800 3400 8840 9520 680 340 1360 3740 3740 9860 8160 29100 13200 1800 5700 300 10200 7200 1500 9000 26400 18000 1800 5400 3000 11100 6000 8700 21600 13120 5760 10560 13120 6400 10560 25280 3840 640 2240 15680 25920 5440 23680 6720 7040 11200 4800 16650 2590 22570 19610 6290 1110 7770 1480 12580 8880 10360 5920 2590 50690 20720 9990 1480 20720 5400 14760 360 5760 5040 16560 3960 8640 12960 20880 9720 22320 1800 12600 8640 9720 27720 29160 640 1280 25600 1920 640 17280 12800 5760 15680 5120 4800 18560 15040 6080 24640 8960 640 26560 6800 4080 3740 3060 12240 6800 9860 33660 5100 6800 33660 5440 26180 13260 14620 9180 9180 340 4160 11200 4800 5440 7040 11200 4480 16960 6080 12160 4800 11520 8960 49280 1280 1280 25600 5760 27720 5760 8280 7200 3600 25200 7560 11520 6480 29520 1800 10800 33840 4320 3960 5760 21240 1440 4030 11470 930 4340 3720 8060 5580 24180 18290 6820 1860 2790 22630 3720 5580 930 11160 49910 3690 3820 25636 47500 4632 20440 4752 30731 5968 29796 4992 1086 6698 4202 1191 8646 2562 386 3258 1955 3860 2256 20720 2730 5054 1900 2758 6606 5005 361 19110 752 4752 29640 784 6000 6664 1548 8952 17952 3730 29783 26264 3483 1544 740 5824 3810 21392 3630 26565 8533 21168 4784 4180 6256 4103 43010 18424 44649 3016 4584 8349 1143 730 18377 3492 3720 18130 30810 9432 4136 5808 4572 3650 1122 22173 3483 3760 21546 754 4092 29562 4246 394 31200 782 28677 24388 4380 9336 1101 8448 40766 374 18432 4015 3960 3670 46250 5404 760 6352 8326 9264 47724 3660 48750 3276 2562 8904 2226 1835 47120 1905 1464 4246 4367 3940 3680 1815 1472 49500 26220 30336 3720 18330 30810 3670 4656 8646 2541 1965 4428 17531 2226 29406 3900 2244 1128 41030 3780 41470 22272 3670 1158 8832 2196 2912 26220 40293 30264 6552 2178 18659 9062 9288 25806 8904 1850 2960 722 1556 2632 3276 18048 3249 3730 2751 7074 24388 4332 48360 5208 29250 754 1182 748 5194 373 4103 46624 49375 3971 19056 24455 3258 21448 2534 730 746 5138 28704 758 3670 4202 6511 768 43401 24978 6304 20748 4764 24187 1820 17616 4704 9528 3750 3660 4404 42460 48500 18240 786 3900 2681 43179 42401 1107 41360 1900 2632 42513 3357 1113 20720 2328 367 390 776 30320 3016 46248 6966 30000 4290 6239 5936 780 19306 3971 45012 1113 4404 3910 1920 2340 4632 1915 1155 44895 6511 380 48250 2952 5474 30186 3321 4158 48500 3780 8360 42680 5180 24888 41747 18326 5278 21750 3700 4026 25058 1945 21866 6256
