itemNumber 100
itemClassNumber 100
itemClass_widthVector 14 13 12 11 10 9 8 7 11 10 9 8 7 6 5 4 12 11 10 9 8 7 6 5 13 12 11 10 9 8 7 6 14 13 12 11 10 9 8 7 12 11 10 9 8 7 6 5 13 12 11 10 9 8 7 6 11 10 9 8 7 6 5 4 15 10 15 15 12 13 15 11 13 12 12 13 9 15 16 15 16 11 13 11 10 9 15 13 10 10 15 16 10 10 9 12 9 14 15 16
itemClass_lengthVector 13 3 24 15 18 1 2 24 21 4 21 8 5 21 7 13 29 26 1 2 14 3 24 1 3 26 20 4 6 3 19 19 18 1 10 19 34 15 1 2 46 3 6 3 1 1 28 12 15 19 32 10 4 15 1 4 13 7 33 24 7 2 4 10 14 1 14 13 18 24 3 18 23 14 15 15 1 12 12 12 14 17 23 19 2 1 13 16 2 1 13 14 1 1 1 15 2 23 2 13
itemClass_demand 1 1 1 1 1 1 1 1 1 1 1 1 1 1 1 1 1 1 1 1 1 1 1 1 1 1 1 1 1 1 1 1 1 1 1 1 1 1 1 1 1 1 1 1 1 1 1 1 1 1 1 1 1 1 1 1 1 1 1 1 1 1 1 1 1 1 1 1 1 1 1 1 1 1 1 1 1 1 1 1 1 1 1 1 1 1 1 1 1 1 1 1 1 1 1 1 1 1 1 1
binNumber 10000
binClassNumber 1
binClass_widthVector 100
binClass_lengthVector 100
binClass_disponibility 1000
itemClass_weight 1820 420 3360 2100 2520 140 280 3360 2310 440 2310 880 550 2310 770 1430 3480 3120 120 240 1680 360 2880 120 390 3380 2600 520 780 390 2470 2470 2520 140 1400 2660 4760 2100 140 280 5520 360 720 360 120 120 3360 1440 1950 2470 4160 1300 520 1950 130 520 1430 770 3630 2640 770 220 440 1100 2044 145 2128 1924 2610 3696 423 2790 3358 2072 2175 2325 147 1812 1788 1812 2030 2618 3542 2698 282 144 1989 2432 294 141 1859 1988 150 143 145 2130 286 3565 306 1989
