itemNumber 300
itemClassNumber 300
itemClass_widthVector 24 23 22 21 20 19 18 17 16 15 14 13 12 24 23 22 21 20 19 18 17 16 15 14 13 12 22 21 20 19 18 17 16 15 14 13 12 11 10 23 22 21 20 19 18 17 16 15 14 13 12 11 23 22 21 20 19 18 17 16 15 14 13 12 11 23 22 21 20 19 18 17 16 15 14 13 12 11 22 21 20 19 18 17 16 15 14 13 12 11 10 23 22 21 20 19 18 17 16 15 14 13 12 11 22 21 20 19 18 17 16 15 14 13 12 11 10 26 25 24 23 22 21 20 19 18 17 16 15 14 22 21 20 19 18 17 16 15 14 13 12 11 10 24 23 22 21 20 19 18 17 16 15 14 13 12 22 21 20 19 18 17 16 15 14 13 12 11 10 19 15 18 21 18 24 27 14 17 23 23 19 14 17 20 17 15 22 17 23 24 26 23 25 26 17 19 20 18 21 23 17 24 21 20 23 24 16 19 16 20 23 19 19 23 14 20 20 15 23 16 19 19 15 15 18 19 17 14 14 14 19 24 17 14 24 19 16 18 17 14 25 17 21 16 24 14 14 16 22 26 24 23 19 17 17 22 19 26 24 26 25 16 17 21 19 22 16 17 15 18 18 25 18 18 23 17 21 24 23 25 20 25 24 18 20 23 20 25 23 14 20 21 15 22 22 24 16 24 20 21
itemClass_lengthVector 8 36 21 7 4 56 3 7 41 38 3 7 69 91 1 12 26 5 9 7 32 8 45 32 7 25 23 50 9 22 12 13 1 50 32 6 10 27 45 20 16 12 10 28 30 60 44 6 44 9 6 15 17 63 27 8 37 20 21 50 12 10 8 14 13 3 17 4 12 9 53 59 6 17 24 14 18 64 18 34 14 46 37 7 2 20 7 14 28 25 48 25 12 63 10 12 1 13 41 14 35 20 21 33 8 8 11 20 8 28 3 53 10 22 47 51 31 2 13 66 35 11 6 9 28 22 22 56 3 27 3 26 13 11 12 4 23 66 97 2 10 26 7 5 22 22 64 12 37 13 56 28 10 3 21 7 14 15 25 11 4 4 19 40 51 54 25 18 20 7 7 8 3 41 7 7 6 41 20 20 4 7 40 57 42 7 3 39 5 37 7 8 36 35 41 6 55 6 4 22 40 21 56 57 22 22 38 4 38 3 3 2 6 22 6 2 2 7 21 38 2 2 6 8 40 7 42 7 6 8 6 7 40 6 36 6 39 6 37 6 9 37 55 39 8 8 7 38 4 7 8 3 6 42 37 7 3 8 35 37 22 38 42 57 3 7 37 38 8 6 41 36 6 40 3 39 4 22 5 8 2 21 7 6 55 7 4 9 3 6 3 57 7 7 6 36 2 6 55 56
itemClass_demand 1 1 1 1 1 1 1 1 1 1 1 1 1 1 1 1 1 1 1 1 1 1 1 1 1 1 1 1 1 1 1 1 1 1 1 1 1 1 1 1 1 1 1 1 1 1 1 1 1 1 1 1 1 1 1 1 1 1 1 1 1 1 1 1 1 1 1 1 1 1 1 1 1 1 1 1 1 1 1 1 1 1 1 1 1 1 1 1 1 1 1 1 1 1 1 1 1 1 1 1 1 1 1 1 1 1 1 1 1 1 1 1 1 1 1 1 1 1 1 1 1 1 1 1 1 1 1 1 1 1 1 1 1 1 1 1 1 1 1 1 1 1 1 1 1 1 1 1 1 1 1 1 1 1 1 1 1 1 1 1 1 1 1 1 1 1 1 1 1 1 1 1 1 1 1 1 1 1 1 1 1 1 1 1 1 1 1 1 1 1 1 1 1 1 1 1 1 1 1 1 1 1 1 1 1 1 1 1 1 1 1 1 1 1 1 1 1 1 1 1 1 1 1 1 1 1 1 1 1 1 1 1 1 1 1 1 1 1 1 1 1 1 1 1 1 1 1 1 1 1 1 1 1 1 1 1 1 1 1 1 1 1 1 1 1 1 1 1 1 1 1 1 1 1 1 1 1 1 1 1 1 1 1 1 1 1 1 1 1 1 1 1 1 1 1 1 1 1 1 1
binNumber 10000
binClassNumber 1
binClass_widthVector 300
binClass_lengthVector 300
binClass_disponibility 1000
itemClass_weight 1920 8640 5040 1680 960 13440 720 1680 9840 9120 720 1680 16560 21840 240 2880 6240 1200 2160 1680 7680 1920 10800 7680 1680 6000 5060 11000 1980 4840 2640 2860 220 11000 7040 1320 2200 5940 9900 4600 3680 2760 2300 6440 6900 13800 10120 1380 10120 2070 1380 3450 3910 14490 6210 1840 8510 4600 4830 11500 2760 2300 1840 3220 2990 690 3910 920 2760 2070 12190 13570 1380 3910 5520 3220 4140 14720 3960 7480 3080 10120 8140 1540 440 4400 1540 3080 6160 5500 10560 5750 2760 14490 2300 2760 230 2990 9430 3220 8050 4600 4830 7590 1760 1760 2420 4400 1760 6160 660 11660 2200 4840 10340 11220 6820 520 3380 17160 9100 2860 1560 2340 7280 5720 5720 14560 780 7020 660 5720 2860 2420 2640 880 5060 14520 21340 440 2200 5720 1540 1200 5280 5280 15360 2880 8880 3120 13440 6720 2400 720 5040 1680 3080 3300 5500 2420 880 880 4180 8800 11220 11880 5500 3960 4400 1687 1778 1944 735 10537 1750 1701 1458 10291 5260 4960 1048 1792 9680 14649 10206 1778 750 9750 1235 9102 1715 1952 9360 9065 10783 1506 14465 1590 1016 5742 10080 5061 14840 13908 5698 5324 9728 980 9614 759 744 510 1584 5676 1488 498 494 1820 5334 9614 518 484 1542 2024 9720 1701 10164 1736 1524 2040 1452 1792 9800 1554 9468 1446 9477 1584 9509 1554 2277 9694 14355 9555 2104 2056 1771 10070 1060 1785 1968 795 1560 11004 9287 1841 735 1928 8820 9805 5632 9690 10920 13851 780 1708 9361 9500 1976 1554 9922 8892 1524 10400 732 9399 1044 5324 1270 2096 490 5313 1799 1464 13640 1820 964 2385 792 1464 750 13851 1827 1792 1482 8856 506 1542 14410 14728
