itemNumber 700
itemClassNumber 700
itemClass_widthVector 37 36 35 34 33 32 31 30 29 28 27 26 25 24 23 22 21 20 19 35 34 33 32 31 30 29 28 27 26 25 24 23 22 21 20 19 18 17 33 32 31 30 29 28 27 26 25 24 23 22 21 20 19 18 17 16 15 37 36 35 34 33 32 31 30 29 28 27 26 25 24 23 22 21 20 19 40 39 38 37 36 35 34 33 32 31 30 29 28 27 26 25 24 23 22 39 38 37 36 35 34 33 32 31 30 29 28 27 26 25 24 23 22 21 38 37 36 35 34 33 32 31 30 29 28 27 26 25 24 23 22 21 20 36 35 34 33 32 31 30 29 28 27 26 25 24 23 22 21 20 19 18 36 35 34 33 32 31 30 29 28 27 26 25 24 23 22 21 20 19 18 37 36 35 34 33 32 31 30 29 28 27 26 25 24 23 22 21 20 19 40 39 38 37 36 35 34 33 32 31 30 29 28 27 26 25 24 23 22 34 33 32 31 30 29 28 27 26 25 24 23 22 21 20 19 18 17 16 36 35 34 33 32 31 30 29 28 27 26 25 24 23 22 21 20 19 18 40 39 38 37 36 35 34 33 32 31 30 29 28 27 26 25 24 23 22 34 33 32 31 30 29 28 27 26 25 24 23 22 21 20 19 18 17 16 34 33 32 31 30 29 28 27 26 25 24 23 22 21 20 19 18 17 16 34 33 32 31 30 29 28 27 26 25 24 23 22 21 20 19 18 17 16 41 40 39 38 37 36 35 34 33 32 31 30 29 28 27 26 25 24 23 39 38 37 36 35 34 33 32 31 30 29 28 27 26 25 24 23 22 21 40 33 41 34 24 29 28 35 34 26 33 37 36 26 31 27 32 31 34 30 27 30 25 38 39 29 28 35 26 37 28 24 40 31 29 33 24 24 25 39 36 32 24 28 28 27 29 22 38 37 31 37 37 28 24 34 30 23 25 29 29 22 41 40 34 23 28 24 25 33 37 32 31 24 37 28 28 27 34 34 37 24 30 29 32 32 24 36 35 29 25 24 21 31 27 37 31 31 33 35 36 24 28 23 34 40 36 41 21 35 38 24 31 27 36 33 29 30 35 31 23 38 29 29 32 32 39 35 25 36 28 29 39 39 27 24 39 36 33 31 38 36 32 32 36 31 35 35 39 22 39 35 33 29 22 30 25 23 28 22 31 30 31 38 38 28 23 23 21 31 38 41 39 27 21 38 28 22 28 35 22 35 33 37 26 34 28 33 27 25 22 24 27 26 25 27 36 34 27 39 36 32 36 38 35 33 39 33 28 34 39 29 30 27 31 26 34 37 24 29 36 23 32 23 30 39 34 31 26 35 28 32 28 32 35 33 26 35 29 25 30 37 25 39 31 25 36 28 35 34 30 25 24 30 36 23 37 38 34 23 33 28 22 33 28 31 30 34 23 27 27 30 36 34 30 23 30 30 27 21 26 32 23 27 26 40 28 28 40 26 24 32 27 33 26 23 34 38 36 22 33 25 27 24 27 40 25 26 29 35 30 38 26 35 27 40 23 35 32 29 36 39 32 37 36 35 24 30 30 25 30 33 29 28 28 23 26 30 26
itemClass_lengthVector 21 16 22 118 34 11 67 79 4 6 64 83 55 6 18 32 7 31 26 110 2 11 23 8 70 20 21 31 17 24 42 87 39 51 3 4 72 65 38 40 16 12 68 24 4 20 49 32 168 7 25 39 15 5 8 96 34 26 55 31 5 26 27 71 14 86 5 95 42 72 18 2 1 71 30 23 19 45 25 143 40 9 18 11 18 30 29 31 4 46 42 110 70 8 2 8 30 6 38 11 21 37 55 48 12 17 88 46 64 97 1 58 13 50 31 64 43 26 48 8 8 97 34 12 66 10 98 2 55 33 32 13 20 36 129 13 74 52 19 1 52 1 32 16 13 19 27 27 79 14 83 13 19 47 4 51 4 23 2 167 117 42 9 42 6 23 47 14 19 21 43 8 27 2 45 2 119 68 8 153 57 35 34 29 10 51 3 12 13 24 9 27 48 34 26 3 15 9 42 80 22 19 134 41 89 29 59 1 13 40 32 27 35 23 7 59 31 90 35 57 35 93 9 3 2 29 40 53 18 7 12 33 39 39 3 28 158 7 58 177 63 7 8 8 5 15 15 20 61 15 24 62 51 19 11 4 15 92 62 101 80 8 1 17 39 18 104 15 10 45 15 22 80 11 39 23 9 34 39 21 112 6 50 52 13 2 2 115 58 29 5 52 13 40 81 35 14 47 4 1 37 67 26 72 4 17 6 13 23 10 9 104 44 47 57 47 41 74 32 60 3 53 56 1 33 149 65 73 19 72 75 30 1 16 28 23 10 28 17 39 4 17 54 24 15 3 17 51 43 23 44 124 37 25 32 33 30 27 12 87 19 15 67 22 80 17 84 63 12 66 18 66 16 23 56 79 83 79 3 78 5 56 5 31 21 21 64 83 68 6 33 82 6 21 80 6 79 31 19 18 21 22 5 6 82 64 84 6 6 119 35 7 22 17 82 17 78 7 31 18 83 82 31 22 15 12 31 64 32 17 80 17 80 4 17 117 63 64 56 78 10 22 7 64 63 67 79 8 117 67 84 32 32 31 3 84 35 4 7 12 10 33 8 56 31 10 16 11 22 30 118 22 6 3 7 21 68 65 5 12 5 31 118 84 64 78 67 20 34 6 34 63 83 22 22 7 31 23 11 79 5 117 12 4 78 21 7 33 118 20 6 21 12 66 65 31 63 32 32 56 30 5 6 79 22 20 82 30 31 32 78 21 22 17 56 32 15 83 32 82 68 8 35 68 34 19 79 83 78 5 18 8 33 55 7 32 55 22 35 84 23 23 5 35 22 117 79 22 66 55 35 17 63 5 6 5 55 68 16 33 5 12 30 4 30 5 22 11 4 56 35 83 78 63 4 119 80 56 11 82 5 3 23 5 21 80 7 12 65 66 79 65 33 33 4 22 7 118 119 35 8 12 83 6 12 82 7 7 10 30 83 84 3 35 78 6 32 5 6 84 32 19 79 8 82 18 15 84 64 15 55 18 80 7 11 56 33 10 21 22 7 78 17 7 31 5 22 18 17 65 117 5 20 19 11 5 21 30 118 5 82 10 21 4 22 12 118 31 4 64 7 65 80 83 84 82 30 6 6 18
itemClass_demand 1 1 1 1 1 1 1 1 1 1 1 1 1 1 1 1 1 1 1 1 1 1 1 1 1 1 1 1 1 1 1 1 1 1 1 1 1 1 1 1 1 1 1 1 1 1 1 1 1 1 1 1 1 1 1 1 1 1 1 1 1 1 1 1 1 1 1 1 1 1 1 1 1 1 1 1 1 1 1 1 1 1 1 1 1 1 1 1 1 1 1 1 1 1 1 1 1 1 1 1 1 1 1 1 1 1 1 1 1 1 1 1 1 1 1 1 1 1 1 1 1 1 1 1 1 1 1 1 1 1 1 1 1 1 1 1 1 1 1 1 1 1 1 1 1 1 1 1 1 1 1 1 1 1 1 1 1 1 1 1 1 1 1 1 1 1 1 1 1 1 1 1 1 1 1 1 1 1 1 1 1 1 1 1 1 1 1 1 1 1 1 1 1 1 1 1 1 1 1 1 1 1 1 1 1 1 1 1 1 1 1 1 1 1 1 1 1 1 1 1 1 1 1 1 1 1 1 1 1 1 1 1 1 1 1 1 1 1 1 1 1 1 1 1 1 1 1 1 1 1 1 1 1 1 1 1 1 1 1 1 1 1 1 1 1 1 1 1 1 1 1 1 1 1 1 1 1 1 1 1 1 1 1 1 1 1 1 1 1 1 1 1 1 1 1 1 1 1 1 1 1 1 1 1 1 1 1 1 1 1 1 1 1 1 1 1 1 1 1 1 1 1 1 1 1 1 1 1 1 1 1 1 1 1 1 1 1 1 1 1 1 1 1 1 1 1 1 1 1 1 1 1 1 1 1 1 1 1 1 1 1 1 1 1 1 1 1 1 1 1 1 1 1 1 1 1 1 1 1 1 1 1 1 1 1 1 1 1 1 1 1 1 1 1 1 1 1 1 1 1 1 1 1 1 1 1 1 1 1 1 1 1 1 1 1 1 1 1 1 1 1 1 1 1 1 1 1 1 1 1 1 1 1 1 1 1 1 1 1 1 1 1 1 1 1 1 1 1 1 1 1 1 1 1 1 1 1 1 1 1 1 1 1 1 1 1 1 1 1 1 1 1 1 1 1 1 1 1 1 1 1 1 1 1 1 1 1 1 1 1 1 1 1 1 1 1 1 1 1 1 1 1 1 1 1 1 1 1 1 1 1 1 1 1 1 1 1 1 1 1 1 1 1 1 1 1 1 1 1 1 1 1 1 1 1 1 1 1 1 1 1 1 1 1 1 1 1 1 1 1 1 1 1 1 1 1 1 1 1 1 1 1 1 1 1 1 1 1 1 1 1 1 1 1 1 1 1 1 1 1 1 1 1 1 1 1 1 1 1 1 1 1 1 1 1 1 1 1 1 1 1 1 1 1 1 1 1 1 1 1 1 1 1 1 1 1 1 1 1 1 1 1 1 1 1 1 1 1 1 1 1 1 1 1 1 1 1 1 1 1 1 1 1 1 1 1 1 1 1 1 1 1 1 1 1 1 1 1 1 1 1 1 1 1 1 1 1 1 1 1 1 1 1 1 1 1 1 1 1 1 1 1 1 1 1 1 1 1 1 1 1 1 1 1 1 1 1 1 1 1
binNumber 10000
binClassNumber 1
binClass_widthVector 700
binClass_lengthVector 700
binClass_disponibility 1000
itemClass_weight 7770 5920 8140 43660 12580 4070 24790 29230 1480 2220 23680 30710 20350 2220 6660 11840 2590 11470 9620 38500 700 3850 8050 2800 24500 7000 7350 10850 5950 8400 14700 30450 13650 17850 1050 1400 25200 22750 12540 13200 5280 3960 22440 7920 1320 6600 16170 10560 55440 2310 8250 12870 4950 1650 2640 31680 11220 9620 20350 11470 1850 9620 9990 26270 5180 31820 1850 35150 15540 26640 6660 740 370 26270 11100 8510 7600 18000 10000 57200 16000 3600 7200 4400 7200 12000 11600 12400 1600 18400 16800 44000 28000 3200 800 3120 11700 2340 14820 4290 8190 14430 21450 18720 4680 6630 34320 17940 24960 37830 390 22620 5070 19500 11780 24320 16340 9880 18240 3040 3040 36860 12920 4560 25080 3800 37240 760 20900 12540 12160 4940 7600 12960 46440 4680 26640 18720 6840 360 18720 360 11520 5760 4680 6840 9720 9720 28440 5040 29880 4680 6840 16920 1440 18360 1440 8280 720 60120 42120 15120 3240 15120 2160 8280 16920 5040 6840 7560 15480 2960 9990 740 16650 740 44030 25160 2960 56610 21090 12950 12580 10730 3700 18870 1110 4440 4810 8880 3600 10800 19200 13600 10400 1200 6000 3600 16800 32000 8800 7600 53600 16400 35600 11600 23600 400 5200 13600 10880 9180 11900 7820 2380 20060 10540 30600 11900 19380 11900 31620 3060 1020 680 9860 13600 18020 6480 2520 4320 11880 14040 14040 1080 10080 56880 2520 20880 63720 22680 2520 2880 2880 1800 5400 5400 8000 24400 6000 9600 24800 20400 7600 4400 1600 6000 36800 24800 40400 32000 3200 400 6800 15600 7200 35360 5100 3400 15300 5100 7480 27200 3740 13260 7820 3060 11560 13260 7140 38080 2040 17000 17680 4420 680 680 39100 19720 9860 1700 17680 4420 13600 27540 11900 4760 15980 1360 340 12580 22780 8840 24480 1360 5780 2040 4420 7820 3400 3060 35360 14960 15980 19380 15980 13940 25160 10880 20400 1020 18020 19040 410 13530 61090 26650 29930 7790 29520 30750 12300 410 6560 11480 9430 4100 11480 6970 15990 1640 6970 21060 9360 5850 1170 6630 19890 16770 8970 17160 48360 14430 9750 12480 12870 11700 10530 4680 33930 7410 5775 26800 8426 32400 6800 33348 24633 4704 26862 6948 24618 6160 8809 21952 30494 33781 30810 1206 31590 1910 22232 1855 11656 8022 8421 26048 32619 25840 2310 12540 32554 2286 7896 30400 2442 29862 12462 7277 6750 7980 8316 1860 2304 33210 24640 32340 2394 2232 48195 13930 2793 8976 6885 33046 6460 29406 2709 11501 7344 31955 31406 11625 8734 5865 4680 11532 25728 11904 6936 30000 6545 32400 1600 6545 45630 24633 24256 22792 30186 3970 8756 2611 25408 23436 27001 29467 3200 43524 26733 34188 12640 12576 11594 1164 32844 13965 1616 2842 4776 4010 12969 3184 21504 12493 3770 6144 4389 8404 11580 47200 8976 2328 1206 2632 8148 27404 26520 1855 4548 1860 12152 46610 32676 24768 31590 26666 7540 13770 2268 12784 24885 33615 8690 8404 2667 11594 8901 4422 30810 1890 44577 4692 1564 31512 7959 2800 12705 44486 7660 2274 8295 4644 25146 26130 11532 25704 12960 12832 21952 12090 1980 2382 31600 8228 8020 32226 11610 12524 12000 30108 8379 8602 6477 21000 12096 5940 33781 12832 31242 27336 3056 13160 26928 13260 7562 29546 31789 30576 2000 7146 3264 13464 22220 2758 12768 21395 8778 13300 33264 8717 9016 1895 14070 8756 46215 31600 8888 26004 20460 13125 6358 25200 1890 2430 2005 20570 26588 6368 12738 2040 4512 12090 1528 11160 1950 8624 4422 1564 22232 13790 33200 31434 25137 1556 47957 32000 21616 4477 32964 1870 1188 8533 1985 8253 32000 2688 4848 25155 25674 30889 25480 12342 12672 1576 8228 2758 46610 47481 13440 3008 4656 32536 2250 4788 30586 2667 2604 4030 12240 33698 33516 1140 13160 30576 2418 12512 1980 2388 34104 12384 7049 31442 3048 33210 7200 6120 32172 24384 5700 21835 6786 31760 2660 4158 22288 13002 3710 7854 8778 2730 31044 6715 2611 12431 1855 8734 6876 6579 26065 44928 1855 8160 7315 4455 1985 8316 11550 45902 1910 32636 3980 8043 1628 8206 4692 48026 12617 1608 24384 2695 24700 30560 33034 32676 31324 11730 2346 2400 6912
