itemNumber 160
itemClassNumber 160
itemClass_widthVector 19 18 17 16 15 14 13 12 11 17 16 15 14 13 12 11 10 9 17 16 15 14 13 12 11 10 9 18 17 16 15 14 13 12 11 10 20 19 18 17 16 15 14 13 12 16 15 14 13 12 11 10 9 8 18 17 16 15 14 13 12 11 10 17 16 15 14 13 12 11 10 9 18 17 16 15 14 13 12 11 10 14 20 20 15 15 21 19 14 16 15 19 20 13 18 13 13 17 15 17 17 21 20 20 18 15 21 13 16 21 19 20 20 15 18 20 15 20 21 14 14 19 18 21 16 15 13 21 21 20 15 20 17 18 14 16 14 20 17 17 16 15 20 20 19 18 18 18 15 19 15 21 13 20 14 20 16 17 15 18
itemClass_lengthVector 25 7 19 58 23 13 3 3 9 18 1 23 7 55 14 27 14 1 15 29 29 41 10 3 3 27 3 17 7 8 2 1 13 9 3 100 91 6 12 6 3 2 8 1 31 9 7 13 13 25 65 1 19 8 24 9 11 12 15 71 3 7 8 8 24 33 8 2 19 25 35 6 15 3 19 24 27 35 2 30 5 2 6 24 13 12 24 6 2 24 14 7 8 2 18 3 3 58 2 59 23 24 26 8 20 3 24 2 23 24 6 25 6 3 20 25 2 7 24 4 4 8 59 24 14 4 4 24 24 7 12 6 59 20 3 22 3 7 23 22 12 2 26 6 7 59 19 18 12 7 3 26 4 24 4 7 14 57 13 59
itemClass_demand 1 1 1 1 1 1 1 1 1 1 1 1 1 1 1 1 1 1 1 1 1 1 1 1 1 1 1 1 1 1 1 1 1 1 1 1 1 1 1 1 1 1 1 1 1 1 1 1 1 1 1 1 1 1 1 1 1 1 1 1 1 1 1 1 1 1 1 1 1 1 1 1 1 1 1 1 1 1 1 1 1 1 1 1 1 1 1 1 1 1 1 1 1 1 1 1 1 1 1 1 1 1 1 1 1 1 1 1 1 1 1 1 1 1 1 1 1 1 1 1 1 1 1 1 1 1 1 1 1 1 1 1 1 1 1 1 1 1 1 1 1 1 1 1 1 1 1 1 1 1 1 1 1 1 1 1 1 1 1 1
binNumber 10000
binClassNumber 1
binClass_widthVector 160
binClass_lengthVector 160
binClass_disponibility 1000
itemClass_weight 4750 1330 3610 11020 4370 2470 570 570 1710 3060 170 3910 1190 9350 2380 4590 2380 170 2550 4930 4930 6970 1700 510 510 4590 510 3060 1260 1440 360 180 2340 1620 540 18000 18200 1200 2400 1200 600 400 1600 200 6200 1440 1120 2080 2080 4000 10400 160 3040 1280 4320 1620 1980 2160 2700 12780 540 1260 1440 1360 4080 5610 1360 340 3230 4250 5950 1020 2700 540 3420 4320 4860 6300 360 5400 900 384 1242 4632 2509 2496 4608 1158 420 4872 2688 1372 1552 406 3600 579 600 11368 412 11859 4646 4944 5044 1592 4040 603 4944 416 4692 4728 1164 5225 1164 621 4140 5075 390 1393 5016 808 828 1568 12213 4680 2786 776 808 5040 4800 1470 2508 1236 11269 4200 594 4202 618 1428 4600 4202 2304 420 5018 1212 1442 11741 3705 3672 2508 1407 618 5200 792 4608 780 1344 2730 11286 2509 11387
