itemNumber 200
itemClassNumber 200
itemClass_widthVector 18 17 16 15 14 13 12 11 10 9 8 18 17 16 15 14 13 12 11 10 9 8 17 16 15 14 13 12 11 10 9 8 7 19 18 17 16 15 14 13 12 11 10 9 21 20 19 18 17 16 15 14 13 12 11 17 16 15 14 13 12 11 10 9 8 7 17 16 15 14 13 12 11 10 9 8 7 20 19 18 17 16 15 14 13 12 11 10 19 18 17 16 15 14 13 12 11 10 9 17 16 15 14 13 12 11 10 9 8 7 17 16 15 14 13 12 11 10 9 8 7 14 19 12 17 17 19 14 19 19 12 12 16 13 17 19 13 18 17 13 16 10 20 15 18 15 17 13 18 15 16 12 14 19 19 15 13 19 16 13 14 16 18 10 14 16 20 10 10 19 12 18 17 12 18 10 14 19 16 15 19 16 13 14 11 14 14 19 10 13 11 17 12 18 11 10 16 15 12 10
itemClass_lengthVector 33 19 2 28 24 10 6 27 12 14 25 22 3 24 16 1 7 6 98 1 18 4 36 4 31 15 29 39 10 2 12 7 15 1 20 9 15 5 26 5 31 21 34 33 7 5 10 28 7 9 12 8 79 5 30 25 8 3 15 5 2 4 16 22 43 57 2 14 10 11 34 6 17 66 14 12 14 4 42 26 4 12 53 15 4 23 10 7 1 35 30 31 4 1 16 26 16 8 32 6 18 7 4 27 28 5 28 69 3 5 64 11 25 1 29 8 18 11 10 3 20 11 20 11 29 1 34 10 18 18 26 27 25 27 1 18 26 18 29 26 29 14 33 25 18 24 29 7 1 23 27 13 9 33 33 10 7 32 29 5 7 24 19 15 9 28 32 14 15 32 13 1 2 12 18 13 11 33 25 23 18 24 7 5 13 11 5 34 15 26 11 28 26 18 13 15 28 11 27 13
itemClass_demand 1 1 1 1 1 1 1 1 1 1 1 1 1 1 1 1 1 1 1 1 1 1 1 1 1 1 1 1 1 1 1 1 1 1 1 1 1 1 1 1 1 1 1 1 1 1 1 1 1 1 1 1 1 1 1 1 1 1 1 1 1 1 1 1 1 1 1 1 1 1 1 1 1 1 1 1 1 1 1 1 1 1 1 1 1 1 1 1 1 1 1 1 1 1 1 1 1 1 1 1 1 1 1 1 1 1 1 1 1 1 1 1 1 1 1 1 1 1 1 1 1 1 1 1 1 1 1 1 1 1 1 1 1 1 1 1 1 1 1 1 1 1 1 1 1 1 1 1 1 1 1 1 1 1 1 1 1 1 1 1 1 1 1 1 1 1 1 1 1 1 1 1 1 1 1 1 1 1 1 1 1 1 1 1 1 1 1 1 1 1 1 1 1 1 1 1 1 1 1 1
binNumber 10000
binClassNumber 1
binClass_widthVector 200
binClass_lengthVector 200
binClass_disponibility 1000
itemClass_weight 5940 3420 360 5040 4320 1800 1080 4860 2160 2520 4500 3960 540 4320 2880 180 1260 1080 17640 180 3240 720 6120 680 5270 2550 4930 6630 1700 340 2040 1190 2550 190 3800 1710 2850 950 4940 950 5890 3990 6460 6270 1470 1050 2100 5880 1470 1890 2520 1680 16590 1050 6300 4250 1360 510 2550 850 340 680 2720 3740 7310 9690 340 2380 1700 1870 5780 1020 2890 11220 2380 2040 2380 800 8400 5200 800 2400 10600 3000 800 4600 2000 1400 190 6650 5700 5890 760 190 3040 4940 3040 1520 6080 1020 3060 1190 680 4590 4760 850 4760 11730 510 850 10880 1870 4250 170 4930 1360 3060 1870 1700 510 3400 2178 3640 2123 5684 189 6324 1910 3402 3294 5096 4995 4650 4995 190 3474 5148 3420 5626 5122 5742 2590 6105 4925 3312 4752 5655 1302 199 4347 5346 2522 1773 6501 6237 1980 1344 5952 5655 935 1281 4584 3515 2730 1674 5152 6304 2674 2865 6304 2418 185 372 2244 3258 2470 2079 6303 4875 4186 3492 4392 1267 905 2353 2156 985 6256 2820 4992 2013 5460 5070 3582 2574 2805 5180 2101 5130 2431
