itemNumber 70
itemClassNumber 70
itemClass_widthVector 12 11 10 9 8 7 12 11 10 9 8 7 11 10 9 8 7 6 13 12 11 10 9 8 11 10 9 8 7 6 11 10 9 8 7 6 10 13 11 14 14 13 9 13 13 10 12 13 14 13 13 9 14 10 10 10 9 14 9 12 10 12 13 10 10 13 11 13 11 12
itemClass_lengthVector 10 4 3 24 12 17 12 31 12 8 4 3 11 2 12 8 4 33 2 6 21 1 1 39 21 1 14 16 4 14 7 16 2 31 11 3 24 3 2 9 11 9 13 11 4 23 3 5 10 3 10 12 9 24 23 23 11 9 11 5 25 3 5 24 23 3 3 10 2 5
itemClass_demand 1 1 1 1 1 1 1 1 1 1 1 1 1 1 1 1 1 1 1 1 1 1 1 1 1 1 1 1 1 1 1 1 1 1 1 1 1 1 1 1 1 1 1 1 1 1 1 1 1 1 1 1 1 1 1 1 1 1 1 1 1 1 1 1 1 1 1 1 1 1
binNumber 10000
binClassNumber 1
binClass_widthVector 70
binClass_lengthVector 70
binClass_disponibility 1000
itemClass_weight 1200 480 360 2880 1440 2040 1440 3720 1440 960 480 360 1210 220 1320 880 440 3630 260 780 2730 130 130 5070 2310 110 1540 1760 440 1540 770 1760 220 3410 1210 330 3144 387 260 1125 1441 1116 1599 1375 488 2852 375 615 1210 381 1260 1572 1089 3048 2990 3036 1452 1125 1331 650 3250 363 645 2904 2898 384 390 1220 256 625
