itemNumber 100
itemClassNumber 100
itemClass_widthVector 13 12 11 10 9 8 7 6 13 12 11 10 9 8 7 6 12 11 10 9 8 7 6 5 12 11 10 9 8 7 6 5 13 12 11 10 9 8 7 6 11 10 9 8 7 6 5 4 13 12 11 10 9 8 7 6 13 12 11 10 9 8 7 6 13 10 13 15 9 11 12 13 8 12 15 13 12 15 14 10 9 9 8 10 15 13 10 10 14 13 9 9 13 10 15 13 15 8 13 9
itemClass_lengthVector 30 6 23 13 5 6 6 11 10 16 18 8 14 8 14 12 18 23 14 15 2 8 5 15 4 7 39 20 8 5 10 7 31 12 4 1 18 8 24 2 6 8 13 23 28 19 2 1 7 38 14 7 12 4 11 7 22 2 1 22 13 11 28 1 7 6 24 29 6 14 24 24 5 22 29 5 12 30 30 5 6 7 5 4 31 23 4 6 5 22 5 5 5 5 31 6 30 5 7 6
itemClass_demand 1 1 1 1 1 1 1 1 1 1 1 1 1 1 1 1 1 1 1 1 1 1 1 1 1 1 1 1 1 1 1 1 1 1 1 1 1 1 1 1 1 1 1 1 1 1 1 1 1 1 1 1 1 1 1 1 1 1 1 1 1 1 1 1 1 1 1 1 1 1 1 1 1 1 1 1 1 1 1 1 1 1 1 1 1 1 1 1 1 1 1 1 1 1 1 1 1 1 1 1
binNumber 10000
binClassNumber 1
binClass_widthVector 100
binClass_lengthVector 100
binClass_disponibility 1000
itemClass_weight 3900 780 2990 1690 650 780 780 1430 1300 2080 2340 1040 1820 1040 1820 1560 2160 2760 1680 1800 240 960 600 1800 480 840 4680 2400 960 600 1200 840 4030 1560 520 130 2340 1040 3120 260 660 880 1430 2530 3080 2090 220 110 910 4940 1820 910 1560 520 1430 910 2860 260 130 2860 1690 1430 3640 130 952 786 3384 4002 846 1932 3240 3408 695 3124 3973 685 1716 4200 4200 705 786 917 685 572 4154 3220 556 840 680 2926 675 680 690 665 4278 804 4050 675 973 834
