itemNumber 50
itemClassNumber 50
itemClass_widthVector 9 8 7 6 5 4 7 6 5 4 3 2 9 8 7 6 5 4 9 8 7 6 5 4 8 7 6 5 4 3 8 7 6 5 4 3 7 6 6 10 10 7 10 6 9 7 9 8 8 7
itemClass_lengthVector 4 3 17 11 3 12 4 2 10 12 8 14 3 6 10 8 9 14 5 2 17 12 10 4 16 4 4 6 8 12 5 14 10 10 8 3 10 3 3 4 5 11 4 2 3 11 3 16 18 10
itemClass_demand 1 1 1 1 1 1 1 1 1 1 1 1 1 1 1 1 1 1 1 1 1 1 1 1 1 1 1 1 1 1 1 1 1 1 1 1 1 1 1 1 1 1 1 1 1 1 1 1 1 1
binNumber 10000
binClassNumber 1
binClass_widthVector 50
binClass_lengthVector 50
binClass_disponibility 1000
itemClass_weight 360 270 1530 990 270 1080 280 140 700 840 560 980 270 540 900 720 810 1260 450 180 1530 1080 900 360 1280 320 320 480 640 960 400 1120 800 800 640 240 990 288 276 368 500 1056 372 182 282 1012 297 1584 1728 920
