itemNumber 130
itemClassNumber 130
itemClass_widthVector 14 13 12 11 10 9 8 7 6 13 12 11 10 9 8 7 6 5 14 13 12 11 10 9 8 7 6 15 14 13 12 11 10 9 8 7 15 14 13 12 11 10 9 8 7 15 14 13 12 11 10 9 8 7 16 15 14 13 12 11 10 9 8 14 13 12 11 10 9 8 7 6 14 13 12 11 10 9 8 7 6 13 14 12 8 9 9 15 15 15 10 16 14 15 8 15 10 8 10 10 14 10 15 16 10 10 8 8 13 12 14 10 9 16 13 14 14 10 11 13 14 16 13 12 9 10 12 9 8 13
itemClass_lengthVector 10 31 28 27 5 10 3 15 1 7 28 10 1 1 13 24 9 37 64 8 19 26 2 7 2 1 1 20 34 24 2 8 6 11 21 4 9 6 1 38 9 6 24 16 21 1 5 27 8 7 18 30 3 31 8 4 28 28 11 24 12 11 4 5 32 30 1 16 4 20 17 5 9 10 2 38 1 4 1 49 16 27 30 26 15 2 3 10 32 11 10 11 31 10 15 30 10 14 10 10 30 11 30 11 10 10 16 16 26 6 32 9 2 9 28 29 29 11 4 27 28 11 28 5 4 11 28 4 16 27
itemClass_demand 1 1 1 1 1 1 1 1 1 1 1 1 1 1 1 1 1 1 1 1 1 1 1 1 1 1 1 1 1 1 1 1 1 1 1 1 1 1 1 1 1 1 1 1 1 1 1 1 1 1 1 1 1 1 1 1 1 1 1 1 1 1 1 1 1 1 1 1 1 1 1 1 1 1 1 1 1 1 1 1 1 1 1 1 1 1 1 1 1 1 1 1 1 1 1 1 1 1 1 1 1 1 1 1 1 1 1 1 1 1 1 1 1 1 1 1 1 1 1 1 1 1 1 1 1 1 1 1 1 1
binNumber 10000
binClassNumber 1
binClass_widthVector 130
binClass_lengthVector 130
binClass_disponibility 1000
itemClass_weight 1400 4340 3920 3780 700 1400 420 2100 140 910 3640 1300 130 130 1690 3120 1170 4810 8960 1120 2660 3640 280 980 280 140 140 3000 5100 3600 300 1200 900 1650 3150 600 1350 900 150 5700 1350 900 3600 2400 3150 150 750 4050 1200 1050 2700 4500 450 4650 1280 640 4480 4480 1760 3840 1920 1760 640 700 4480 4200 140 2240 560 2800 2380 700 1260 1400 280 5320 140 560 140 6860 2240 3888 4290 3666 2235 304 450 1550 4672 1650 1450 1562 4774 1470 2325 4230 1440 2100 1430 1450 4500 1584 4590 1595 1530 1490 2480 2352 3900 912 4544 1377 310 1323 4144 4118 4118 1672 592 4131 4256 1705 4144 760 584 1683 4116 584 2416 3969
