itemNumber 130
itemClassNumber 130
itemClass_widthVector 14 13 12 11 10 9 8 7 6 15 14 13 12 11 10 9 8 7 15 14 13 12 11 10 9 8 7 15 14 13 12 11 10 9 8 7 15 14 13 12 11 10 9 8 7 14 13 12 11 10 9 8 7 6 15 14 13 12 11 10 9 8 7 13 12 11 10 9 8 7 6 5 14 13 12 11 10 9 8 7 6 15 16 14 13 16 12 8 16 11 10 10 14 8 8 9 16 13 9 9 15 8 8 8 9 10 9 14 9 14 10 15 11 12 9 8 14 11 16 14 8 15 12 15 9 13 13 15 9 16
itemClass_lengthVector 1 3 7 7 20 22 35 15 20 6 17 9 8 2 46 15 14 13 19 13 6 14 36 12 5 17 8 1 17 6 17 16 25 44 1 3 10 7 24 3 1 17 34 14 20 14 1 3 49 7 31 8 11 6 8 5 23 3 16 10 29 29 7 3 4 26 31 4 16 14 10 22 7 12 12 2 4 36 5 37 15 2 1 3 7 1 21 16 2 20 21 23 4 16 15 34 2 7 35 35 2 15 16 15 36 21 36 6 36 8 22 2 19 21 35 16 8 19 1 4 16 2 19 1 36 7 6 2 36 1
itemClass_demand 1 1 1 1 1 1 1 1 1 1 1 1 1 1 1 1 1 1 1 1 1 1 1 1 1 1 1 1 1 1 1 1 1 1 1 1 1 1 1 1 1 1 1 1 1 1 1 1 1 1 1 1 1 1 1 1 1 1 1 1 1 1 1 1 1 1 1 1 1 1 1 1 1 1 1 1 1 1 1 1 1 1 1 1 1 1 1 1 1 1 1 1 1 1 1 1 1 1 1 1 1 1 1 1 1 1 1 1 1 1 1 1 1 1 1 1 1 1 1 1 1 1 1 1 1 1 1 1 1 1
binNumber 10000
binClassNumber 1
binClass_widthVector 130
binClass_lengthVector 130
binClass_disponibility 1000
itemClass_weight 140 420 980 980 2800 3080 4900 2100 2800 900 2550 1350 1200 300 6900 2250 2100 1950 2850 1950 900 2100 5400 1800 750 2550 1200 150 2550 900 2550 2400 3750 6600 150 450 1500 1050 3600 450 150 2550 5100 2100 3000 1960 140 420 6860 980 4340 1120 1540 840 1200 750 3450 450 2400 1500 4350 4350 1050 390 520 3380 4030 520 2080 1820 1300 2860 980 1680 1680 280 560 5040 700 5180 2100 306 154 462 1064 143 3234 2384 298 2840 2982 3266 604 2416 2325 4794 282 1064 5145 5040 286 2295 2304 2175 5148 3255 5112 900 5112 1152 3190 298 2736 3003 5145 2416 1200 2736 141 588 2304 284 2774 143 5220 1085 930 284 5148 148
