itemNumber 130
itemClassNumber 130
itemClass_widthVector 15 14 13 12 11 10 9 8 7 15 14 13 12 11 10 9 8 7 16 15 14 13 12 11 10 9 8 14 13 12 11 10 9 8 7 6 13 12 11 10 9 8 7 6 5 14 13 12 11 10 9 8 7 6 15 14 13 12 11 10 9 8 7 14 13 12 11 10 9 8 7 6 14 13 12 11 10 9 8 7 6 15 9 14 17 13 12 14 14 17 13 11 16 12 9 15 15 10 14 15 9 14 14 16 14 10 9 14 14 15 17 16 17 16 13 12 14 9 10 16 13 16 14 11 12 12 17 15 16 14
itemClass_lengthVector 10 8 5 1 38 46 1 3 18 27 4 6 10 2 26 4 29 22 21 26 16 1 13 16 24 10 3 11 9 61 7 2 18 18 2 2 6 24 14 29 16 2 8 20 11 21 15 7 29 31 4 4 4 15 2 2 34 9 21 5 35 17 5 16 2 9 22 5 49 10 11 6 7 12 20 15 11 24 5 3 33 4 4 2 11 39 45 1 2 9 37 46 7 45 4 8 5 1 4 6 4 4 5 10 2 1 4 6 6 4 10 9 9 8 38 39 5 3 1 7 37 8 1 46 45 47 10 7 8 5
itemClass_demand 1 1 1 1 1 1 1 1 1 1 1 1 1 1 1 1 1 1 1 1 1 1 1 1 1 1 1 1 1 1 1 1 1 1 1 1 1 1 1 1 1 1 1 1 1 1 1 1 1 1 1 1 1 1 1 1 1 1 1 1 1 1 1 1 1 1 1 1 1 1 1 1 1 1 1 1 1 1 1 1 1 1 1 1 1 1 1 1 1 1 1 1 1 1 1 1 1 1 1 1 1 1 1 1 1 1 1 1 1 1 1 1 1 1 1 1 1 1 1 1 1 1 1 1 1 1 1 1 1 1
binNumber 10000
binClassNumber 1
binClass_widthVector 130
binClass_lengthVector 130
binClass_disponibility 1000
itemClass_weight 1500 1200 750 150 5700 6900 150 450 2700 4050 600 900 1500 300 3900 600 4350 3300 3360 4160 2560 160 2080 2560 3840 1600 480 1540 1260 8540 980 280 2520 2520 280 280 780 3120 1820 3770 2080 260 1040 2600 1430 2940 2100 980 4060 4340 560 560 560 2100 300 300 5100 1350 3150 750 5250 2550 750 2240 280 1260 3080 700 6860 1400 1540 840 980 1680 2800 2100 1540 3360 700 420 4620 636 604 310 1683 6084 7110 158 324 1494 6105 7268 1099 6795 612 1328 765 153 604 930 620 616 785 1600 318 162 620 990 930 616 1540 1431 1359 1256 6004 6435 815 474 160 1085 5846 1248 163 7452 6795 7755 1600 1078 1216 820
