itemNumber 80
itemClassNumber 80
itemClass_widthVector 12 11 10 9 8 7 6 11 10 9 8 7 6 5 12 11 10 9 8 7 6 11 10 9 8 7 6 5 12 11 10 9 8 7 6 11 10 9 8 7 6 5 11 10 9 8 7 6 5 13 10 10 8 10 14 13 13 13 9 9 8 9 13 10 8 12 10 8 9 12 9 12 12 12 9 9 8 9 12 14
itemClass_lengthVector 19 19 7 23 7 2 3 3 7 16 14 2 31 7 3 10 38 4 2 18 5 14 4 7 34 5 7 9 1 11 12 8 23 15 10 22 15 1 14 6 3 19 9 4 27 14 6 5 15 18 22 24 3 24 20 19 19 19 6 7 3 8 18 22 2 7 23 3 6 7 8 7 19 19 8 7 1 8 18 20
itemClass_demand 1 1 1 1 1 1 1 1 1 1 1 1 1 1 1 1 1 1 1 1 1 1 1 1 1 1 1 1 1 1 1 1 1 1 1 1 1 1 1 1 1 1 1 1 1 1 1 1 1 1 1 1 1 1 1 1 1 1 1 1 1 1 1 1 1 1 1 1 1 1 1 1 1 1 1 1 1 1 1 1
binNumber 10000
binClassNumber 1
binClass_widthVector 80
binClass_lengthVector 80
binClass_disponibility 1000
itemClass_weight 2280 2280 840 2760 840 240 360 330 770 1760 1540 220 3410 770 360 1200 4560 480 240 2160 600 1540 440 770 3740 550 770 990 120 1320 1440 960 2760 1800 1200 2420 1650 110 1540 660 330 2090 990 440 2970 1540 660 550 1650 2250 2860 3048 363 3144 2500 2299 2318 2527 798 917 393 1024 2178 2750 262 861 3013 381 732 896 968 854 2337 2508 968 924 124 1000 2250 2460
