itemNumber 100
itemClassNumber 100
itemClass_widthVector 12 11 10 9 8 7 6 5 13 12 11 10 9 8 7 6 11 10 9 8 7 6 5 4 13 12 11 10 9 8 7 6 12 11 10 9 8 7 6 5 11 10 9 8 7 6 5 4 14 13 12 11 10 9 8 7 14 13 12 11 10 9 8 7 12 10 7 7 12 8 12 8 7 10 8 9 14 9 12 10 7 13 10 12 9 7 11 13 8 13 12 8 12 9 10 9 7 11 8 13
itemClass_lengthVector 10 4 3 24 17 3 14 25 11 16 25 11 4 7 7 19 3 13 5 12 7 40 9 11 18 25 15 19 6 6 4 7 7 8 14 16 10 20 3 22 41 11 7 9 16 3 7 6 11 1 21 6 4 40 2 15 13 1 3 19 4 10 4 46 5 23 15 13 4 4 2 3 13 23 4 18 9 16 5 25 14 11 25 2 17 13 3 10 3 10 4 3 3 17 25 18 13 4 4 4
itemClass_demand 1 1 1 1 1 1 1 1 1 1 1 1 1 1 1 1 1 1 1 1 1 1 1 1 1 1 1 1 1 1 1 1 1 1 1 1 1 1 1 1 1 1 1 1 1 1 1 1 1 1 1 1 1 1 1 1 1 1 1 1 1 1 1 1 1 1 1 1 1 1 1 1 1 1 1 1 1 1 1 1 1 1 1 1 1 1 1 1 1 1 1 1 1 1 1 1 1 1 1 1
binNumber 10000
binClassNumber 1
binClass_widthVector 100
binClass_lengthVector 100
binClass_disponibility 1000
itemClass_weight 1200 480 360 2880 2040 360 1680 3000 1430 2080 3250 1430 520 910 910 2470 330 1430 550 1320 770 4400 990 1210 2340 3250 1950 2470 780 780 520 910 840 960 1680 1920 1200 2400 360 2640 4510 1210 770 990 1760 330 770 660 1540 140 2940 840 560 5600 280 2100 1820 140 420 2660 560 1400 560 6440 640 2852 1905 1612 492 484 252 384 1690 3036 532 2376 1125 1936 650 3250 1792 1430 3175 244 2108 1664 390 1220 399 1290 492 387 381 2159 3225 2340 1625 512 512 524
