itemNumber 60
itemClassNumber 60
itemClass_widthVector 9 8 7 6 5 4 9 8 7 6 5 4 9 8 7 6 5 4 12 11 10 9 8 7 10 9 8 7 6 5 11 10 9 8 7 6 8 6 10 6 6 9 10 8 10 10 8 6 6 10 10 10 6 7 9 10 6 8 8 6
itemClass_lengthVector 3 11 3 21 1 21 2 1 21 32 2 2 2 10 3 1 5 39 24 10 14 1 10 1 16 2 14 2 8 18 15 6 11 11 10 7 4 1 2 2 1 11 3 3 2 2 2 2 1 2 3 3 2 22 10 3 1 2 4 1
itemClass_demand 1 1 1 1 1 1 1 1 1 1 1 1 1 1 1 1 1 1 1 1 1 1 1 1 1 1 1 1 1 1 1 1 1 1 1 1 1 1 1 1 1 1 1 1 1 1 1 1 1 1 1 1 1 1 1 1 1 1 1 1
binNumber 10000
binClassNumber 1
binClass_widthVector 60
binClass_lengthVector 60
binClass_disponibility 1000
itemClass_weight 270 990 270 1890 90 1890 180 90 1890 2880 180 180 180 900 270 90 450 3510 2880 1200 1680 120 1200 120 1600 200 1400 200 800 1800 1650 660 1210 1210 1100 770 392 96 182 190 99 1034 273 282 184 192 186 194 93 200 294 297 190 2156 920 297 99 190 364 95
