itemNumber 190
itemClassNumber 190
itemClass_widthVector 19 18 17 16 15 14 13 12 11 10 19 18 17 16 15 14 13 12 11 10 21 20 19 18 17 16 15 14 13 12 18 17 16 15 14 13 12 11 10 9 19 18 17 16 15 14 13 12 11 10 18 17 16 15 14 13 12 11 10 9 17 16 15 14 13 12 11 10 9 8 19 18 17 16 15 14 13 12 11 10 18 17 16 15 14 13 12 11 10 9 22 21 20 19 18 17 16 15 14 13 15 13 13 20 15 17 16 17 19 15 17 15 18 17 13 19 14 18 20 20 15 15 16 15 15 16 19 17 19 19 18 19 16 19 14 15 13 17 17 12 14 21 17 18 18 19 15 19 14 14 15 13 13 19 14 17 15 14 18 14 14 12 16 16 20 15 19 20 16 20 13 19 19 14 14 17 18 17 16 17 20 15 16 15 18 12 18 17 17 18
itemClass_lengthVector 8 46 46 3 14 1 7 2 38 25 17 8 5 37 30 2 60 11 16 4 38 12 64 3 9 23 1 30 7 3 19 20 34 7 12 38 1 5 33 21 30 15 21 11 20 5 5 62 12 9 21 15 24 45 2 5 3 30 1 44 5 12 19 13 39 11 48 8 14 21 22 9 14 1 6 35 24 3 35 41 24 69 8 16 4 11 13 39 2 4 24 70 17 18 7 10 8 14 13 9 6 38 38 45 8 14 2 3 45 6 15 6 4 4 1 47 6 4 46 45 1 1 1 1 1 14 45 13 45 45 4 45 1 45 3 8 2 15 14 38 1 7 14 47 46 46 1 46 2 7 1 38 3 47 3 14 7 3 47 2 6 37 13 13 8 1 47 7 1 9 37 46 47 8 8 13 45 14 15 4 47 1 2 2 46 38 2 3 13 47
itemClass_demand 1 1 1 1 1 1 1 1 1 1 1 1 1 1 1 1 1 1 1 1 1 1 1 1 1 1 1 1 1 1 1 1 1 1 1 1 1 1 1 1 1 1 1 1 1 1 1 1 1 1 1 1 1 1 1 1 1 1 1 1 1 1 1 1 1 1 1 1 1 1 1 1 1 1 1 1 1 1 1 1 1 1 1 1 1 1 1 1 1 1 1 1 1 1 1 1 1 1 1 1 1 1 1 1 1 1 1 1 1 1 1 1 1 1 1 1 1 1 1 1 1 1 1 1 1 1 1 1 1 1 1 1 1 1 1 1 1 1 1 1 1 1 1 1 1 1 1 1 1 1 1 1 1 1 1 1 1 1 1 1 1 1 1 1 1 1 1 1 1 1 1 1 1 1 1 1 1 1 1 1 1 1 1 1 1 1 1 1 1 1
binNumber 10000
binClassNumber 1
binClass_widthVector 190
binClass_lengthVector 190
binClass_disponibility 1000
itemClass_weight 1520 8740 8740 570 2660 190 1330 380 7220 4750 3230 1520 950 7030 5700 380 11400 2090 3040 760 7980 2520 13440 630 1890 4830 210 6300 1470 630 3420 3600 6120 1260 2160 6840 180 900 5940 3780 5700 2850 3990 2090 3800 950 950 11780 2280 1710 3780 2700 4320 8100 360 900 540 5400 180 7920 850 2040 3230 2210 6630 1870 8160 1360 2380 3570 4180 1710 2660 190 1140 6650 4560 570 6650 7790 4320 12420 1440 2880 720 1980 2340 7020 360 720 5280 15400 3740 3960 1540 2200 1760 3080 2860 1980 1158 7638 7600 9090 1576 2898 408 597 8955 1200 2985 1188 792 808 203 9823 1146 772 9200 8685 195 192 202 210 196 2856 8685 2561 9360 9000 776 8910 196 8640 612 1672 400 2925 2758 7828 203 1449 2674 9071 9384 9660 201 9108 404 1365 198 7676 600 8977 627 2800 1351 603 9494 418 1170 7696 2639 2483 1608 191 9400 1407 198 1863 7548 8878 9870 1592 1528 2613 9135 2898 3045 788 9165 204 410 420 9108 7904 420 627 2613 9870
