itemNumber 180
itemClassNumber 180
itemClass_widthVector 17 16 15 14 13 12 11 10 9 8 19 18 17 16 15 14 13 12 11 10 20 19 18 17 16 15 14 13 12 11 18 17 16 15 14 13 12 11 10 9 19 18 17 16 15 14 13 12 11 10 17 16 15 14 13 12 11 10 9 8 19 18 17 16 15 14 13 12 11 10 17 16 15 14 13 12 11 10 9 8 18 17 16 15 14 13 12 11 10 9 16 15 14 13 12 11 10 9 8 7 15 10 14 10 14 14 17 10 12 17 12 13 16 11 12 16 12 12 14 16 10 18 13 18 14 15 13 12 13 15 13 19 15 15 18 12 16 16 18 17 10 14 14 17 10 14 19 12 16 15 13 15 10 14 12 15 13 18 18 10 16 13 17 18 18 14 13 15 17 12 10 14 16 13 19 15 11 14 12 17
itemClass_lengthVector 4 7 7 20 22 35 15 40 28 2 6 17 9 10 46 15 14 8 17 38 38 14 23 13 12 5 17 16 6 36 1 17 39 69 1 7 7 6 7 26 10 7 24 3 1 51 14 64 1 5 14 1 3 49 7 31 8 11 20 36 8 5 23 19 10 29 29 12 32 13 7 26 31 4 16 14 54 13 11 4 7 12 12 2 4 36 42 50 3 12 3 9 3 2 83 19 11 11 14 25 23 29 36 29 34 36 8 29 41 6 14 16 20 39 39 20 40 16 34 6 28 6 35 6 21 23 15 41 16 19 34 4 19 21 4 16 20 19 6 6 29 34 35 8 27 22 5 14 20 21 14 21 29 35 39 21 14 4 4 29 21 34 7 4 6 21 16 21 7 40 28 36 8 14 5 20 41 34 40 7
itemClass_demand 1 1 1 1 1 1 1 1 1 1 1 1 1 1 1 1 1 1 1 1 1 1 1 1 1 1 1 1 1 1 1 1 1 1 1 1 1 1 1 1 1 1 1 1 1 1 1 1 1 1 1 1 1 1 1 1 1 1 1 1 1 1 1 1 1 1 1 1 1 1 1 1 1 1 1 1 1 1 1 1 1 1 1 1 1 1 1 1 1 1 1 1 1 1 1 1 1 1 1 1 1 1 1 1 1 1 1 1 1 1 1 1 1 1 1 1 1 1 1 1 1 1 1 1 1 1 1 1 1 1 1 1 1 1 1 1 1 1 1 1 1 1 1 1 1 1 1 1 1 1 1 1 1 1 1 1 1 1 1 1 1 1 1 1 1 1 1 1 1 1 1 1 1 1 1 1 1 1 1 1
binNumber 10000
binClassNumber 1
binClass_widthVector 180
binClass_lengthVector 180
binClass_disponibility 1000
itemClass_weight 680 1190 1190 3400 3740 5950 2550 6800 4760 340 1140 3230 1710 1900 8740 2850 2660 1520 3230 7220 7600 2800 4600 2600 2400 1000 3400 3200 1200 7200 180 3060 7020 12420 180 1260 1260 1080 1260 4680 1900 1330 4560 570 190 9690 2660 12160 190 950 2380 170 510 8330 1190 5270 1360 1870 3400 6120 1520 950 4370 3610 1900 5510 5510 2280 6080 2470 1190 4420 5270 680 2720 2380 9180 2210 1870 680 1260 2160 2160 360 720 6480 7560 9000 540 2160 480 1440 480 320 13280 3040 1760 1760 2240 4000 4002 5423 6480 5017 5882 6264 1480 5365 7503 1032 2506 2960 3620 6708 7098 3560 7200 2816 6222 1038 5180 1062 6265 1122 3738 4048 2760 7216 2784 3458 6358 740 3306 3822 700 2880 3760 3249 1062 1122 5394 5950 5985 1408 4914 3872 895 2436 3680 3927 2492 3822 4959 6160 6708 3780 2548 716 704 5133 3885 6222 1225 708 1122 3738 2976 3759 1246 6880 4816 6480 1408 2408 925 3760 7011 6154 7400 1274
