itemNumber 500
itemClassNumber 500
itemClass_widthVector 28 27 26 25 24 23 22 21 20 19 18 17 16 15 14 13 32 31 30 29 28 27 26 25 24 23 22 21 20 19 18 17 33 32 31 30 29 28 27 26 25 24 23 22 21 20 19 18 34 33 32 31 30 29 28 27 26 25 24 23 22 21 20 19 33 32 31 30 29 28 27 26 25 24 23 22 21 20 19 18 32 31 30 29 28 27 26 25 24 23 22 21 20 19 18 17 29 28 27 26 25 24 23 22 21 20 19 18 17 16 15 14 31 30 29 28 27 26 25 24 23 22 21 20 19 18 17 16 33 32 31 30 29 28 27 26 25 24 23 22 21 20 19 18 30 29 28 27 26 25 24 23 22 21 20 19 18 17 16 15 30 29 28 27 26 25 24 23 22 21 20 19 18 17 16 15 33 32 31 30 29 28 27 26 25 24 23 22 21 20 19 18 28 27 26 25 24 23 22 21 20 19 18 17 16 15 14 13 33 32 31 30 29 28 27 26 25 24 23 22 21 20 19 18 31 30 29 28 27 26 25 24 23 22 21 20 19 18 17 16 30 29 28 27 26 25 24 23 22 21 20 19 18 17 16 15 30 22 17 16 19 23 16 24 25 23 17 28 23 16 24 26 30 28 24 23 17 19 24 18 17 30 30 15 19 26 30 21 18 27 16 21 23 21 16 18 20 25 21 23 27 22 24 26 20 22 20 29 25 27 30 21 21 28 25 18 23 18 17 17 29 23 25 16 24 25 27 25 23 31 23 26 26 29 26 16 26 28 20 17 20 24 30 22 24 31 19 18 24 26 25 24 22 28 29 31 20 28 18 16 16 21 20 22 21 17 16 25 16 26 21 24 28 23 16 19 29 21 25 21 16 23 28 30 27 19 18 15 25 23 16 30 15 31 18 29 28 27 16 15 21 19 18 26 20 18 17 18 25 26 17 29 25 25 26 17 17 19 20 20 24 30 28 31 30 29 17 27 20 25 17 24 23 21 16 26 22 17 20 26 28 22 22 17 28 18 16 31 29 16 20 26 19 18 26 22 28 19 27 18 20 28 27 27 19 18 23 19 19 23 19 28 20 21 17 29 21 18 23 21 17 28 18 22 27 23 29 26 26 27 26 22 25 15 20 21 29 20 30 26
itemClass_lengthVector 61 54 20 27 22 18 2 35 112 48 15 32 1 15 4 34 49 9 167 72 2 3 10 13 2 2 23 95 7 5 20 21 15 33 11 2 22 4 124 7 28 24 31 50 1 28 119 1 10 1 126 41 11 19 9 9 25 41 1 68 3 59 61 16 1 17 41 16 27 27 16 39 76 8 33 96 15 68 10 10 17 110 34 38 51 30 4 30 16 67 69 3 10 9 4 8 27 20 8 11 10 38 18 57 26 3 10 50 83 41 12 86 1 22 4 8 24 29 69 62 112 16 60 18 5 18 29 23 15 43 6 87 20 7 6 12 8 25 142 67 24 14 4 20 62 38 14 7 5 67 6 45 23 100 23 27 7 18 57 1 55 49 8 59 8 8 10 39 7 12 19 35 40 5 33 113 13 22 33 22 18 9 72 71 42 42 35 16 14 40 43 8 59 43 1 13 29 9 45 28 36 42 74 27 8 21 43 22 47 8 14 47 3 123 1 42 13 84 13 52 15 25 1 12 32 22 31 19 21 56 12 69 12 3 83 25 16 73 5 21 31 31 12 14 17 5 15 5 1 71 61 62 10 22 135 8 62 112 1 3 33 113 3 1 18 112 2 53 35 5 1 28 55 28 35 35 16 32 17 32 16 60 60 3 31 27 61 111 31 28 3 49 3 112 14 32 47 22 113 36 27 35 36 28 48 34 15 19 2 22 60 113 111 55 19 32 1 2 14 16 55 112 22 5 1 17 23 21 36 61 112 19 23 54 21 4 19 19 49 1 16 2 53 35 1 62 33 1 3 22 23 3 113 19 19 60 47 55 31 14 15 49 47 34 47 1 4 23 15 19 111 35 55 111 5 15 54 113 19 48 14 1 26 62 20 15 1 3 2 34 5 55 4 60 33 55 55 20 16 5 111 14 31 23 47 32 15 1 17 28 14 61 1 21 26 2 1 15 49 16 35 53 53 60 61 20 14 20 14 2 2 34 112 47 5 18 113 14 47 18 53 113 113 2 28 1 15 61 21 16 48 28 33 2 21 111 27 16 19 2 48 53 23 28 32 33 34 16 32 34 14 19 48 48 1 53 112 32 35 111 2 54 31 112 28 111 19 23 28 20 22 113 18 4 16 49 20 48 61 22
itemClass_demand 1 1 1 1 1 1 1 1 1 1 1 1 1 1 1 1 1 1 1 1 1 1 1 1 1 1 1 1 1 1 1 1 1 1 1 1 1 1 1 1 1 1 1 1 1 1 1 1 1 1 1 1 1 1 1 1 1 1 1 1 1 1 1 1 1 1 1 1 1 1 1 1 1 1 1 1 1 1 1 1 1 1 1 1 1 1 1 1 1 1 1 1 1 1 1 1 1 1 1 1 1 1 1 1 1 1 1 1 1 1 1 1 1 1 1 1 1 1 1 1 1 1 1 1 1 1 1 1 1 1 1 1 1 1 1 1 1 1 1 1 1 1 1 1 1 1 1 1 1 1 1 1 1 1 1 1 1 1 1 1 1 1 1 1 1 1 1 1 1 1 1 1 1 1 1 1 1 1 1 1 1 1 1 1 1 1 1 1 1 1 1 1 1 1 1 1 1 1 1 1 1 1 1 1 1 1 1 1 1 1 1 1 1 1 1 1 1 1 1 1 1 1 1 1 1 1 1 1 1 1 1 1 1 1 1 1 1 1 1 1 1 1 1 1 1 1 1 1 1 1 1 1 1 1 1 1 1 1 1 1 1 1 1 1 1 1 1 1 1 1 1 1 1 1 1 1 1 1 1 1 1 1 1 1 1 1 1 1 1 1 1 1 1 1 1 1 1 1 1 1 1 1 1 1 1 1 1 1 1 1 1 1 1 1 1 1 1 1 1 1 1 1 1 1 1 1 1 1 1 1 1 1 1 1 1 1 1 1 1 1 1 1 1 1 1 1 1 1 1 1 1 1 1 1 1 1 1 1 1 1 1 1 1 1 1 1 1 1 1 1 1 1 1 1 1 1 1 1 1 1 1 1 1 1 1 1 1 1 1 1 1 1 1 1 1 1 1 1 1 1 1 1 1 1 1 1 1 1 1 1 1 1 1 1 1 1 1 1 1 1 1 1 1 1 1 1 1 1 1 1 1 1 1 1 1 1 1 1 1 1 1 1 1 1 1 1 1 1 1 1 1 1 1 1 1 1 1 1 1 1 1 1 1 1 1 1 1 1 1 1 1 1 1 1 1 1 1 1 1 1 1 1 1 1 1 1 1 1 1 1 1 1 1 1 1 1 1 1 1 1
binNumber 10000
binClassNumber 1
binClass_widthVector 500
binClass_lengthVector 500
binClass_disponibility 1000
itemClass_weight 17080 15120 5600 7560 6160 5040 560 9800 31360 13440 4200 8960 280 4200 1120 9520 15680 2880 53440 23040 640 960 3200 4160 640 640 7360 30400 2240 1600 6400 6720 4950 10890 3630 660 7260 1320 40920 2310 9240 7920 10230 16500 330 9240 39270 330 3400 340 42840 13940 3740 6460 3060 3060 8500 13940 340 23120 1020 20060 20740 5440 330 5610 13530 5280 8910 8910 5280 12870 25080 2640 10890 31680 4950 22440 3300 3300 5440 35200 10880 12160 16320 9600 1280 9600 5120 21440 22080 960 3200 2880 1280 2560 7830 5800 2320 3190 2900 11020 5220 16530 7540 870 2900 14500 24070 11890 3480 24940 310 6820 1240 2480 7440 8990 21390 19220 34720 4960 18600 5580 1550 5580 8990 7130 4950 14190 1980 28710 6600 2310 1980 3960 2640 8250 46860 22110 7920 4620 1320 6600 18600 11400 4200 2100 1500 20100 1800 13500 6900 30000 6900 8100 2100 5400 17100 300 16500 14700 2400 17700 2400 2400 3000 11700 2100 3600 5700 10500 12000 1500 9900 33900 4290 7260 10890 7260 5940 2970 23760 23430 13860 13860 11550 5280 4620 13200 14190 2640 16520 12040 280 3640 8120 2520 12600 7840 10080 11760 20720 7560 2240 5880 12040 6160 15510 2640 4620 15510 990 40590 330 13860 4290 27720 4290 17160 4950 8250 330 3960 9920 6820 9610 5890 6510 17360 3720 21390 3720 930 25730 7750 4960 22630 1550 6510 9300 9300 3600 4200 5100 1500 4500 1500 300 21300 18300 18600 3000 6600 40500 2400 18662 33040 296 861 9471 32770 903 298 5220 31696 582 15211 10360 1525 299 8120 16445 8316 10710 10255 4848 9248 4845 9472 4832 16860 18060 924 8742 8289 17263 31524 9455 7980 873 14700 903 34608 3976 9600 13348 6204 34691 10296 8289 10815 11016 8568 13872 9622 4440 5643 618 6402 16920 31753 32301 16775 5567 9312 285 586 3976 4816 16555 33376 6204 1420 293 4811 6624 6111 10980 17690 31920 5510 6509 16470 6321 1232 5415 5700 14063 303 4624 614 15741 10080 295 18972 10164 296 867 6292 6785 906 32657 5510 5472 17160 14429 16280 9393 4144 4215 14455 13348 10336 13912 285 1184 6762 4335 5738 31857 10150 16665 34077 1480 4305 16686 32205 5510 14640 3948 295 7410 18290 5700 4365 307 900 610 10098 1510 16830 1216 17460 9735 16885 16445 5980 4512 1460 31635 4032 9021 6601 13254 9376 4260 295 5185 8512 4074 18117 305 5922 7384 574 289 4365 14847 4528 10745 15423 15794 16860 18239 6000 4256 5780 4298 578 612 10438 31584 13959 1485 5166 33335 4256 14053 5364 16218 31979 34691 562 8148 292 4425 18605 5985 4640 14112 8008 9966 586 6405 32856 7911 4784 5776 610 14736 14999 6900 8428 9024 9438 9792 4832 9888 10438 4102 5548 13728 14496 307 15105 31472 9472 10395 33522 600 15714 8773 33936 8204 31746 5871 6831 8120 5860 6336 31866 5508 1236 4576 14896 5760 13728 18849 6248
