itemNumber 120
itemClassNumber 120
itemClass_widthVector 16 15 14 13 12 11 10 9 15 14 13 12 11 10 9 8 15 14 13 12 11 10 9 8 15 14 13 12 11 10 9 8 15 14 13 12 11 10 9 8 14 13 12 11 10 9 8 7 15 14 13 12 11 10 9 8 15 14 13 12 11 10 9 8 15 15 18 15 13 14 15 14 12 17 18 17 12 15 18 16 11 16 17 16 18 12 13 16 14 15 13 13 17 14 14 15 12 12 12 14 18 15 17 17 15 12 12 17 12 17 11 17 17 13 13 11 13 16 16 11
itemClass_lengthVector 4 6 18 10 31 27 13 11 18 15 13 10 40 6 11 7 34 24 19 5 7 14 2 15 33 1 2 12 3 8 19 42 1 49 6 4 21 3 9 27 33 20 41 1 3 14 2 6 5 41 27 2 1 14 4 26 9 46 15 2 5 6 21 16 10 11 4 11 26 11 18 11 12 7 4 3 27 11 4 5 12 19 4 18 4 12 32 7 10 17 26 31 5 31 31 17 26 27 14 32 3 10 5 5 18 13 13 6 13 5 14 3 4 28 30 14 28 6 6 13
itemClass_demand 1 1 1 1 1 1 1 1 1 1 1 1 1 1 1 1 1 1 1 1 1 1 1 1 1 1 1 1 1 1 1 1 1 1 1 1 1 1 1 1 1 1 1 1 1 1 1 1 1 1 1 1 1 1 1 1 1 1 1 1 1 1 1 1 1 1 1 1 1 1 1 1 1 1 1 1 1 1 1 1 1 1 1 1 1 1 1 1 1 1 1 1 1 1 1 1 1 1 1 1 1 1 1 1 1 1 1 1 1 1 1 1 1 1 1 1 1 1 1 1
binNumber 10000
binClassNumber 1
binClass_widthVector 120
binClass_lengthVector 120
binClass_disponibility 1000
itemClass_weight 640 960 2880 1600 4960 4320 2080 1760 2700 2250 1950 1500 6000 900 1650 1050 5100 3600 2850 750 1050 2100 300 2250 4950 150 300 1800 450 1200 2850 6300 150 7350 900 600 3150 450 1350 4050 4620 2800 5740 140 420 1960 280 840 750 6150 4050 300 150 2100 600 3900 1350 6900 2250 300 750 900 3150 2400 1630 1782 660 1848 4212 1815 3042 1892 2088 1218 700 483 4725 1881 660 860 2040 3230 656 3132 660 1992 5152 1141 1720 2856 4342 5022 860 5115 5053 2822 4602 4617 2324 5184 519 1690 850 845 3024 2158 2197 1002 2171 880 2310 510 668 4508 5100 2268 4732 984 1050 2106
