itemNumber 300
itemClassNumber 300
itemClass_widthVector 23 22 21 20 19 18 17 16 15 14 13 12 11 24 23 22 21 20 19 18 17 16 15 14 13 12 25 24 23 22 21 20 19 18 17 16 15 14 13 23 22 21 20 19 18 17 16 15 14 13 12 11 24 23 22 21 20 19 18 17 16 15 14 13 12 22 21 20 19 18 17 16 15 14 13 12 11 10 24 23 22 21 20 19 18 17 16 15 14 13 12 22 21 20 19 18 17 16 15 14 13 12 11 10 24 23 22 21 20 19 18 17 16 15 14 13 12 23 22 21 20 19 18 17 16 15 14 13 12 11 22 21 20 19 18 17 16 15 14 13 12 11 10 23 22 21 20 19 18 17 16 15 14 13 12 11 21 20 19 18 17 16 15 14 13 12 11 10 9 14 23 24 20 18 26 14 19 21 24 24 23 23 24 19 21 24 26 16 22 21 22 18 22 15 20 26 18 23 24 16 21 20 13 25 14 23 26 20 20 18 24 20 15 13 24 13 15 14 21 15 23 16 14 25 22 19 16 14 15 20 14 17 23 15 18 19 26 18 17 25 20 25 20 16 18 20 16 13 16 16 19 20 22 15 15 21 20 20 18 14 14 21 15 24 18 19 25 18 22 19 14 24 24 19 19 14 14 22 26 21 18 24 22 17 14 14 19 20 22 26 15 22 18 25 23 15 17 20 25 23
itemClass_lengthVector 11 1 3 58 6 34 17 22 3 4 13 66 62 4 19 20 37 41 24 11 3 33 59 17 29 3 12 5 6 18 33 45 45 26 15 3 48 21 23 6 48 6 16 3 13 31 3 5 71 68 29 1 53 3 3 1 51 20 15 51 16 6 15 24 42 12 28 24 26 17 45 4 1 52 10 31 44 6 27 7 18 36 57 27 15 14 6 48 8 10 27 15 15 46 30 8 24 60 60 4 2 11 2 23 20 27 3 11 19 14 2 9 13 59 47 67 9 9 54 36 1 33 44 5 10 5 13 12 4 74 19 3 7 45 12 35 44 28 12 3 6 16 70 22 21 33 59 10 8 3 54 10 9 45 15 11 3 5 35 37 22 10 3 25 9 66 16 12 57 12 1 12 5 22 10 13 18 59 2 3 1 57 2 17 58 12 11 3 4 57 3 21 58 13 6 10 18 59 2 2 5 35 66 12 66 1 11 6 7 16 2 34 3 67 3 67 3 67 57 4 59 3 12 2 2 17 2 66 4 6 65 22 58 5 18 18 12 23 21 1 35 10 6 3 21 35 2 65 5 3 35 35 4 14 3 7 35 7 17 67 66 7 4 3 16 34 12 23 59 17 66 1 2 17 33 65 65 59 11 58 18 2 57 22 13 65 34 5 57 11 3 4 17 2 1 5 22 33 1 57
itemClass_demand 1 1 1 1 1 1 1 1 1 1 1 1 1 1 1 1 1 1 1 1 1 1 1 1 1 1 1 1 1 1 1 1 1 1 1 1 1 1 1 1 1 1 1 1 1 1 1 1 1 1 1 1 1 1 1 1 1 1 1 1 1 1 1 1 1 1 1 1 1 1 1 1 1 1 1 1 1 1 1 1 1 1 1 1 1 1 1 1 1 1 1 1 1 1 1 1 1 1 1 1 1 1 1 1 1 1 1 1 1 1 1 1 1 1 1 1 1 1 1 1 1 1 1 1 1 1 1 1 1 1 1 1 1 1 1 1 1 1 1 1 1 1 1 1 1 1 1 1 1 1 1 1 1 1 1 1 1 1 1 1 1 1 1 1 1 1 1 1 1 1 1 1 1 1 1 1 1 1 1 1 1 1 1 1 1 1 1 1 1 1 1 1 1 1 1 1 1 1 1 1 1 1 1 1 1 1 1 1 1 1 1 1 1 1 1 1 1 1 1 1 1 1 1 1 1 1 1 1 1 1 1 1 1 1 1 1 1 1 1 1 1 1 1 1 1 1 1 1 1 1 1 1 1 1 1 1 1 1 1 1 1 1 1 1 1 1 1 1 1 1 1 1 1 1 1 1 1 1 1 1 1 1 1 1 1 1 1 1 1 1 1 1 1 1 1 1 1 1 1 1
binNumber 10000
binClassNumber 1
binClass_widthVector 300
binClass_lengthVector 300
binClass_disponibility 1000
itemClass_weight 2530 230 690 13340 1380 7820 3910 5060 690 920 2990 15180 14260 960 4560 4800 8880 9840 5760 2640 720 7920 14160 4080 6960 720 3000 1250 1500 4500 8250 11250 11250 6500 3750 750 12000 5250 5750 1380 11040 1380 3680 690 2990 7130 690 1150 16330 15640 6670 230 12720 720 720 240 12240 4800 3600 12240 3840 1440 3600 5760 10080 2640 6160 5280 5720 3740 9900 880 220 11440 2200 6820 9680 1320 6480 1680 4320 8640 13680 6480 3600 3360 1440 11520 1920 2400 6480 3300 3300 10120 6600 1760 5280 13200 13200 880 440 2420 440 5060 4800 6480 720 2640 4560 3360 480 2160 3120 14160 11280 16080 2160 2070 12420 8280 230 7590 10120 1150 2300 1150 2990 2760 920 17020 4180 660 1540 9900 2640 7700 9680 6160 2640 660 1320 3520 15400 5060 4830 7590 13570 2300 1840 690 12420 2300 2070 10350 3450 2530 630 1050 7350 7770 4620 2100 630 5250 1890 13860 3360 2520 11970 2976 253 3048 1170 5082 2390 3133 4374 14160 472 726 251 13908 480 4131 14210 2904 2684 741 992 13224 726 4935 14152 3094 1464 2510 4158 14868 468 486 1160 8435 15708 2820 15972 246 2618 1524 1694 3872 482 8092 750 16683 708 15879 759 16549 13908 936 14278 753 2772 468 486 4046 482 16764 992 1452 15795 5346 14152 1185 4500 4212 2856 5566 5040 242 8750 2340 1512 732 5019 8575 482 15145 1200 756 8505 8225 968 3360 723 1652 8785 1708 4063 16080 16236 1687 980 726 3728 8126 3048 5589 14809 4063 15642 240 462 4114 8052 15600 15990 14691 2728 14384 4482 466 14250 5500 3003 16250 8364 1220 13224 2761 693 944 4114 470 232 1155 5390 7821 252 13851
