itemNumber 90
itemClassNumber 90
itemClass_widthVector 12 11 10 9 8 7 6 14 13 12 11 10 9 8 12 11 10 9 8 7 6 14 13 12 11 10 9 8 12 11 10 9 8 7 6 13 12 11 10 9 8 7 13 12 11 10 9 8 7 10 10 12 9 12 9 13 13 13 11 11 12 8 14 11 13 10 10 13 13 9 8 8 11 11 11 9 9 10 12 9 12 10 12 13 9 12 9 9 13 12
itemClass_lengthVector 13 14 22 12 2 21 6 3 1 10 27 35 8 6 29 1 15 19 7 16 3 16 9 18 12 10 21 4 23 24 5 2 17 15 4 4 2 34 21 2 16 11 45 1 6 7 7 8 16 12 12 21 1 15 2 12 13 14 21 23 23 21 12 22 13 11 11 14 15 3 22 21 21 21 23 2 1 11 14 3 14 12 23 12 1 14 2 1 12 15
itemClass_demand 1 1 1 1 1 1 1 1 1 1 1 1 1 1 1 1 1 1 1 1 1 1 1 1 1 1 1 1 1 1 1 1 1 1 1 1 1 1 1 1 1 1 1 1 1 1 1 1 1 1 1 1 1 1 1 1 1 1 1 1 1 1 1 1 1 1 1 1 1 1 1 1 1 1 1 1 1 1 1 1 1 1 1 1 1 1 1 1 1 1
binNumber 10000
binClassNumber 1
binClass_widthVector 90
binClass_lengthVector 90
binClass_disponibility 1000
itemClass_weight 1560 1680 2640 1440 240 2520 720 417 139 1390 3753 4865 1112 834 3480 120 1800 2280 840 1920 360 2224 1251 2502 1668 1390 2919 556 2760 2880 600 240 2040 1800 480 520 260 4420 2730 260 2080 1430 5850 130 780 910 910 1040 2080 1548 1524 2688 131 1830 262 1536 1625 1764 2583 3013 2944 2688 1524 2750 1690 1331 1452 1806 1860 381 2882 2772 2541 2625 2921 242 130 1397 1736 390 1834 1452 2875 1512 127 1778 266 132 1476 1875
