itemNumber 90
itemClassNumber 90
itemClass_widthVector 14 13 12 11 10 9 8 12 11 10 9 8 7 6 13 12 11 10 9 8 7 13 12 11 10 9 8 7 13 12 11 10 9 8 7 11 10 9 8 7 6 5 14 13 12 11 10 9 8 14 16 13 13 14 15 10 13 14 12 13 12 14 16 13 15 15 13 15 11 12 12 13 13 15 10 16 14 11 13 10 12 14 16 10 14 12 13 15 10 14
itemClass_lengthVector 4 11 17 4 34 15 5 18 2 6 43 3 16 2 19 42 4 12 5 6 2 1 6 41 4 10 13 15 9 16 11 33 3 6 12 2 11 22 8 31 1 15 3 7 16 8 6 23 27 12 5 17 3 18 5 14 18 16 4 5 3 16 5 18 12 10 17 5 35 4 34 17 4 4 16 4 10 33 3 16 34 18 5 14 16 33 17 10 14 10
itemClass_demand 1 1 1 1 1 1 1 1 1 1 1 1 1 1 1 1 1 1 1 1 1 1 1 1 1 1 1 1 1 1 1 1 1 1 1 1 1 1 1 1 1 1 1 1 1 1 1 1 1 1 1 1 1 1 1 1 1 1 1 1 1 1 1 1 1 1 1 1 1 1 1 1 1 1 1 1 1 1 1 1 1 1 1 1 1 1 1 1 1 1
binNumber 10000
binClassNumber 1
binClass_widthVector 90
binClass_lengthVector 90
binClass_disponibility 1000
itemClass_weight 556 1529 2363 556 4726 2085 695 2160 240 720 5160 360 1920 240 2470 5460 520 1560 650 780 260 130 780 5330 520 1300 1690 1950 1170 2080 1430 4290 390 780 1560 220 1210 2420 880 3410 110 1650 417 973 2224 1112 834 3197 3753 1716 760 2414 459 2646 740 2072 2736 2384 592 705 441 2384 700 2664 1740 1460 2516 715 5145 592 4760 2380 572 592 2240 596 1470 5049 420 2288 4930 2628 705 2030 2272 5049 2448 1440 2030 1520
