itemNumber 80
itemClassNumber 80
itemClass_widthVector 11 10 9 8 7 6 5 12 11 10 9 8 7 6 12 11 10 9 8 7 6 10 9 8 7 6 5 4 11 10 9 8 7 6 5 13 12 11 10 9 8 7 11 10 9 8 7 6 5 8 12 7 7 8 12 10 10 13 12 12 9 8 11 8 12 7 9 12 12 12 10 8 12 8 10 7 7 9 10 10
itemClass_lengthVector 11 7 9 5 20 13 15 3 9 18 5 17 11 17 8 6 17 13 5 1 30 19 6 12 20 2 16 5 20 6 14 6 18 1 15 5 24 4 2 9 11 25 2 2 11 6 5 13 41 20 12 12 12 20 10 9 9 12 12 6 4 19 7 21 8 12 5 10 10 12 9 21 7 21 10 13 13 6 10 9
itemClass_demand 1 1 1 1 1 1 1 1 1 1 1 1 1 1 1 1 1 1 1 1 1 1 1 1 1 1 1 1 1 1 1 1 1 1 1 1 1 1 1 1 1 1 1 1 1 1 1 1 1 1 1 1 1 1 1 1 1 1 1 1 1 1 1 1 1 1 1 1 1 1 1 1 1 1 1 1 1 1 1 1
binNumber 10000
binClassNumber 1
binClass_widthVector 80
binClass_lengthVector 80
binClass_disponibility 1000
itemClass_weight 1210 770 990 550 2200 1430 1650 360 1080 2160 600 2040 1320 2040 960 720 2040 1560 600 120 3600 1900 600 1200 2000 200 1600 500 2200 660 1540 660 1980 110 1650 650 3120 520 260 1170 1430 3250 220 220 1210 660 550 1430 4510 2340 1380 1344 1356 2400 1130 1098 1044 1368 1440 702 456 2242 784 2541 952 1440 570 1180 1220 1452 1098 2499 854 2331 1120 1482 1547 732 1210 1026
