itemNumber 60
itemClassNumber 60
itemClass_widthVector 10 9 8 7 6 5 11 10 9 8 7 6 9 8 7 6 5 4 11 10 9 8 7 6 10 9 8 7 6 5 9 8 7 6 5 4 7 10 12 8 10 9 12 12 11 7 11 10 8 10 10 12 10 11 7 12 8 8 8 12
itemClass_lengthVector 5 2 2 12 6 33 22 6 13 3 15 1 3 3 1 6 4 43 15 3 28 8 1 5 9 13 17 3 3 15 8 18 19 1 10 4 5 1 6 12 1 1 4 6 4 7 6 2 11 1 3 5 1 5 6 4 12 11 11 6
itemClass_demand 1 1 1 1 1 1 1 1 1 1 1 1 1 1 1 1 1 1 1 1 1 1 1 1 1 1 1 1 1 1 1 1 1 1 1 1 1 1 1 1 1 1 1 1 1 1 1 1 1 1 1 1 1 1 1 1 1 1 1 1
binNumber 10000
binClassNumber 1
binClass_widthVector 60
binClass_lengthVector 60
binClass_disponibility 1000
itemClass_weight 500 200 200 1200 600 3300 2420 660 1430 330 1650 110 270 270 90 540 360 3870 1650 330 3080 880 110 550 900 1300 1700 300 300 1500 720 1620 1710 90 900 360 515 105 666 1332 109 110 420 666 416 721 630 204 1144 105 309 505 107 530 666 404 1284 1210 1199 606
