itemNumber 170
itemClassNumber 170
itemClass_widthVector 15 14 13 12 11 10 9 8 7 6 19 18 17 16 15 14 13 12 11 10 18 17 16 15 14 13 12 11 10 9 15 14 13 12 11 10 9 8 7 6 17 16 15 14 13 12 11 10 9 8 18 17 16 15 14 13 12 11 10 9 17 16 15 14 13 12 11 10 9 8 18 17 16 15 14 13 12 11 10 9 15 14 13 12 11 10 9 8 7 6 18 17 16 15 14 13 12 11 10 9 12 10 10 9 17 8 12 16 17 15 17 15 8 13 15 17 13 17 16 17 16 14 10 11 10 10 12 10 12 16 15 15 8 16 11 9 16 10 15 13 16 8 8 13 10 12 10 15 10 9 15 15 8 13 9 12 15 9 15 13 12 14 15 10 16 12 17 10 9 15
itemClass_lengthVector 4 46 10 7 54 1 17 2 1 28 8 61 31 2 8 4 8 26 5 17 60 30 9 6 3 22 7 10 3 20 6 11 1 5 16 50 17 18 40 6 2 7 1 10 8 23 29 58 16 16 27 70 2 19 16 10 9 6 6 5 6 10 19 46 16 52 2 7 4 8 46 19 12 5 12 23 35 2 7 9 48 9 5 7 15 28 17 38 1 2 9 22 18 9 12 11 35 20 10 24 2 18 16 3 5 1 53 5 3 11 5 46 1 6 9 4 53 4 3 3 47 10 18 1 16 16 1 16 1 3 46 9 1 47 2 1 5 16 45 55 5 2 1 6 17 2 18 10 16 3 9 11 1 7 2 1 10 3 46 6 53 9 9 16 46 1 4 17 2 46
itemClass_demand 1 1 1 1 1 1 1 1 1 1 1 1 1 1 1 1 1 1 1 1 1 1 1 1 1 1 1 1 1 1 1 1 1 1 1 1 1 1 1 1 1 1 1 1 1 1 1 1 1 1 1 1 1 1 1 1 1 1 1 1 1 1 1 1 1 1 1 1 1 1 1 1 1 1 1 1 1 1 1 1 1 1 1 1 1 1 1 1 1 1 1 1 1 1 1 1 1 1 1 1 1 1 1 1 1 1 1 1 1 1 1 1 1 1 1 1 1 1 1 1 1 1 1 1 1 1 1 1 1 1 1 1 1 1 1 1 1 1 1 1 1 1 1 1 1 1 1 1 1 1 1 1 1 1 1 1 1 1 1 1 1 1 1 1 1 1 1 1 1 1
binNumber 10000
binClassNumber 1
binClass_widthVector 170
binClass_lengthVector 170
binClass_disponibility 1000
itemClass_weight 600 6900 1500 1050 8100 150 2550 300 150 4200 1520 11590 5890 380 1520 760 1520 4940 950 3230 10800 5400 1620 1080 540 3960 1260 1800 540 3600 900 1650 150 750 2400 7500 2550 2700 6000 900 340 1190 170 1700 1360 3910 4930 9860 2720 2720 4860 12600 360 3420 2880 1800 1620 1080 1080 900 1020 1700 3230 7820 2720 8840 340 1190 680 1360 8280 3420 2160 900 2160 4140 6300 360 1260 1620 7200 1350 750 1050 2250 4200 2550 5700 150 300 1620 3960 3240 1620 2160 1980 6300 3600 1800 4320 320 2736 2416 474 800 153 8056 820 462 1738 760 7314 162 924 1395 608 8692 604 462 456 7567 1620 2880 161 2416 2432 152 2656 165 477 7544 1458 165 7238 302 163 770 2576 7470 8415 770 304 153 990 2771 306 2952 1550 2464 495 1413 1738 159 1113 312 166 1570 498 7590 942 8427 1431 1404 2464 6992 151 656 2669 322 7544
