itemNumber 90
itemClassNumber 90
itemClass_widthVector 13 12 11 10 9 8 7 13 12 11 10 9 8 7 13 12 11 10 9 8 7 13 12 11 10 9 8 7 13 12 11 10 9 8 7 12 11 10 9 8 7 6 13 12 11 10 9 8 7 13 10 9 12 9 14 14 11 11 15 11 11 14 13 12 10 15 10 10 10 9 14 12 9 11 11 15 10 12 9 10 10 14 10 9 13 9 14 13 11 11
itemClass_lengthVector 1 30 3 19 29 3 5 3 17 9 4 45 8 4 12 22 11 9 1 9 26 20 11 8 1 1 22 27 2 14 43 2 2 16 11 5 1 46 18 14 1 5 2 14 16 19 19 11 9 31 28 2 18 3 1 30 18 20 1 18 19 30 30 18 29 1 30 29 28 3 1 4 3 18 18 1 30 4 2 30 30 2 29 3 29 3 1 30 18 18
itemClass_demand 1 1 1 1 1 1 1 1 1 1 1 1 1 1 1 1 1 1 1 1 1 1 1 1 1 1 1 1 1 1 1 1 1 1 1 1 1 1 1 1 1 1 1 1 1 1 1 1 1 1 1 1 1 1 1 1 1 1 1 1 1 1 1 1 1 1 1 1 1 1 1 1 1 1 1 1 1 1 1 1 1 1 1 1 1 1 1 1 1 1
binNumber 10000
binClassNumber 1
binClass_widthVector 90
binClass_lengthVector 90
binClass_disponibility 1000
itemClass_weight 130 3900 390 2470 3770 390 650 390 2210 1170 520 5850 1040 520 1560 2860 1430 1170 130 1170 3380 2600 1430 1040 130 130 2860 3510 260 1820 5590 260 260 2080 1430 600 120 5520 2160 1680 120 600 260 1820 2080 2470 2470 1430 1170 4154 3696 274 2484 405 142 4170 2376 2700 133 2394 2603 4320 4230 2430 4176 134 4020 4002 3976 414 139 528 405 2412 2538 137 3930 548 282 4020 4170 276 3857 396 3944 399 142 4200 2376 2520
