itemNumber 170
itemClassNumber 170
itemClass_widthVector 17 16 15 14 13 12 11 10 9 8 16 15 14 13 12 11 10 9 8 7 16 15 14 13 12 11 10 9 8 7 20 19 18 17 16 15 14 13 12 11 18 17 16 15 14 13 12 11 10 9 17 16 15 14 13 12 11 10 9 8 16 15 14 13 12 11 10 9 8 7 18 17 16 15 14 13 12 11 10 9 15 14 13 12 11 10 9 8 7 6 17 16 15 14 13 12 11 10 9 8 16 12 10 19 18 10 13 18 18 15 10 16 18 18 13 13 15 17 10 11 17 16 15 11 13 13 10 11 18 11 14 17 15 12 12 15 15 15 11 14 17 16 17 14 11 16 14 16 15 12 16 13 10 18 19 15 10 10 19 17 13 10 18 13 16 16 15 13 11 12
itemClass_lengthVector 6 7 33 23 13 29 31 6 6 16 37 11 22 2 8 21 10 21 35 3 7 70 19 6 42 1 3 2 3 17 2 23 19 6 1 11 41 15 14 38 14 12 9 15 2 54 32 28 2 2 5 12 12 2 17 19 24 65 9 5 18 13 16 2 7 10 25 34 12 33 9 4 40 8 36 1 28 34 3 7 8 3 4 26 31 10 46 27 11 4 3 25 17 22 21 3 7 58 8 6 34 31 5 6 7 6 28 7 6 13 6 24 5 7 28 28 13 33 5 6 32 33 22 6 30 30 5 6 5 5 14 34 24 31 7 22 14 24 6 29 32 34 32 12 6 34 13 32 14 6 34 28 6 6 7 12 5 5 6 7 30 5 6 30 32 23 13 29 5 31
itemClass_demand 1 1 1 1 1 1 1 1 1 1 1 1 1 1 1 1 1 1 1 1 1 1 1 1 1 1 1 1 1 1 1 1 1 1 1 1 1 1 1 1 1 1 1 1 1 1 1 1 1 1 1 1 1 1 1 1 1 1 1 1 1 1 1 1 1 1 1 1 1 1 1 1 1 1 1 1 1 1 1 1 1 1 1 1 1 1 1 1 1 1 1 1 1 1 1 1 1 1 1 1 1 1 1 1 1 1 1 1 1 1 1 1 1 1 1 1 1 1 1 1 1 1 1 1 1 1 1 1 1 1 1 1 1 1 1 1 1 1 1 1 1 1 1 1 1 1 1 1 1 1 1 1 1 1 1 1 1 1 1 1 1 1 1 1 1 1 1 1 1 1
binNumber 10000
binClassNumber 1
binClass_widthVector 170
binClass_lengthVector 170
binClass_disponibility 1000
itemClass_weight 1020 1190 5610 3910 2210 4930 5270 1020 1020 2720 5920 1760 3520 320 1280 3360 1600 3360 5600 480 1120 11200 3040 960 6720 160 480 320 480 2720 400 4600 3800 1200 200 2200 8200 3000 2800 7600 2520 2160 1620 2700 360 9720 5760 5040 360 360 850 2040 2040 340 2890 3230 4080 11050 1530 850 2880 2080 2560 320 1120 1600 4000 5440 1920 5280 1620 720 7200 1440 6480 180 5040 6120 540 1260 1200 450 600 3900 4650 1500 6900 4050 1650 600 510 4250 2890 3740 3570 510 1190 9860 1360 1020 6324 5673 865 1068 1239 1122 5236 1218 1122 2431 1032 4320 860 1197 5180 5208 2366 5874 860 1038 6016 5907 4136 1122 5310 5520 925 1080 875 930 2394 6392 4344 5673 1253 4114 2408 4368 1068 5075 5568 6222 5984 2112 1116 5916 2418 5984 2632 1068 5916 5236 1104 1074 1316 2196 910 925 1104 1302 5220 870 1086 5340 5568 4278 2327 5452 885 5363
