itemNumber 100
itemClassNumber 100
itemClass_widthVector 13 12 11 10 9 8 7 6 12 11 10 9 8 7 6 5 12 11 10 9 8 7 6 5 13 12 11 10 9 8 7 6 13 12 11 10 9 8 7 6 12 11 10 9 8 7 6 5 12 11 10 9 8 7 6 5 13 12 11 10 9 8 7 6 10 14 14 13 13 13 9 8 13 10 14 8 13 10 11 9 9 8 12 12 11 15 9 9 12 12 13 14 11 15 9 12 9 9 13 8
itemClass_lengthVector 15 16 13 4 12 29 2 9 29 1 10 1 13 12 28 6 3 6 43 6 5 20 6 11 7 3 5 36 9 12 21 7 22 18 1 3 6 11 20 19 2 7 3 22 3 12 46 5 6 2 3 49 1 4 8 27 8 31 6 11 21 3 11 9 11 16 17 12 16 17 30 1 13 13 15 1 17 13 3 29 30 3 13 13 5 16 30 29 12 3 16 16 5 15 28 13 30 29 13 2
itemClass_demand 1 1 1 1 1 1 1 1 1 1 1 1 1 1 1 1 1 1 1 1 1 1 1 1 1 1 1 1 1 1 1 1 1 1 1 1 1 1 1 1 1 1 1 1 1 1 1 1 1 1 1 1 1 1 1 1 1 1 1 1 1 1 1 1 1 1 1 1 1 1 1 1 1 1 1 1 1 1 1 1 1 1 1 1 1 1 1 1 1 1 1 1 1 1 1 1 1 1 1 1
binNumber 10000
binClassNumber 1
binClass_widthVector 100
binClass_lengthVector 100
binClass_disponibility 1000
itemClass_weight 1950 2080 1690 520 1560 3770 260 1170 3480 120 1200 120 1560 1440 3360 720 360 720 5160 720 600 2400 720 1320 910 390 650 4680 1170 1560 2730 910 2860 2340 130 390 780 1430 2600 2470 240 840 360 2640 360 1440 5520 600 720 240 360 5880 120 480 960 3240 1040 4030 780 1430 2730 390 1430 1170 1485 2176 2346 1704 2304 2448 4080 132 1846 1820 1980 144 2380 1768 417 4176 4140 393 1859 1703 660 2144 4290 3886 1632 426 2224 2208 685 2070 3864 1703 4200 3799 1820 276
