itemNumber 190
itemClassNumber 190
itemClass_widthVector 20 19 18 17 16 15 14 13 12 11 21 20 19 18 17 16 15 14 13 12 18 17 16 15 14 13 12 11 10 9 19 18 17 16 15 14 13 12 11 10 18 17 16 15 14 13 12 11 10 9 18 17 16 15 14 13 12 11 10 9 17 16 15 14 13 12 11 10 9 8 18 17 16 15 14 13 12 11 10 9 21 20 19 18 17 16 15 14 13 12 20 19 18 17 16 15 14 13 12 11 13 13 19 15 23 17 17 23 22 20 19 17 13 17 14 14 18 18 20 20 14 20 13 14 13 14 22 17 16 22 16 17 21 15 16 21 16 19 21 16 23 15 14 17 19 21 21 15 17 16 19 17 15 17 14 17 22 21 20 18 18 15 14 16 18 21 14 23 18 19 20 22 14 19 14 19 20 19 15 17 23 14 18 21 18 16 16 23 20 18
itemClass_lengthVector 11 10 65 12 44 13 3 22 7 3 27 26 5 17 24 9 65 4 9 4 7 8 14 7 25 36 12 17 63 1 18 32 1 51 6 20 10 9 17 26 12 30 19 33 10 26 27 24 8 1 1 28 26 2 13 15 26 3 42 34 17 43 4 25 20 36 21 16 7 1 4 9 3 15 7 5 2 23 88 34 17 6 8 5 40 32 8 27 36 11 4 18 20 3 1 6 5 65 40 28 8 7 64 21 12 12 14 12 12 9 64 14 7 12 22 21 12 11 9 11 6 9 8 22 7 22 12 43 2 11 4 13 10 23 2 11 14 13 10 2 12 21 6 45 11 9 11 3 13 13 66 45 23 44 22 12 12 12 10 13 13 2 22 3 13 10 23 12 11 13 65 10 22 64 8 65 65 66 23 14 10 7 11 10 11 3 13 10 9 45
itemClass_demand 1 1 1 1 1 1 1 1 1 1 1 1 1 1 1 1 1 1 1 1 1 1 1 1 1 1 1 1 1 1 1 1 1 1 1 1 1 1 1 1 1 1 1 1 1 1 1 1 1 1 1 1 1 1 1 1 1 1 1 1 1 1 1 1 1 1 1 1 1 1 1 1 1 1 1 1 1 1 1 1 1 1 1 1 1 1 1 1 1 1 1 1 1 1 1 1 1 1 1 1 1 1 1 1 1 1 1 1 1 1 1 1 1 1 1 1 1 1 1 1 1 1 1 1 1 1 1 1 1 1 1 1 1 1 1 1 1 1 1 1 1 1 1 1 1 1 1 1 1 1 1 1 1 1 1 1 1 1 1 1 1 1 1 1 1 1 1 1 1 1 1 1 1 1 1 1 1 1 1 1 1 1 1 1 1 1 1 1 1 1
binNumber 10000
binClassNumber 1
binClass_widthVector 190
binClass_lengthVector 190
binClass_disponibility 1000
itemClass_weight 2200 2000 13000 2400 8800 2600 600 4400 1400 600 5670 5460 1050 3570 5040 1890 13650 840 1890 840 1260 1440 2520 1260 4500 6480 2160 3060 11340 180 3420 6080 190 9690 1140 3800 1900 1710 3230 4940 2160 5400 3420 5940 1800 4680 4860 4320 1440 180 180 5040 4680 360 2340 2700 4680 540 7560 6120 2890 7310 680 4250 3400 6120 3570 2720 1190 170 720 1620 540 2700 1260 900 360 4140 15840 6120 3570 1260 1680 1050 8400 6720 1680 5670 7560 2310 800 3600 4000 600 200 1200 1000 13000 8000 5600 1768 1456 13824 4641 2412 2496 2912 2436 2568 1818 12864 3052 1421 2412 4686 4452 2484 2222 1908 2365 1326 1881 1608 4488 1463 4862 2460 9116 408 2288 864 2691 2150 4945 426 2266 2898 2665 2200 406 2568 4557 1206 9135 2222 1854 2431 651 2691 2860 13266 9405 4669 9548 4532 2640 2544 2616 2110 2782 2847 424 4664 663 2678 2080 4991 2532 2222 2730 13845 2080 4642 14144 1736 13845 14040 14322 4807 3052 2020 1428 2365 2100 2431 663 2834 2070 1809 9540
