itemNumber 60
itemClassNumber 60
itemClass_widthVector 10 9 8 7 6 5 10 9 8 7 6 5 9 8 7 6 5 4 12 11 10 9 8 7 10 9 8 7 6 5 9 8 7 6 5 4 9 11 12 10 10 10 7 11 12 11 9 12 7 10 11 7 11 12 11 12 10 7 8 10
itemClass_lengthVector 23 19 6 3 6 3 28 8 8 2 1 13 8 4 22 4 17 5 20 22 8 6 2 2 3 19 5 8 23 2 2 22 2 11 1 22 5 22 22 18 19 19 5 22 22 23 7 24 6 20 23 6 22 22 22 24 19 5 4 19
itemClass_demand 1 1 1 1 1 1 1 1 1 1 1 1 1 1 1 1 1 1 1 1 1 1 1 1 1 1 1 1 1 1 1 1 1 1 1 1 1 1 1 1 1 1 1 1 1 1 1 1 1 1 1 1 1 1 1 1 1 1 1 1
binNumber 10000
binClassNumber 1
binClass_widthVector 60
binClass_lengthVector 60
binClass_disponibility 1000
itemClass_weight 2300 1900 600 300 600 300 2800 800 800 200 100 1300 720 360 1980 360 1530 450 2400 2640 960 720 240 240 300 1900 500 800 2300 200 180 1980 180 990 90 1980 535 2354 2288 1908 2109 1938 555 2354 2222 2530 756 2448 606 2220 2369 618 2332 2376 2310 2640 1938 520 416 1919
