itemNumber 120
itemClassNumber 120
itemClass_widthVector 16 15 14 13 12 11 10 9 16 15 14 13 12 11 10 9 16 15 14 13 12 11 10 9 14 13 12 11 10 9 8 7 15 14 13 12 11 10 9 8 16 15 14 13 12 11 10 9 14 13 12 11 10 9 8 7 13 12 11 10 9 8 7 6 14 17 11 15 16 14 17 13 16 13 16 16 16 17 15 16 12 18 17 18 16 13 12 12 12 14 13 17 15 13 14 11 14 16 12 18 12 17 17 17 16 16 15 11 14 15 13 18 13 15 14 11 11 18 12 15
itemClass_lengthVector 12 7 20 19 11 35 10 6 4 21 6 29 17 23 13 7 11 25 17 6 12 13 24 12 3 6 5 24 12 38 21 11 10 16 9 38 8 6 13 20 2 6 5 19 28 31 12 17 1 14 13 7 16 3 57 9 2 26 6 9 14 22 20 21 11 8 10 19 8 20 11 11 20 10 7 6 20 11 21 19 36 12 11 13 6 11 10 35 9 12 10 13 20 36 20 11 10 8 11 12 36 7 7 8 7 6 19 9 19 20 36 11 36 21 19 10 9 13 34 19
itemClass_demand 1 1 1 1 1 1 1 1 1 1 1 1 1 1 1 1 1 1 1 1 1 1 1 1 1 1 1 1 1 1 1 1 1 1 1 1 1 1 1 1 1 1 1 1 1 1 1 1 1 1 1 1 1 1 1 1 1 1 1 1 1 1 1 1 1 1 1 1 1 1 1 1 1 1 1 1 1 1 1 1 1 1 1 1 1 1 1 1 1 1 1 1 1 1 1 1 1 1 1 1 1 1 1 1 1 1 1 1 1 1 1 1 1 1 1 1 1 1 1 1
binNumber 10000
binClassNumber 1
binClass_widthVector 120
binClass_lengthVector 120
binClass_disponibility 1000
itemClass_weight 1920 1120 3200 3040 1760 5600 1600 960 640 3360 960 4640 2720 3680 2080 1120 1760 4000 2720 960 1920 2080 3840 1920 420 840 700 3360 1680 5320 2940 1540 1500 2400 1350 5700 1200 900 1950 3000 320 960 800 3040 4480 4960 1920 2720 140 1960 1820 980 2240 420 7980 1260 260 3380 780 1170 1820 2860 2600 2730 1925 1320 1650 3173 1384 3480 1782 1903 3400 1650 1183 978 3360 1870 3423 3249 5832 2040 1936 2223 1050 1815 1630 6090 1449 2076 1630 2197 3460 6300 3540 1870 1610 1408 1859 1980 6372 1232 1183 1336 1197 1056 3211 1575 3306 3420 6156 1782 6192 3465 3059 1650 1575 2119 5984 3344
