itemNumber 150
itemClassNumber 150
itemClass_widthVector 18 17 16 15 14 13 12 11 10 17 16 15 14 13 12 11 10 9 17 16 15 14 13 12 11 10 9 16 15 14 13 12 11 10 9 8 17 16 15 14 13 12 11 10 9 16 15 14 13 12 11 10 9 8 17 16 15 14 13 12 11 10 9 16 15 14 13 12 11 10 9 8 16 15 14 13 12 11 10 9 8 18 13 18 13 15 19 17 19 14 16 13 19 15 18 18 17 16 18 19 14 18 19 16 17 13 13 14 19 17 17 20 19 17 13 19 14 12 13 15 18 15 17 19 20 13 13 13 14 13 14 20 20 17 16 18 14 17 13 18 19 18 13 16 15 18 15 19 19 13
itemClass_lengthVector 4 4 25 22 16 5 35 26 13 31 50 13 16 1 14 16 4 5 46 19 3 4 20 4 22 16 16 1 11 25 21 42 9 2 8 31 10 1 25 19 6 67 6 15 1 10 8 6 64 22 3 27 3 7 2 8 30 42 4 8 34 6 16 56 5 2 4 7 18 17 1 40 2 10 37 30 21 16 8 18 8 24 35 24 27 6 4 24 4 5 23 25 3 6 26 4 26 15 26 3 35 24 5 16 22 26 27 36 5 24 25 3 5 26 35 5 6 26 34 4 26 17 24 5 4 27 27 36 5 35 35 3 3 22 23 24 4 24 36 4 4 24 35 17 17 3 15 3 3 25
itemClass_demand 1 1 1 1 1 1 1 1 1 1 1 1 1 1 1 1 1 1 1 1 1 1 1 1 1 1 1 1 1 1 1 1 1 1 1 1 1 1 1 1 1 1 1 1 1 1 1 1 1 1 1 1 1 1 1 1 1 1 1 1 1 1 1 1 1 1 1 1 1 1 1 1 1 1 1 1 1 1 1 1 1 1 1 1 1 1 1 1 1 1 1 1 1 1 1 1 1 1 1 1 1 1 1 1 1 1 1 1 1 1 1 1 1 1 1 1 1 1 1 1 1 1 1 1 1 1 1 1 1 1 1 1 1 1 1 1 1 1 1 1 1 1 1 1 1 1 1 1 1 1
binNumber 10000
binClassNumber 1
binClass_widthVector 150
binClass_lengthVector 150
binClass_disponibility 1000
itemClass_weight 720 720 4500 3960 2880 900 6300 4680 2340 5270 8500 2210 2720 170 2380 2720 680 850 7820 3230 510 680 3400 680 3740 2720 2720 160 1760 4000 3360 6720 1440 320 1280 4960 1700 170 4250 3230 1020 11390 1020 2550 170 1600 1280 960 10240 3520 480 4320 480 1120 340 1360 5100 7140 680 1360 5780 1020 2720 8960 800 320 640 1120 2880 2720 160 6400 320 1600 5920 4800 3360 2560 1280 2880 1280 4560 6720 4704 4914 1110 792 4440 732 910 4531 4550 594 1140 4914 724 4784 2910 4732 579 6615 4560 990 3008 4092 4810 5049 6732 980 4344 4900 543 950 5122 6860 940 1194 4732 6256 768 4888 3213 4416 985 772 4941 5157 6732 980 6825 6965 561 570 3982 4232 4488 744 4512 6984 736 788 4560 6615 3230 3128 552 2850 585 555 4775
