itemNumber 200
itemClassNumber 200
itemClass_widthVector 18 17 16 15 14 13 12 11 10 9 8 18 17 16 15 14 13 12 11 10 9 8 17 16 15 14 13 12 11 10 9 8 7 20 19 18 17 16 15 14 13 12 11 10 20 19 18 17 16 15 14 13 12 11 10 18 17 16 15 14 13 12 11 10 9 8 17 16 15 14 13 12 11 10 9 8 7 18 17 16 15 14 13 12 11 10 9 8 17 16 15 14 13 12 11 10 9 8 7 18 17 16 15 14 13 12 11 10 9 8 19 18 17 16 15 14 13 12 11 10 9 18 16 14 20 19 19 14 14 16 18 12 12 18 17 16 12 14 14 12 12 19 12 13 20 16 13 13 16 16 19 17 18 13 20 17 18 15 12 17 15 17 16 13 17 14 12 19 20 16 11 11 20 18 14 10 19 14 16 19 13 10 14 12 13 15 12 19 20 11 17 17 14 15 17 15 13 16 15 20
itemClass_lengthVector 13 33 36 29 31 6 6 22 6 6 12 37 11 22 2 8 21 31 35 4 7 22 7 70 2 17 6 42 1 3 2 3 47 2 6 17 19 6 12 41 15 14 8 60 14 12 6 6 12 56 12 33 17 10 22 5 12 8 6 13 4 40 2 39 34 37 6 12 7 22 7 17 50 28 10 34 7 13 51 1 33 10 11 44 14 7 9 7 2 6 3 45 15 1 53 30 25 17 3 45 4 18 1 4 21 39 10 17 7 34 13 9 20 8 48 2 35 33 3 10 19 32 32 7 12 12 33 5 5 31 36 5 22 35 36 28 22 5 5 5 22 12 21 23 12 30 6 23 28 32 14 29 34 6 14 37 35 30 22 37 31 35 32 22 37 5 6 32 14 30 5 5 13 33 5 7 32 6 28 32 23 7 6 21 6 31 7 12 12 6 29 36 5 30 30 32 7 28 30 14
itemClass_demand 1 1 1 1 1 1 1 1 1 1 1 1 1 1 1 1 1 1 1 1 1 1 1 1 1 1 1 1 1 1 1 1 1 1 1 1 1 1 1 1 1 1 1 1 1 1 1 1 1 1 1 1 1 1 1 1 1 1 1 1 1 1 1 1 1 1 1 1 1 1 1 1 1 1 1 1 1 1 1 1 1 1 1 1 1 1 1 1 1 1 1 1 1 1 1 1 1 1 1 1 1 1 1 1 1 1 1 1 1 1 1 1 1 1 1 1 1 1 1 1 1 1 1 1 1 1 1 1 1 1 1 1 1 1 1 1 1 1 1 1 1 1 1 1 1 1 1 1 1 1 1 1 1 1 1 1 1 1 1 1 1 1 1 1 1 1 1 1 1 1 1 1 1 1 1 1 1 1 1 1 1 1 1 1 1 1 1 1 1 1 1 1 1 1 1 1 1 1 1 1
binNumber 10000
binClassNumber 1
binClass_widthVector 200
binClass_lengthVector 200
binClass_disponibility 1000
itemClass_weight 2340 5940 6480 5220 5580 1080 1080 3960 1080 1080 2160 6660 1980 3960 360 1440 3780 5580 6300 720 1260 3960 1190 11900 340 2890 1020 7140 170 510 340 510 7990 400 1200 3400 3800 1200 2400 8200 3000 2800 1600 12000 2800 2400 1200 1200 2400 11200 2400 6600 3400 2000 4400 900 2160 1440 1080 2340 720 7200 360 7020 6120 6660 1020 2040 1190 3740 1190 2890 8500 4760 1700 5780 1190 2340 9180 180 5940 1800 1980 7920 2520 1260 1620 1260 340 1020 510 7650 2550 170 9010 5100 4250 2890 510 8100 720 3240 180 720 3780 7020 1800 3060 1260 6120 2470 1710 3800 1520 9120 380 6650 6270 570 1900 3610 5952 6112 1337 2280 2184 5973 975 980 5952 6768 910 4026 6930 6804 5544 4334 935 970 975 4180 2220 4179 4255 2376 5730 1158 4347 5516 6368 2772 5568 6528 1110 2576 7141 6895 5580 4312 6808 6076 6895 6336 4136 6808 985 1164 6048 2772 5790 960 975 2522 6468 920 1330 5984 1170 5068 6208 4370 1323 1188 3927 1098 6045 1309 2280 2208 1104 5394 7056 925 5700 5760 6080 1309 5348 5640 2786
