itemNumber 130
itemClassNumber 130
itemClass_widthVector 13 12 11 10 9 8 7 6 5 14 13 12 11 10 9 8 7 6 14 13 12 11 10 9 8 7 6 15 14 13 12 11 10 9 8 7 15 14 13 12 11 10 9 8 7 13 12 11 10 9 8 7 6 5 16 15 14 13 12 11 10 9 8 14 13 12 11 10 9 8 7 6 16 15 14 13 12 11 10 9 8 12 15 10 9 13 14 15 12 7 14 11 11 14 7 9 10 7 9 8 15 8 11 13 14 10 13 13 11 9 9 10 7 10 14 10 10 14 12 7 9 8 10 11 12 7 13 11 8 9
itemClass_lengthVector 31 27 9 1 13 11 9 1 28 8 14 3 28 18 27 6 9 17 23 4 5 34 6 1 52 4 1 44 36 19 8 5 5 1 7 5 5 1 63 20 15 5 4 13 4 1 6 2 16 1 24 30 20 30 47 7 10 1 3 7 10 44 1 9 14 41 17 6 23 11 4 5 14 14 5 33 29 3 11 6 15 2 32 13 10 27 32 32 9 1 31 1 2 26 1 10 14 1 12 9 31 10 1 26 30 13 28 10 1 11 11 12 1 14 32 13 13 30 1 2 10 8 13 1 1 1 27 1 8 12
itemClass_demand 1 1 1 1 1 1 1 1 1 1 1 1 1 1 1 1 1 1 1 1 1 1 1 1 1 1 1 1 1 1 1 1 1 1 1 1 1 1 1 1 1 1 1 1 1 1 1 1 1 1 1 1 1 1 1 1 1 1 1 1 1 1 1 1 1 1 1 1 1 1 1 1 1 1 1 1 1 1 1 1 1 1 1 1 1 1 1 1 1 1 1 1 1 1 1 1 1 1 1 1 1 1 1 1 1 1 1 1 1 1 1 1 1 1 1 1 1 1 1 1 1 1 1 1 1 1 1 1 1 1
binNumber 10000
binClassNumber 1
binClass_widthVector 130
binClass_lengthVector 130
binClass_disponibility 1000
itemClass_weight 4030 3510 1170 130 1690 1430 1170 130 3640 1120 1960 420 3920 2520 3780 840 1260 2380 3220 560 700 4760 840 140 7280 560 140 6600 5400 2850 1200 750 750 150 1050 750 750 150 9450 3000 2250 750 600 1950 600 130 780 260 2080 130 3120 3900 2600 3900 7520 1120 1600 160 480 1120 1600 7040 160 1260 1960 5740 2380 840 3220 1540 560 700 2240 2240 800 5280 4640 480 1760 960 2400 280 4416 1716 1440 3888 4224 4192 1179 142 4185 139 272 3562 142 1330 1876 138 1716 1206 4154 1430 135 3588 4230 1742 3976 1380 140 1573 1529 1680 138 1862 4512 1833 1729 3990 140 266 1360 1048 1755 139 140 143 3834 139 1064 1728
