itemNumber 140
itemClassNumber 140
itemClass_widthVector 17 16 15 14 13 12 11 10 9 15 14 13 12 11 10 9 8 7 18 17 16 15 14 13 12 11 10 14 13 12 11 10 9 8 7 6 15 14 13 12 11 10 9 8 7 14 13 12 11 10 9 8 7 6 17 16 15 14 13 12 11 10 9 14 13 12 11 10 9 8 7 6 16 15 14 13 12 11 10 9 8 17 14 19 19 15 14 16 16 19 15 13 18 14 12 17 17 13 16 17 12 16 16 18 16 12 12 16 18 16 17 11 15 11 11 12 16 15 18 17 18 17 15 18 16 13 13 19 19 14 15 14 17 17 17 13 17 17 19 16
itemClass_lengthVector 10 8 5 1 38 46 1 3 28 27 4 6 10 28 4 29 31 1 21 26 16 1 13 16 24 3 20 11 9 19 42 7 2 18 18 14 6 38 29 16 2 8 16 4 21 21 15 7 29 31 8 4 13 12 2 2 34 9 13 8 5 52 15 16 2 9 22 5 47 2 21 16 7 12 20 15 11 24 5 3 43 7 38 9 11 39 45 1 2 9 37 46 7 45 4 8 5 1 4 6 4 4 5 10 2 1 4 6 10 4 9 2 1 4 3 4 2 1 8 9 7 6 37 8 1 1 46 10 10 39 1 37 5 6 8 1 8 8 10 4
itemClass_demand 1 1 1 1 1 1 1 1 1 1 1 1 1 1 1 1 1 1 1 1 1 1 1 1 1 1 1 1 1 1 1 1 1 1 1 1 1 1 1 1 1 1 1 1 1 1 1 1 1 1 1 1 1 1 1 1 1 1 1 1 1 1 1 1 1 1 1 1 1 1 1 1 1 1 1 1 1 1 1 1 1 1 1 1 1 1 1 1 1 1 1 1 1 1 1 1 1 1 1 1 1 1 1 1 1 1 1 1 1 1 1 1 1 1 1 1 1 1 1 1 1 1 1 1 1 1 1 1 1 1 1 1 1 1 1 1 1 1 1 1
binNumber 10000
binClassNumber 1
binClass_widthVector 140
binClass_lengthVector 140
binClass_disponibility 1000
itemClass_weight 1700 1360 850 170 6460 7820 170 510 4760 4050 600 900 1500 4200 600 4350 4650 150 3780 4680 2880 180 2340 2880 4320 540 3600 1540 1260 2660 5880 980 280 2520 2520 1960 900 5700 4350 2400 300 1200 2400 600 3150 2940 2100 980 4060 4340 1120 560 1820 1680 340 340 5780 1530 2210 1360 850 8840 2550 2240 280 1260 3080 700 6580 280 2940 2240 1120 1920 3200 2400 1760 3840 800 480 6880 1267 7106 1575 1903 6864 8010 178 364 1674 6845 8188 1239 7695 692 1488 865 173 684 1050 700 696 885 1800 358 182 748 1122 1710 744 1629 356 174 692 537 748 376 184 1448 1656 1218 1050 6586 1408 187 177 8372 1850 1870 6786 179 6623 915 1086 1408 171 1424 1480 1790 696
