itemNumber 60
itemClassNumber 60
itemClass_widthVector 11 10 9 8 7 6 9 8 7 6 5 4 9 8 7 6 5 4 11 10 9 8 7 6 11 10 9 8 7 6 9 8 7 6 5 4 12 10 9 12 9 12 9 9 12 13 8 12 10 10 9 9 9 10 10 8 13 11 8 8
itemClass_lengthVector 4 6 34 8 5 3 15 2 1 5 3 34 15 12 3 7 17 6 26 3 13 3 5 10 40 5 2 4 4 5 4 1 21 4 17 13 6 34 7 5 7 4 7 9 5 5 5 5 35 33 8 7 9 33 34 5 5 6 6 5
itemClass_demand 1 1 1 1 1 1 1 1 1 1 1 1 1 1 1 1 1 1 1 1 1 1 1 1 1 1 1 1 1 1 1 1 1 1 1 1 1 1 1 1 1 1 1 1 1 1 1 1 1 1 1 1 1 1 1 1 1 1 1 1
binNumber 10000
binClassNumber 1
binClass_widthVector 60
binClass_lengthVector 60
binClass_disponibility 1000
itemClass_weight 440 660 3740 880 550 330 1350 180 90 450 270 3060 1350 1080 270 630 1530 540 2860 330 1430 330 550 1100 4400 550 220 440 440 550 360 90 1890 360 1530 1170 678 3944 826 585 854 444 791 1062 590 570 605 555 4095 3960 936 840 1017 3927 4114 580 610 678 732 565
