itemNumber 150
itemClassNumber 150
itemClass_widthVector 16 15 14 13 12 11 10 9 8 15 14 13 12 11 10 9 8 7 18 17 16 15 14 13 12 11 10 17 16 15 14 13 12 11 10 9 16 15 14 13 12 11 10 9 8 16 15 14 13 12 11 10 9 8 18 17 16 15 14 13 12 11 10 18 17 16 15 14 13 12 11 10 16 15 14 13 12 11 10 9 8 12 13 12 17 18 16 14 17 14 16 10 10 18 13 14 15 16 10 15 14 15 12 15 10 10 16 11 13 15 18 17 14 13 15 11 10 13 14 14 10 18 11 18 12 12 14 16 12 13 12 16 14 10 12 14 11 12 14 15 15 15 13 18 10 10 18 18 12 17
itemClass_lengthVector 31 20 14 3 8 8 34 5 27 2 55 11 9 11 1 15 34 12 34 15 4 52 7 11 9 15 3 21 3 15 14 11 27 35 14 10 34 3 33 16 1 6 9 5 43 3 23 40 52 14 9 2 1 6 15 9 22 31 14 4 32 12 11 17 6 21 25 16 4 3 4 54 23 12 7 14 15 2 23 17 37 7 9 34 32 30 21 2 30 7 14 6 4 32 9 2 2 13 4 2 8 3 7 14 5 4 14 34 7 14 30 30 9 8 3 34 4 7 3 8 5 32 33 31 35 9 9 19 34 9 9 13 3 4 7 3 33 34 4 13 14 3 7 32 6 4 32 32 9 30
itemClass_demand 1 1 1 1 1 1 1 1 1 1 1 1 1 1 1 1 1 1 1 1 1 1 1 1 1 1 1 1 1 1 1 1 1 1 1 1 1 1 1 1 1 1 1 1 1 1 1 1 1 1 1 1 1 1 1 1 1 1 1 1 1 1 1 1 1 1 1 1 1 1 1 1 1 1 1 1 1 1 1 1 1 1 1 1 1 1 1 1 1 1 1 1 1 1 1 1 1 1 1 1 1 1 1 1 1 1 1 1 1 1 1 1 1 1 1 1 1 1 1 1 1 1 1 1 1 1 1 1 1 1 1 1 1 1 1 1 1 1 1 1 1 1 1 1 1 1 1 1 1 1
binNumber 10000
binClassNumber 1
binClass_widthVector 150
binClass_lengthVector 150
binClass_disponibility 1000
itemClass_weight 4960 3200 2240 480 1280 1280 5440 800 4320 300 8250 1650 1350 1650 150 2250 5100 1800 6120 2700 720 9360 1260 1980 1620 2700 540 3570 510 2550 2380 1870 4590 5950 2380 1700 5440 480 5280 2560 160 960 1440 800 6880 480 3680 6400 8320 2240 1440 320 160 960 2700 1620 3960 5580 2520 720 5760 2160 1980 3060 1080 3780 4500 2880 720 540 720 9720 3680 1920 1120 2240 2400 320 3680 2720 5920 1176 1593 5950 5344 5160 3549 342 5250 1239 2310 1014 708 5440 1503 340 326 2184 704 342 1320 507 1141 2282 835 688 2254 5508 1162 2254 4950 5130 1539 1376 522 5746 704 1190 507 1352 850 5376 5676 5053 6160 1566 1512 3363 5916 1548 1530 2093 513 680 1190 522 5412 5814 652 2093 2310 504 1218 5344 1050 652 5312 5280 1449 5100
