itemNumber 190
itemClassNumber 190
itemClass_widthVector 21 20 19 18 17 16 15 14 13 12 17 16 15 14 13 12 11 10 9 8 20 19 18 17 16 15 14 13 12 11 19 18 17 16 15 14 13 12 11 10 17 16 15 14 13 12 11 10 9 8 18 17 16 15 14 13 12 11 10 9 18 17 16 15 14 13 12 11 10 9 21 20 19 18 17 16 15 14 13 12 20 19 18 17 16 15 14 13 12 11 19 18 17 16 15 14 13 12 11 10 15 18 22 19 17 19 17 20 23 23 16 21 14 21 15 19 20 23 18 16 15 20 20 23 23 22 24 17 15 15 22 17 15 14 24 17 23 20 16 20 21 19 21 21 17 19 19 23 23 16 17 18 21 17 21 19 16 15 18 21 23 20 21 17 20 21 23 16 18 18 24 17 23 22 21 22 15 15 16 15 19 15 14 19 16 22 18 24 17 23
itemClass_lengthVector 6 45 19 12 24 20 12 1 48 3 12 13 26 1 23 39 37 12 17 10 23 7 21 18 60 6 21 14 4 16 5 74 7 10 1 46 16 7 6 18 20 3 40 35 12 5 18 22 17 18 6 26 17 16 1 27 36 9 13 39 37 42 4 11 3 23 8 35 22 5 8 7 14 18 48 51 11 18 9 6 26 12 22 3 30 2 26 40 14 15 22 11 9 26 74 16 1 3 18 10 2 20 46 24 19 13 20 13 44 45 2 44 47 18 49 13 19 7 20 13 49 18 19 5 46 46 5 11 1 1 7 13 1 49 6 21 6 11 13 18 45 23 18 18 13 23 12 44 44 1 11 20 19 19 18 13 12 47 21 45 46 20 46 20 18 19 46 1 21 23 6 19 45 46 19 7 1 48 1 47 25 49 49 13 2 6 23 6 19 5
itemClass_demand 1 1 1 1 1 1 1 1 1 1 1 1 1 1 1 1 1 1 1 1 1 1 1 1 1 1 1 1 1 1 1 1 1 1 1 1 1 1 1 1 1 1 1 1 1 1 1 1 1 1 1 1 1 1 1 1 1 1 1 1 1 1 1 1 1 1 1 1 1 1 1 1 1 1 1 1 1 1 1 1 1 1 1 1 1 1 1 1 1 1 1 1 1 1 1 1 1 1 1 1 1 1 1 1 1 1 1 1 1 1 1 1 1 1 1 1 1 1 1 1 1 1 1 1 1 1 1 1 1 1 1 1 1 1 1 1 1 1 1 1 1 1 1 1 1 1 1 1 1 1 1 1 1 1 1 1 1 1 1 1 1 1 1 1 1 1 1 1 1 1 1 1 1 1 1 1 1 1 1 1 1 1 1 1 1 1 1 1 1 1
binNumber 10000
binClassNumber 1
binClass_widthVector 190
binClass_lengthVector 190
binClass_disponibility 1000
itemClass_weight 1260 9450 3990 2520 5040 4200 2520 210 10080 630 2040 2210 4420 170 3910 6630 6290 2040 2890 1700 4600 1400 4200 3600 12000 1200 4200 2800 800 3200 950 14060 1330 1900 190 8740 3040 1330 1140 3420 3400 510 6800 5950 2040 850 3060 3740 2890 3060 1080 4680 3060 2880 180 4860 6480 1620 2340 7020 6660 7560 720 1980 540 4140 1440 6300 3960 900 1680 1470 2940 3780 10080 10710 2310 3780 1890 1260 5200 2400 4400 600 6000 400 5200 8000 2800 3000 4180 2090 1710 4940 14060 3040 190 570 3420 1900 440 4240 10074 5400 4142 2808 4240 2873 10208 9675 462 9768 10669 3870 10682 2912 4332 1519 4220 2834 10731 4158 4028 1060 10488 10580 1090 2343 216 216 1624 2847 231 10731 1392 4809 1284 2431 2886 3978 10125 5014 4104 4140 2847 4876 2592 9504 9812 217 2321 4420 4351 4180 4140 2821 2580 10434 4599 9540 10580 4260 9982 4360 4158 4370 9890 215 4473 5313 1350 4161 9945 9890 4237 1498 215 10224 217 10387 5500 11025 11123 2951 432 1302 5037 1320 4370 1145
