itemNumber 140
itemClassNumber 140
itemClass_widthVector 16 15 14 13 12 11 10 9 8 17 16 15 14 13 12 11 10 9 15 14 13 12 11 10 9 8 7 16 15 14 13 12 11 10 9 8 15 14 13 12 11 10 9 8 7 16 15 14 13 12 11 10 9 8 15 14 13 12 11 10 9 8 7 16 15 14 13 12 11 10 9 8 14 13 12 11 10 9 8 7 6 11 16 10 13 17 17 10 13 15 11 16 11 14 17 14 16 17 12 16 17 13 12 11 10 14 15 15 18 17 15 11 17 12 12 11 13 16 13 15 17 18 10 10 11 12 11 12 16 16 15 14 16 12 15 11 16 17 16 11
itemClass_lengthVector 4 4 25 22 16 5 35 26 3 31 37 13 8 5 16 1 14 15 34 31 3 4 24 6 16 8 14 1 11 25 21 7 44 5 14 12 10 1 36 3 5 21 12 4 48 1 23 8 1 45 2 25 30 5 9 45 4 18 46 6 5 4 3 10 43 10 11 16 2 17 1 30 16 59 11 14 12 4 8 12 4 35 24 27 6 4 3 26 15 23 36 5 35 15 3 15 26 3 35 24 5 16 5 35 25 21 24 25 3 5 26 35 5 6 6 34 4 26 17 24 5 4 27 27 36 5 35 35 4 26 22 23 24 4 24 36 4 4 24 35
itemClass_demand 1 1 1 1 1 1 1 1 1 1 1 1 1 1 1 1 1 1 1 1 1 1 1 1 1 1 1 1 1 1 1 1 1 1 1 1 1 1 1 1 1 1 1 1 1 1 1 1 1 1 1 1 1 1 1 1 1 1 1 1 1 1 1 1 1 1 1 1 1 1 1 1 1 1 1 1 1 1 1 1 1 1 1 1 1 1 1 1 1 1 1 1 1 1 1 1 1 1 1 1 1 1 1 1 1 1 1 1 1 1 1 1 1 1 1 1 1 1 1 1 1 1 1 1 1 1 1 1 1 1 1 1 1 1 1 1 1 1 1 1
binNumber 10000
binClassNumber 1
binClass_widthVector 140
binClass_lengthVector 140
binClass_disponibility 1000
itemClass_weight 640 640 4000 3520 2560 800 5600 4160 480 5270 6290 2210 1360 850 2720 170 2380 2550 5100 4650 450 600 3600 900 2400 1200 2100 160 1760 4000 3360 1120 7040 800 2240 1920 1500 150 5400 450 750 3150 1800 600 7200 160 3680 1280 160 7200 320 4000 4800 800 1350 6750 600 2700 6900 900 750 600 450 1600 6880 1600 1760 2560 320 2720 160 4800 2240 8260 1540 1960 1680 560 1120 1680 560 6020 4224 4374 990 660 489 4472 2520 3841 5832 860 5950 2430 492 2610 4212 519 5915 4080 845 2688 880 6125 4400 3696 3864 4400 483 850 4602 6160 840 1050 972 5576 688 4368 2873 3936 885 692 4401 4617 6012 880 6125 5670 644 4420 3542 3772 4008 664 4032 6264 656 708 4080 5915
