itemNumber 130
itemClassNumber 130
itemClass_widthVector 14 13 12 11 10 9 8 7 6 15 14 13 12 11 10 9 8 7 16 15 14 13 12 11 10 9 8 14 13 12 11 10 9 8 7 6 15 14 13 12 11 10 9 8 7 13 12 11 10 9 8 7 6 5 15 14 13 12 11 10 9 8 7 13 12 11 10 9 8 7 6 5 15 14 13 12 11 10 9 8 7 10 10 14 12 16 13 15 13 15 8 8 12 10 14 14 13 14 15 14 10 12 13 9 15 15 10 15 12 15 9 15 13 9 16 15 14 9 13 12 10 12 15 9 12 15 14 13 15 15
itemClass_lengthVector 3 34 20 4 6 9 2 8 44 23 35 9 9 4 10 3 15 22 40 21 17 2 2 35 1 8 4 6 15 16 23 35 9 13 11 2 3 9 1 11 6 2 31 38 29 10 17 11 31 31 4 1 14 11 27 1 2 26 17 26 8 22 1 45 3 10 35 9 9 16 2 1 35 19 8 17 35 7 7 1 1 10 9 33 5 2 3 3 3 4 8 9 3 10 33 35 5 19 4 19 8 5 4 1 33 4 8 4 4 3 3 2 5 1 2 35 21 3 21 6 8 7 33 2 4 4 34 4 35 3
itemClass_demand 1 1 1 1 1 1 1 1 1 1 1 1 1 1 1 1 1 1 1 1 1 1 1 1 1 1 1 1 1 1 1 1 1 1 1 1 1 1 1 1 1 1 1 1 1 1 1 1 1 1 1 1 1 1 1 1 1 1 1 1 1 1 1 1 1 1 1 1 1 1 1 1 1 1 1 1 1 1 1 1 1 1 1 1 1 1 1 1 1 1 1 1 1 1 1 1 1 1 1 1 1 1 1 1 1 1 1 1 1 1 1 1 1 1 1 1 1 1 1 1 1 1 1 1 1 1 1 1 1 1
binNumber 10000
binClassNumber 1
binClass_widthVector 130
binClass_lengthVector 130
binClass_disponibility 1000
itemClass_weight 420 4760 2800 560 840 1260 280 1120 6160 3450 5250 1350 1350 600 1500 450 2250 3300 6400 3360 2720 320 320 5600 160 1280 640 840 2100 2240 3220 4900 1260 1820 1540 280 450 1350 150 1650 900 300 4650 5700 4350 1300 2210 1430 4030 4030 520 130 1820 1430 4050 150 300 3900 2550 3900 1200 3300 150 5850 390 1300 4550 1170 1170 2080 260 130 5250 2850 1200 2550 5250 1050 1050 150 150 1420 1323 4884 755 294 465 429 447 592 1216 1278 465 1510 4719 5110 710 2698 572 2679 1176 750 584 144 4851 588 1168 588 588 462 453 286 750 142 300 5180 3045 465 3045 930 1176 987 5115 290 592 616 5100 600 5425 438
