itemNumber 200
itemClassNumber 200
itemClass_widthVector 19 18 17 16 15 14 13 12 11 10 9 18 17 16 15 14 13 12 11 10 9 8 20 19 18 17 16 15 14 13 12 11 10 17 16 15 14 13 12 11 10 9 8 7 17 16 15 14 13 12 11 10 9 8 7 19 18 17 16 15 14 13 12 11 10 9 16 15 14 13 12 11 10 9 8 7 6 18 17 16 15 14 13 12 11 10 9 8 19 18 17 16 15 14 13 12 11 10 9 18 17 16 15 14 13 12 11 10 9 8 19 18 17 16 15 14 13 12 11 10 9 21 15 20 21 16 17 14 17 11 16 15 17 14 19 16 17 21 20 18 18 20 17 20 13 16 13 19 15 15 20 19 20 18 14 16 11 18 12 17 15 16 16 18 11 14 15 12 15 12 16 16 19 16 16 16 12 19 20 14 17 19 19 19 14 18 12 14 20 16 15 17 19 12 18 13 19 17 18 17
itemClass_lengthVector 1 37 21 36 18 30 11 6 10 7 23 24 5 6 23 23 28 5 17 8 31 30 30 20 17 13 12 1 6 71 3 4 23 12 15 26 4 43 10 46 17 20 5 2 43 11 8 11 14 8 22 5 2 55 21 7 4 19 10 24 19 10 36 11 19 41 12 43 17 13 29 18 26 6 15 2 19 11 5 51 45 9 23 2 14 25 10 5 8 2 9 7 26 39 7 9 30 45 18 22 2 13 10 33 3 3 90 3 6 15 2 23 27 6 4 10 12 9 1 23 83 1 12 38 1 17 37 5 18 7 19 11 18 6 20 19 17 2 1 37 21 37 36 2 10 31 9 21 12 29 1 36 1 37 6 29 7 21 6 35 12 30 29 36 8 7 30 8 31 8 30 31 22 31 29 31 10 37 38 5 35 38 21 21 6 35 8 11 38 18 12 18 20 10 35 6 20 19 20 17
itemClass_demand 1 1 1 1 1 1 1 1 1 1 1 1 1 1 1 1 1 1 1 1 1 1 1 1 1 1 1 1 1 1 1 1 1 1 1 1 1 1 1 1 1 1 1 1 1 1 1 1 1 1 1 1 1 1 1 1 1 1 1 1 1 1 1 1 1 1 1 1 1 1 1 1 1 1 1 1 1 1 1 1 1 1 1 1 1 1 1 1 1 1 1 1 1 1 1 1 1 1 1 1 1 1 1 1 1 1 1 1 1 1 1 1 1 1 1 1 1 1 1 1 1 1 1 1 1 1 1 1 1 1 1 1 1 1 1 1 1 1 1 1 1 1 1 1 1 1 1 1 1 1 1 1 1 1 1 1 1 1 1 1 1 1 1 1 1 1 1 1 1 1 1 1 1 1 1 1 1 1 1 1 1 1 1 1 1 1 1 1 1 1 1 1 1 1 1 1 1 1 1 1
binNumber 10000
binClassNumber 1
binClass_widthVector 200
binClass_lengthVector 200
binClass_disponibility 1000
itemClass_weight 190 7030 3990 6840 3420 5700 2090 1140 1900 1330 4370 4320 900 1080 4140 4140 5040 900 3060 1440 5580 5400 6000 4000 3400 2600 2400 200 1200 14200 600 800 4600 2040 2550 4420 680 7310 1700 7820 2890 3400 850 340 7310 1870 1360 1870 2380 1360 3740 850 340 9350 3570 1330 760 3610 1900 4560 3610 1900 6840 2090 3610 7790 1920 6880 2720 2080 4640 2880 4160 960 2400 320 3040 1980 900 9180 8100 1620 4140 360 2520 4500 1800 900 1520 380 1710 1330 4940 7410 1330 1710 5700 8550 3420 3960 360 2340 1800 5940 540 540 16200 540 1080 2700 380 4370 5130 1140 760 1900 2280 1710 190 4370 15770 208 2304 7676 202 3502 7363 1010 3654 1365 3990 2310 3654 1176 3880 3838 3349 384 196 7289 4410 7696 7452 406 2050 6324 1719 4074 2520 5858 204 7128 209 7289 1248 5597 1414 4326 1146 7210 2436 6180 5597 7164 1664 1393 5820 1568 6510 1624 6060 5983 4334 6510 5829 5952 2070 7622 7448 965 6965 7942 4305 4305 1194 7245 1616 2101 7714 3726 2352 3456 3880 1960 7245 1182 4140 3743 3960 3298
