itemNumber 170
itemClassNumber 170
itemClass_widthVector 19 18 17 16 15 14 13 12 11 10 17 16 15 14 13 12 11 10 9 8 18 17 16 15 14 13 12 11 10 9 19 18 17 16 15 14 13 12 11 10 15 14 13 12 11 10 9 8 7 6 19 18 17 16 15 14 13 12 11 10 16 15 14 13 12 11 10 9 8 7 15 14 13 12 11 10 9 8 7 6 17 16 15 14 13 12 11 10 9 8 15 14 13 12 11 10 9 8 7 6 12 16 15 13 18 18 13 19 13 14 19 16 16 16 17 16 15 19 13 19 19 15 14 15 14 16 18 14 18 13 13 17 14 19 17 16 15 21 12 15 13 14 15 16 13 18 17 21 15 19 19 13 18 17 19 20 19 16 16 19 12 19 16 16 18 19 20 15 19 14
itemClass_lengthVector 4 23 29 8 32 2 23 19 7 23 1 1 41 8 3 2 19 6 58 31 1 16 51 10 7 2 64 2 2 15 5 1 9 51 26 2 10 4 33 29 28 37 11 15 4 24 13 3 16 19 21 18 3 4 33 1 2 42 37 9 9 6 19 20 32 41 18 17 2 6 44 27 4 7 35 6 2 9 25 11 17 53 22 1 33 3 3 9 10 19 65 6 3 10 35 3 7 12 25 4 6 2 22 8 7 28 18 28 18 19 24 1 32 1 33 32 24 28 18 23 23 23 19 22 19 2 29 18 29 8 18 31 20 22 33 33 2 4 6 24 19 18 24 31 7 29 8 4 24 22 24 18 29 7 23 24 28 3 3 30 7 24 33 2 30 24 24 23 24 22
itemClass_demand 1 1 1 1 1 1 1 1 1 1 1 1 1 1 1 1 1 1 1 1 1 1 1 1 1 1 1 1 1 1 1 1 1 1 1 1 1 1 1 1 1 1 1 1 1 1 1 1 1 1 1 1 1 1 1 1 1 1 1 1 1 1 1 1 1 1 1 1 1 1 1 1 1 1 1 1 1 1 1 1 1 1 1 1 1 1 1 1 1 1 1 1 1 1 1 1 1 1 1 1 1 1 1 1 1 1 1 1 1 1 1 1 1 1 1 1 1 1 1 1 1 1 1 1 1 1 1 1 1 1 1 1 1 1 1 1 1 1 1 1 1 1 1 1 1 1 1 1 1 1 1 1 1 1 1 1 1 1 1 1 1 1 1 1 1 1 1 1 1 1
binNumber 10000
binClassNumber 1
binClass_widthVector 170
binClass_lengthVector 170
binClass_disponibility 1000
itemClass_weight 760 4370 5510 1520 6080 380 4370 3610 1330 4370 170 170 6970 1360 510 340 3230 1020 9860 5270 180 2880 9180 1800 1260 360 11520 360 360 2700 950 190 1710 9690 4940 380 1900 760 6270 5510 4200 5550 1650 2250 600 3600 1950 450 2400 2850 3990 3420 570 760 6270 190 380 7980 7030 1710 1440 960 3040 3200 5120 6560 2880 2720 320 960 6600 4050 600 1050 5250 900 300 1350 3750 1650 2890 9010 3740 170 5610 510 510 1530 1700 3230 9750 900 450 1500 5250 450 1050 1800 3750 600 1182 386 4400 1528 1470 5376 3456 5488 3672 3990 4752 203 6656 194 6897 6528 4920 5852 3780 4669 4623 4554 3857 4400 3629 400 5626 3456 5974 1584 3708 6200 4140 4400 6930 6765 384 776 1224 4872 3800 3438 4944 6386 1456 5597 1544 772 4608 4620 4800 3780 5597 1421 4807 5040 5404 618 576 5850 1393 4776 6534 392 6030 4632 4752 4623 4992 4488
