itemNumber 500
itemClassNumber 500
itemClass_widthVector 29 28 27 26 25 24 23 22 21 20 19 18 17 16 15 14 30 29 28 27 26 25 24 23 22 21 20 19 18 17 16 15 33 32 31 30 29 28 27 26 25 24 23 22 21 20 19 18 31 30 29 28 27 26 25 24 23 22 21 20 19 18 17 16 32 31 30 29 28 27 26 25 24 23 22 21 20 19 18 17 30 29 28 27 26 25 24 23 22 21 20 19 18 17 16 15 31 30 29 28 27 26 25 24 23 22 21 20 19 18 17 16 34 33 32 31 30 29 28 27 26 25 24 23 22 21 20 19 28 27 26 25 24 23 22 21 20 19 18 17 16 15 14 13 34 33 32 31 30 29 28 27 26 25 24 23 22 21 20 19 31 30 29 28 27 26 25 24 23 22 21 20 19 18 17 16 33 32 31 30 29 28 27 26 25 24 23 22 21 20 19 18 32 31 30 29 28 27 26 25 24 23 22 21 20 19 18 17 29 28 27 26 25 24 23 22 21 20 19 18 17 16 15 14 31 30 29 28 27 26 25 24 23 22 21 20 19 18 17 16 32 31 30 29 28 27 26 25 24 23 22 21 20 19 18 17 23 29 18 31 26 30 22 25 27 25 28 23 18 26 28 24 21 17 29 18 26 24 20 27 27 31 27 27 18 23 22 19 31 21 28 27 31 30 20 23 21 26 20 18 20 23 25 31 25 23 30 30 30 20 31 27 18 21 26 21 26 18 24 19 30 28 23 26 27 31 23 20 25 20 26 20 24 32 22 19 27 28 21 20 28 18 29 16 20 32 26 19 21 28 19 31 25 22 17 16 24 30 29 20 23 24 18 27 18 17 27 21 20 18 31 27 18 23 18 19 29 26 25 16 26 17 22 19 21 24 20 16 18 24 30 25 26 25 29 19 16 25 27 20 22 28 25 29 28 27 20 28 20 20 19 22 28 18 26 24 24 18 25 18 21 29 24 21 20 28 29 27 24 20 29 18 22 24 29 20 25 18 29 20 19 20 22 25 19 25 30 19 26 26 25 25 30 17 24 19 19 16 26 25 28 17 19 28 18 19 21 29 19 16 18 17 20 26 19 30 30 18 24 31 20 22 23 19 17 20 19 16 26 21 31 19 23 23 21 23 31 21 30 23
itemClass_lengthVector 2 6 28 39 44 1 1 69 30 80 85 19 3 65 6 22 20 19 39 18 25 55 30 35 8 34 58 32 27 20 24 56 2 12 22 12 34 55 61 54 2 28 25 60 1 16 44 72 19 63 2 40 85 58 36 34 10 3 30 81 9 21 2 7 18 18 39 3 10 40 46 28 13 31 85 42 9 64 15 39 6 7 52 63 8 31 29 108 26 21 16 3 24 43 52 11 65 21 7 2 18 43 11 27 9 50 23 43 121 15 28 17 31 20 101 7 92 7 22 2 12 14 64 40 7 43 24 14 13 12 12 79 84 6 21 15 21 2 66 8 10 13 87 51 89 22 80 40 21 58 8 3 3 19 25 7 14 11 56 44 41 15 30 20 49 38 29 15 31 50 30 13 20 103 6 10 51 39 7 43 4 53 9 18 12 80 3 22 1 1 149 8 2 24 44 16 73 31 32 11 39 21 113 16 9 27 9 33 5 32 42 60 9 5 21 7 141 6 19 1 62 4 42 44 41 59 2 18 9 38 17 26 7 52 7 78 19 104 12 11 6 83 19 51 22 7 12 38 77 42 50 61 12 3 14 3 31 27 2 5 2 27 81 68 43 1 43 68 65 45 38 1 86 65 40 3 1 69 85 43 45 5 1 40 3 80 29 4 3 86 38 45 7 3 19 31 84 1 85 2 85 81 1 2 1 68 3 27 29 85 5 40 2 79 2 84 2 3 68 4 3 44 29 2 44 6 69 18 1 85 2 18 30 2 80 2 38 38 84 19 45 64 28 7 86 1 2 2 86 43 18 1 70 29 6 6 1 1 6 85 31 70 3 1 65 6 1 86 84 2 1 40 2 81 64 18 29 44 1 7 44 65 80 18 80 1 20 5 2 29 3 68 2 69 29 2 5 2 44 18 29 38 69 40 43 1 19 40 84 18 3 30 43 4 45 29 31 4 2 66 81 38 1 86 20 45 38 44 2 84 27 2 79 31 5 85 1 2 29 85 3 86 29 1 4 2 7 4 2 1 2 69 2 5 69 4 4 6 1 68 43 6 3 40 2 18 85 7 4 6 2 64 86 2 20 6 7 2 69 2 85 29 31 19 65 19 18 5 45 81 1 20 30 69 86 31 1 86 27 69
itemClass_demand 1 1 1 1 1 1 1 1 1 1 1 1 1 1 1 1 1 1 1 1 1 1 1 1 1 1 1 1 1 1 1 1 1 1 1 1 1 1 1 1 1 1 1 1 1 1 1 1 1 1 1 1 1 1 1 1 1 1 1 1 1 1 1 1 1 1 1 1 1 1 1 1 1 1 1 1 1 1 1 1 1 1 1 1 1 1 1 1 1 1 1 1 1 1 1 1 1 1 1 1 1 1 1 1 1 1 1 1 1 1 1 1 1 1 1 1 1 1 1 1 1 1 1 1 1 1 1 1 1 1 1 1 1 1 1 1 1 1 1 1 1 1 1 1 1 1 1 1 1 1 1 1 1 1 1 1 1 1 1 1 1 1 1 1 1 1 1 1 1 1 1 1 1 1 1 1 1 1 1 1 1 1 1 1 1 1 1 1 1 1 1 1 1 1 1 1 1 1 1 1 1 1 1 1 1 1 1 1 1 1 1 1 1 1 1 1 1 1 1 1 1 1 1 1 1 1 1 1 1 1 1 1 1 1 1 1 1 1 1 1 1 1 1 1 1 1 1 1 1 1 1 1 1 1 1 1 1 1 1 1 1 1 1 1 1 1 1 1 1 1 1 1 1 1 1 1 1 1 1 1 1 1 1 1 1 1 1 1 1 1 1 1 1 1 1 1 1 1 1 1 1 1 1 1 1 1 1 1 1 1 1 1 1 1 1 1 1 1 1 1 1 1 1 1 1 1 1 1 1 1 1 1 1 1 1 1 1 1 1 1 1 1 1 1 1 1 1 1 1 1 1 1 1 1 1 1 1 1 1 1 1 1 1 1 1 1 1 1 1 1 1 1 1 1 1 1 1 1 1 1 1 1 1 1 1 1 1 1 1 1 1 1 1 1 1 1 1 1 1 1 1 1 1 1 1 1 1 1 1 1 1 1 1 1 1 1 1 1 1 1 1 1 1 1 1 1 1 1 1 1 1 1 1 1 1 1 1 1 1 1 1 1 1 1 1 1 1 1 1 1 1 1 1 1 1 1 1 1 1 1 1 1 1 1 1 1 1 1 1 1 1 1 1 1 1 1 1 1 1 1 1 1 1 1 1 1 1 1 1 1 1 1 1 1 1 1 1 1 1 1
binNumber 10000
binClassNumber 1
binClass_widthVector 500
binClass_lengthVector 500
binClass_disponibility 1000
itemClass_weight 580 1740 8120 11310 12760 290 290 20010 8700 23200 24650 5510 870 18850 1740 6380 6000 5700 11700 5400 7500 16500 9000 10500 2400 10200 17400 9600 8100 6000 7200 16800 660 3960 7260 3960 11220 18150 20130 17820 660 9240 8250 19800 330 5280 14520 23760 5890 19530 620 12400 26350 17980 11160 10540 3100 930 9300 25110 2790 6510 620 2170 5760 5760 12480 960 3200 12800 14720 8960 4160 9920 27200 13440 2880 20480 4800 12480 1800 2100 15600 18900 2400 9300 8700 32400 7800 6300 4800 900 7200 12900 15600 3300 20150 6510 2170 620 5580 13330 3410 8370 2790 15500 7130 13330 37510 4650 8680 5270 10540 6800 34340 2380 31280 2380 7480 680 4080 4760 21760 13600 2380 14620 8160 4760 3640 3360 3360 22120 23520 1680 5880 4200 5880 560 18480 2240 2800 3640 24360 14280 30260 7480 27200 13600 7140 19720 2720 1020 1020 6460 8500 2380 4760 3740 19040 14960 12710 4650 9300 6200 15190 11780 8990 4650 9610 15500 9300 4030 6200 31930 1860 3100 16830 12870 2310 14190 1320 17490 2970 5940 3960 26400 990 7260 330 330 49170 2640 640 7680 14080 5120 23360 9920 10240 3520 12480 6720 36160 5120 2880 8640 2880 10560 1450 9280 12180 17400 2610 1450 6090 2030 40890 1740 5510 290 17980 1160 12180 12760 12710 18290 620 5580 2790 11780 5270 8060 2170 16120 2170 24180 5890 32240 3720 3410 1920 26560 6080 16320 7040 2240 3840 12160 24640 13440 16000 19520 3840 960 4480 960 9579 8343 628 1535 588 8208 25515 20196 13631 306 13674 21488 20540 14130 11210 315 26574 19890 12640 873 301 21321 27030 13373 14220 1590 300 11800 936 23760 8874 1188 960 25026 11096 13140 2149 930 5833 9424 24780 311 25925 636 26775 23733 296 626 292 20060 954 7938 8526 26775 1565 11720 620 23463 626 25200 638 927 21420 1184 945 13156 8729 622 12848 1758 21735 5400 312 24820 614 5346 8910 600 23680 614 11286 11058 25032 5643 14355 19584 8932 2100 27434 300 634 582 27520 13545 5724 297 21840 9019 1872 1842 313 305 1758 25160 9641 21280 897 304 20215 1908 302 25542 25116 602 313 11680 602 24138 19840 5292 8816 13816 314 2086 13200 19045 25040 5652 25520 319 6380 1550 600 9019 954 20672 632 20631 9019 586 1600 616 13552 5544 9019 11438 21873 12240 13287 309 5985 11880 24696 5706 930 9210 13373 1272 13365 8439 9796 1244 624 19734 24624 11400 319 27520 6120 14355 11476 13508 598 26712 8397 630 24490 9610 1590 25160 305 590 9019 25755 882 26746 8526 303 1232 598 2044 1180 586 303 634 21804 622 1490 21321 1192 1212 1806 312 19924 12642 1806 909 11720 616 5436 26010 2051 1252 1824 598 18944 25112 620 6180 1902 2233 640 20838 628 24735 8874 9331 5871 19435 5624 5580 1585 13635 25596 304 6320 9180 21114 25628 9207 313 26574 7857 20355
