itemNumber 150
itemClassNumber 150
itemClass_widthVector 17 16 15 14 13 12 11 10 9 17 16 15 14 13 12 11 10 9 17 16 15 14 13 12 11 10 9 17 16 15 14 13 12 11 10 9 17 16 15 14 13 12 11 10 9 18 17 16 15 14 13 12 11 10 15 14 13 12 11 10 9 8 7 14 13 12 11 10 9 8 7 6 18 17 16 15 14 13 12 11 10 12 19 17 11 19 18 18 16 13 13 17 19 18 17 13 12 17 17 18 19 15 11 13 12 16 17 18 17 15 12 13 19 14 12 14 17 13 11 11 16 16 13 11 13 13 17 18 18 12 11 12 13 17 18 14 15 15 15 19 19 17 18 12 12 12 15 16 15 15
itemClass_lengthVector 24 1 12 11 30 37 7 16 12 8 43 9 2 22 29 6 14 17 8 10 10 31 15 7 51 13 5 14 5 32 46 5 6 13 24 5 3 13 10 20 18 56 5 19 6 1 5 42 6 1 15 8 23 49 4 15 1 4 30 9 32 4 51 41 8 2 8 5 36 24 18 8 18 15 12 21 10 32 18 8 16 7 23 11 16 24 23 2 11 38 37 1 25 25 2 8 16 2 1 1 24 12 16 8 6 12 11 25 11 29 17 36 25 31 7 29 1 36 16 17 11 12 8 16 8 38 1 1 24 16 15 6 38 13 1 31 30 29 11 25 25 1 2 7 15 17 11 13 10 30
itemClass_demand 1 1 1 1 1 1 1 1 1 1 1 1 1 1 1 1 1 1 1 1 1 1 1 1 1 1 1 1 1 1 1 1 1 1 1 1 1 1 1 1 1 1 1 1 1 1 1 1 1 1 1 1 1 1 1 1 1 1 1 1 1 1 1 1 1 1 1 1 1 1 1 1 1 1 1 1 1 1 1 1 1 1 1 1 1 1 1 1 1 1 1 1 1 1 1 1 1 1 1 1 1 1 1 1 1 1 1 1 1 1 1 1 1 1 1 1 1 1 1 1 1 1 1 1 1 1 1 1 1 1 1 1 1 1 1 1 1 1 1 1 1 1 1 1 1 1 1 1 1 1
binNumber 10000
binClassNumber 1
binClass_widthVector 150
binClass_lengthVector 150
binClass_disponibility 1000
itemClass_weight 4080 170 2040 1870 5100 6290 1190 2720 2040 1360 7310 1530 340 3740 4930 1020 2380 2890 1360 1700 1700 5270 2550 1190 8670 2210 850 2380 850 5440 7820 850 1020 2210 4080 850 510 2210 1700 3400 3060 9520 850 3230 1020 180 900 7560 1080 180 2700 1440 4140 8820 600 2250 150 600 4500 1350 4800 600 7650 5740 1120 280 1120 700 5040 3360 2520 1120 3240 2700 2160 3780 1800 5760 3240 1440 2880 1204 4186 1925 2752 4320 4278 362 2035 6650 6882 186 4575 4325 358 1464 3008 360 178 179 4200 2172 2896 1416 1098 2124 2002 4475 2046 5307 3145 6444 4550 5425 1197 4988 188 6372 2736 2992 2068 2076 1400 2736 1480 6612 183 179 4128 2864 2595 1128 7068 2418 187 5797 5310 5394 2057 4275 4700 176 368 1302 2760 2958 1969 2236 1710 5340
