itemNumber 150
itemClassNumber 150
itemClass_widthVector 18 17 16 15 14 13 12 11 10 18 17 16 15 14 13 12 11 10 17 16 15 14 13 12 11 10 9 16 15 14 13 12 11 10 9 8 16 15 14 13 12 11 10 9 8 15 14 13 12 11 10 9 8 7 15 14 13 12 11 10 9 8 7 16 15 14 13 12 11 10 9 8 19 18 17 16 15 14 13 12 11 14 17 16 13 18 15 14 19 16 19 19 15 15 19 13 16 19 12 18 12 12 16 16 18 18 16 19 12 14 14 16 18 15 13 13 13 16 13 14 19 19 17 13 14 13 18 16 14 14 14 18 16 17 18 16 15 12 15 15 17 17 17 17 20 15 12 18 16 17
itemClass_lengthVector 11 10 23 42 12 18 3 23 8 23 4 26 1 4 11 6 33 42 1 6 22 3 4 25 48 17 24 18 6 26 1 51 6 30 11 1 12 30 19 33 10 26 4 11 5 1 28 26 2 28 13 13 3 36 17 47 25 20 1 18 16 1 5 4 4 5 18 7 5 2 23 82 23 13 1 35 4 48 19 1 6 17 22 41 23 24 13 4 11 43 11 11 17 19 12 3 41 9 22 10 24 22 42 41 9 11 42 11 23 2 19 11 23 11 22 24 2 12 23 18 9 10 24 24 17 3 10 41 17 17 4 24 11 24 22 12 12 23 17 12 24 23 23 43 12 17 23 9 11 24
itemClass_demand 1 1 1 1 1 1 1 1 1 1 1 1 1 1 1 1 1 1 1 1 1 1 1 1 1 1 1 1 1 1 1 1 1 1 1 1 1 1 1 1 1 1 1 1 1 1 1 1 1 1 1 1 1 1 1 1 1 1 1 1 1 1 1 1 1 1 1 1 1 1 1 1 1 1 1 1 1 1 1 1 1 1 1 1 1 1 1 1 1 1 1 1 1 1 1 1 1 1 1 1 1 1 1 1 1 1 1 1 1 1 1 1 1 1 1 1 1 1 1 1 1 1 1 1 1 1 1 1 1 1 1 1 1 1 1 1 1 1 1 1 1 1 1 1 1 1 1 1 1 1
binNumber 10000
binClassNumber 1
binClass_widthVector 150
binClass_lengthVector 150
binClass_disponibility 1000
itemClass_weight 1980 1800 4140 7560 2160 3240 540 4140 1440 4140 720 4680 180 720 1980 1080 5940 7560 170 1020 3740 510 680 4250 8160 2890 4080 2880 960 4160 160 8160 960 4800 1760 160 1920 4800 3040 5280 1600 4160 640 1760 800 150 4200 3900 300 4200 1950 1950 450 5400 2550 7050 3750 3000 150 2700 2400 150 750 640 640 800 2880 1120 800 320 3680 13120 4370 2470 190 6650 760 9120 3610 190 1140 3213 4092 7626 4209 4776 2353 788 2013 7912 2145 1991 3196 3572 2184 549 7503 1764 4202 1950 4632 4224 7854 7462 1728 2145 7896 1991 4232 392 3458 2002 4163 2101 4202 4632 378 2388 4278 3438 1782 1920 4584 4488 3366 573 1900 7421 3145 3349 772 4608 2123 4776 3982 2196 2364 4278 3094 2388 4680 4554 4531 7783 2352 3281 4554 1728 2167 4752
