itemNumber 600
itemClassNumber 600
itemClass_widthVector 32 31 30 29 28 27 26 25 24 23 22 21 20 19 18 17 16 15 36 35 34 33 32 31 30 29 28 27 26 25 24 23 22 21 20 19 36 35 34 33 32 31 30 29 28 27 26 25 24 23 22 21 20 19 34 33 32 31 30 29 28 27 26 25 24 23 22 21 20 19 18 17 37 36 35 34 33 32 31 30 29 28 27 26 25 24 23 22 21 20 33 32 31 30 29 28 27 26 25 24 23 22 21 20 19 18 17 16 37 36 35 34 33 32 31 30 29 28 27 26 25 24 23 22 21 20 32 31 30 29 28 27 26 25 24 23 22 21 20 19 18 17 16 15 33 32 31 30 29 28 27 26 25 24 23 22 21 20 19 18 17 16 30 29 28 27 26 25 24 23 22 21 20 19 18 17 16 15 14 13 30 29 28 27 26 25 24 23 22 21 20 19 18 17 16 15 14 13 35 34 33 32 31 30 29 28 27 26 25 24 23 22 21 20 19 18 36 35 34 33 32 31 30 29 28 27 26 25 24 23 22 21 20 19 31 30 29 28 27 26 25 24 23 22 21 20 19 18 17 16 15 14 32 31 30 29 28 27 26 25 24 23 22 21 20 19 18 17 16 15 33 32 31 30 29 28 27 26 25 24 23 22 21 20 19 18 17 16 33 32 31 30 29 28 27 26 25 24 23 22 21 20 19 18 17 16 30 29 28 27 26 25 24 23 22 21 20 19 18 17 16 15 14 13 17 29 30 26 34 23 35 29 30 29 29 22 17 34 30 23 25 20 24 27 25 24 32 23 27 35 31 27 21 22 27 24 19 20 34 30 24 31 23 19 24 32 24 23 24 32 20 18 29 25 21 30 30 19 17 24 28 17 21 28 25 27 18 23 17 28 23 30 35 29 19 29 29 32 17 23 24 27 34 23 24 21 24 26 27 21 24 26 33 31 19 23 32 29 18 30 22 20 27 35 31 27 19 35 34 19 19 34 28 28 18 35 33 19 19 23 19 33 25 25 18 23 31 26 25 27 33 21 29 33 20 20 17 19 25 34 18 24 20 18 18 29 20 21 23 18 26 33 24 32 21 28 34 35 29 34 29 30 23 27 20 26 19 26 23 33 25 35 34 23 31 29 31 18 28 31 23 27 18 25 21 35 29 19 34 20 25 31 32 17 25 24 29 18 20 29 26 22 31 20 22 18 32 34 30 26 27 23 24 19 31 18 21 26 34 25 20 30 27 26 32 21 18 29 20 29 19 32 28 32 26 26 21 19 25 25 33 33 23 34 25 33 23 30 23 28 26 22 30 33 22 27 34 34 24 18 32 31 28 29 24 33 36 19 30 17 18 31 20 31 24 25 30 29 32 33
itemClass_lengthVector 21 3 11 56 28 9 31 6 172 41 39 31 5 12 45 44 12 34 3 25 44 24 67 110 26 27 48 22 24 43 34 7 4 6 35 51 15 56 96 1 80 4 2 101 30 32 1 32 45 8 16 14 43 24 11 18 114 15 60 65 33 59 3 14 45 52 2 6 42 9 48 4 48 26 48 8 41 15 3 18 18 64 23 21 54 19 100 46 12 36 62 4 1 128 12 92 19 8 6 2 30 67 90 9 9 20 16 25 39 49 89 45 12 9 26 67 46 13 14 29 23 6 25 7 5 96 30 54 27 47 13 23 17 50 7 62 14 37 63 30 46 8 68 4 8 12 21 36 20 55 43 51 71 43 17 31 44 9 53 44 36 6 10 52 94 1 1 35 84 18 11 41 15 85 36 21 6 30 9 51 42 39 98 20 5 15 6 32 76 28 7 51 15 81 23 8 6 48 26 59 81 12 9 25 20 40 21 79 14 37 38 52 15 22 19 31 37 5 147 7 15 7 10 32 12 116 53 29 6 13 13 5 44 49 28 45 35 20 8 121 6 79 21 17 4 15 60 11 3 39 65 23 10 12 38 2 65 18 53 41 30 22 87 46 31 45 13 11 12 64 11 3 36 106 1 2 3 8 22 15 14 6 51 29 28 2 131 132 36 3 9 34 105 77 5 41 16 41 47 14 56 10 17 80 3 6 48 3 58 6 89 20 14 39 96 11 16 36 18 31 22 18 45 30 12 10 28 42 2 4 22 32 55 31 30 6 12 20 56 38 42 12 30 172 172 30 11 38 32 20 28 30 12 5 6 41 45 44 12 57 42 11 32 45 42 10 40 6 32 12 45 11 32 40 11 10 57 44 12 42 10 13 13 9 41 173 44 31 12 8 40 9 2 9 44 10 9 57 11 38 40 171 4 32 38 13 42 7 6 11 38 41 22 12 44 4 10 31 13 57 6 11 30 3 56 171 44 3 20 45 46 3 10 10 11 20 12 44 45 38 45 22 171 171 45 31 27 41 41 32 3 11 29 3 12 13 13 43 172 21 45 39 44 43 45 8 46 5 5 11 42 20 41 10 11 30 12 2 30 4 31 56 32 173 12 5 45 42 6 3 172 20 22 30 55 30 28 11 8 11 32 31 44 40 11 22 31 46 11 44 171 10 3 13 42 32 28 13 44 27 41 6 55 44 31 43 4 22 9 41 7 6 30 45 56 12 4 5 10 41 13 57 6 7 11 4 13 29 13 27 44 3 8 57 42 5 12 46 39 40 2 11 5 12 41 20 4 8 32 9 173 4 55 2 30 173 10 11 30 45 2 12 5 8 40 20 20 46 27 12 12 29 13 55 30 172 27 10 55 4
itemClass_demand 1 1 1 1 1 1 1 1 1 1 1 1 1 1 1 1 1 1 1 1 1 1 1 1 1 1 1 1 1 1 1 1 1 1 1 1 1 1 1 1 1 1 1 1 1 1 1 1 1 1 1 1 1 1 1 1 1 1 1 1 1 1 1 1 1 1 1 1 1 1 1 1 1 1 1 1 1 1 1 1 1 1 1 1 1 1 1 1 1 1 1 1 1 1 1 1 1 1 1 1 1 1 1 1 1 1 1 1 1 1 1 1 1 1 1 1 1 1 1 1 1 1 1 1 1 1 1 1 1 1 1 1 1 1 1 1 1 1 1 1 1 1 1 1 1 1 1 1 1 1 1 1 1 1 1 1 1 1 1 1 1 1 1 1 1 1 1 1 1 1 1 1 1 1 1 1 1 1 1 1 1 1 1 1 1 1 1 1 1 1 1 1 1 1 1 1 1 1 1 1 1 1 1 1 1 1 1 1 1 1 1 1 1 1 1 1 1 1 1 1 1 1 1 1 1 1 1 1 1 1 1 1 1 1 1 1 1 1 1 1 1 1 1 1 1 1 1 1 1 1 1 1 1 1 1 1 1 1 1 1 1 1 1 1 1 1 1 1 1 1 1 1 1 1 1 1 1 1 1 1 1 1 1 1 1 1 1 1 1 1 1 1 1 1 1 1 1 1 1 1 1 1 1 1 1 1 1 1 1 1 1 1 1 1 1 1 1 1 1 1 1 1 1 1 1 1 1 1 1 1 1 1 1 1 1 1 1 1 1 1 1 1 1 1 1 1 1 1 1 1 1 1 1 1 1 1 1 1 1 1 1 1 1 1 1 1 1 1 1 1 1 1 1 1 1 1 1 1 1 1 1 1 1 1 1 1 1 1 1 1 1 1 1 1 1 1 1 1 1 1 1 1 1 1 1 1 1 1 1 1 1 1 1 1 1 1 1 1 1 1 1 1 1 1 1 1 1 1 1 1 1 1 1 1 1 1 1 1 1 1 1 1 1 1 1 1 1 1 1 1 1 1 1 1 1 1 1 1 1 1 1 1 1 1 1 1 1 1 1 1 1 1 1 1 1 1 1 1 1 1 1 1 1 1 1 1 1 1 1 1 1 1 1 1 1 1 1 1 1 1 1 1 1 1 1 1 1 1 1 1 1 1 1 1 1 1 1 1 1 1 1 1 1 1 1 1 1 1 1 1 1 1 1 1 1 1 1 1 1 1 1 1 1 1 1 1 1 1 1 1 1 1 1 1 1 1 1 1 1 1 1 1 1 1 1 1 1 1 1 1 1 1 1 1 1 1 1 1 1 1 1 1 1 1 1 1 1 1 1 1 1 1 1 1 1 1 1 1 1 1
binNumber 10000
binClassNumber 1
binClass_widthVector 600
binClass_lengthVector 600
binClass_disponibility 1000
itemClass_weight 6720 960 3520 17920 8960 2880 9920 1920 55040 13120 12480 9920 1600 3840 14400 14080 3840 10880 1080 9000 15840 8640 24120 39600 9360 9720 17280 7920 8640 15480 12240 2520 1440 2160 12600 18360 5400 20160 34560 360 28800 1440 720 36360 10800 11520 360 11520 16200 2880 5760 5040 15480 8640 3740 6120 38760 5100 20400 22100 11220 20060 1020 4760 15300 17680 680 2040 14280 3060 16320 1360 17760 9620 17760 2960 15170 5550 1110 6660 6660 23680 8510 7770 19980 7030 37000 17020 4440 13320 20460 1320 330 42240 3960 30360 6270 2640 1980 660 9900 22110 29700 2970 2970 6600 5280 8250 14430 18130 32930 16650 4440 3330 9620 24790 17020 4810 5180 10730 8510 2220 9250 2590 1850 35520 9600 17280 8640 15040 4160 7360 5440 16000 2240 19840 4480 11840 20160 9600 14720 2560 21760 1280 2640 3960 6930 11880 6600 18150 14190 16830 23430 14190 5610 10230 14520 2970 17490 14520 11880 1980 3000 15600 28200 300 300 10500 25200 5400 3300 12300 4500 25500 10800 6300 1800 9000 2700 15300 12600 11700 29400 6000 1500 4500 1800 9600 22800 8400 2100 15300 4500 24300 6900 2400 1800 14400 9100 20650 28350 4200 3150 8750 7000 14000 7350 27650 4900 12950 13300 18200 5250 7700 6650 10850 13320 1800 52920 2520 5400 2520 3600 11520 4320 41760 19080 10440 2160 4680 4680 1800 15840 17640 8680 13950 10850 6200 2480 37510 1860 24490 6510 5270 1240 4650 18600 3410 930 12090 20150 7130 3200 3840 12160 640 20800 5760 16960 13120 9600 7040 27840 14720 9920 14400 4160 3520 3840 20480 3630 990 11880 34980 330 660 990 2640 7260 4950 4620 1980 16830 9570 9240 660 43230 43560 11880 990 2970 11220 34650 25410 1650 13530 5280 13530 15510 4620 18480 3300 5610 26400 990 1980 14400 900 17400 1800 26700 6000 4200 11700 28800 3300 4800 10800 5400 9300 6600 5400 13500 9000 4056 3510 9240 13692 682 1384 7436 10720 18975 10943 10440 1974 3948 7000 18200 13414 14238 4056 10410 58652 58996 9930 3531 13034 10336 6700 9268 10200 4008 1615 2010 13366 14940 15488 3972 18354 13482 3817 11168 14940 14280 3470 13720 1968 10368 4032 15255 3718 10912 14040 3674 3310 19209 14784 3936 14028 3530 4524 4381 2889 13653 59858 14256 10602 4044 2616 13240 2934 664 3060 14520 3490 3078 19038 3608 13110 14040 59166 1320 10432 13148 4563 14574 2359 2028 3795 13072 14309 7436 4224 15048 1348 3250 10726 4576 18582 1998 3718 9990 999 18256 57456 15092 1014 6460 15345 15548 1020 3290 3370 3685 6960 4140 14300 15120 12578 14895 7722 56772 57285 14985 10044 9261 13858 14104 10944 1011 3762 9396 1056 4176 4290 4446 14663 58308 7140 14625 13377 15092 14448 15525 2640 16146 1665 1675 3784 14322 6900 13571 3360 3641 9660 4164 696 9630 1316 10943 19432 10400 60377 4176 1700 14625 14406 1956 1053 59168 6960 7480 10380 17820 9960 9772 3839 2752 3729 10400 10943 15444 13280 3817 7436 10695 15410 3784 14432 55917 3420 1026 4342 13482 11200 9408 4329 14696 8910 13612 1932 17930 14564 10943 14792 1380 7062 3042 13530 2387 1926 10410 15255 18088 4068 1300 1645 3500 14186 4290 18582 2016 2261 3795 1364 4277 10150 4173 9504 15488 1014 2640 19380 14742 1605 4212 15824 13689 14080 684 3641 1640 4032 14104 6640 1380 2808 11104 2952 56398 1368 18260 700 10110 59339 3310 3652 9870 15705 678 4224 1755 2664 13520 7060 6780 16008 8964 4116 3936 10150 4212 17930 9720 56072 8937 3270 18920 1288
