itemNumber 130
itemClassNumber 130
itemClass_widthVector 14 13 12 11 10 9 8 7 6 16 15 14 13 12 11 10 9 8 16 15 14 13 12 11 10 9 8 14 13 12 11 10 9 8 7 6 15 14 13 12 11 10 9 8 7 13 12 11 10 9 8 7 6 5 13 12 11 10 9 8 7 6 5 15 14 13 12 11 10 9 8 7 14 13 12 11 10 9 8 7 6 10 13 12 9 9 10 10 8 12 9 10 8 14 11 12 12 10 8 13 15 14 15 13 15 11 10 15 10 16 12 14 10 11 14 12 12 14 13 14 10 14 8 9 8 12 14 12 14 11
itemClass_lengthVector 8 46 46 3 14 1 7 2 3 17 8 3 2 37 30 1 1 31 38 12 24 18 18 4 3 9 4 4 15 38 6 10 3 13 3 38 7 23 12 1 2 7 25 25 28 9 9 3 4 49 31 2 8 15 31 5 41 7 4 2 4 5 31 22 9 9 12 6 56 8 6 2 13 1 15 22 7 35 22 2 13 2 2 13 6 8 2 1 2 13 8 2 3 45 14 14 14 1 1 3 45 47 7 4 46 15 2 7 1 9 15 47 1 14 45 13 2 45 4 45 1 45 3 8 2 15 46 13 46 14
itemClass_demand 1 1 1 1 1 1 1 1 1 1 1 1 1 1 1 1 1 1 1 1 1 1 1 1 1 1 1 1 1 1 1 1 1 1 1 1 1 1 1 1 1 1 1 1 1 1 1 1 1 1 1 1 1 1 1 1 1 1 1 1 1 1 1 1 1 1 1 1 1 1 1 1 1 1 1 1 1 1 1 1 1 1 1 1 1 1 1 1 1 1 1 1 1 1 1 1 1 1 1 1 1 1 1 1 1 1 1 1 1 1 1 1 1 1 1 1 1 1 1 1 1 1 1 1 1 1 1 1 1 1
binNumber 10000
binClassNumber 1
binClass_widthVector 130
binClass_lengthVector 130
binClass_disponibility 1000
itemClass_weight 1120 6440 6440 420 1960 140 980 280 420 2720 1280 480 320 5920 4800 160 160 4960 6080 1920 3840 2880 2880 640 480 1440 640 560 2100 5320 840 1400 420 1820 420 5320 1050 3450 1800 150 300 1050 3750 3750 4200 1170 1170 390 520 6370 4030 260 1040 1950 4030 650 5330 910 520 260 520 650 4030 3300 1350 1350 1800 900 8400 1200 900 300 1820 140 2100 3080 980 4900 3080 280 1820 304 300 2015 852 1224 302 144 300 1911 1232 288 435 6840 2100 2142 2016 153 154 459 6390 7285 1050 568 7084 2145 292 1057 152 1296 2190 7285 143 2058 6390 1976 282 6525 568 6480 143 6345 441 1216 290 2310 6946 1989 6532 1974
