itemNumber 160
itemClassNumber 160
itemClass_widthVector 18 17 16 15 14 13 12 11 10 18 17 16 15 14 13 12 11 10 17 16 15 14 13 12 11 10 9 20 19 18 17 16 15 14 13 12 19 18 17 16 15 14 13 12 11 18 17 16 15 14 13 12 11 10 17 16 15 14 13 12 11 10 9 16 15 14 13 12 11 10 9 8 17 16 15 14 13 12 11 10 9 16 13 19 13 14 18 14 15 15 13 20 13 16 20 13 19 13 18 15 14 14 12 14 18 14 17 13 17 13 19 15 12 17 16 15 16 14 15 17 15 18 14 19 18 18 18 17 16 15 13 16 19 13 13 19 19 12 17 20 15 18 19 15 13 14 18 17 18 16 16 14 15 17 19 19 13 17 16 17
itemClass_lengthVector 16 41 18 18 10 31 4 3 19 23 20 32 5 7 9 4 56 4 50 24 6 26 3 22 16 7 6 38 13 21 16 31 2 12 4 23 16 10 25 8 13 11 60 7 10 5 17 18 34 9 1 22 53 1 3 9 32 41 8 1 23 30 13 11 4 24 5 82 14 13 3 4 10 47 5 44 2 5 1 12 34 19 4 16 5 3 18 31 31 11 5 15 4 17 17 4 15 4 40 11 30 30 3 3 40 4 19 3 17 3 17 9 4 18 17 32 11 3 30 19 30 41 31 17 41 19 40 19 18 30 3 10 16 4 5 41 41 4 17 15 9 40 40 11 3 32 19 18 41 11 10 3 11 17 15 16 4 17 11 18
itemClass_demand 1 1 1 1 1 1 1 1 1 1 1 1 1 1 1 1 1 1 1 1 1 1 1 1 1 1 1 1 1 1 1 1 1 1 1 1 1 1 1 1 1 1 1 1 1 1 1 1 1 1 1 1 1 1 1 1 1 1 1 1 1 1 1 1 1 1 1 1 1 1 1 1 1 1 1 1 1 1 1 1 1 1 1 1 1 1 1 1 1 1 1 1 1 1 1 1 1 1 1 1 1 1 1 1 1 1 1 1 1 1 1 1 1 1 1 1 1 1 1 1 1 1 1 1 1 1 1 1 1 1 1 1 1 1 1 1 1 1 1 1 1 1 1 1 1 1 1 1 1 1 1 1 1 1 1 1 1 1 1 1
binNumber 10000
binClassNumber 1
binClass_widthVector 160
binClass_lengthVector 160
binClass_disponibility 1000
itemClass_weight 2880 7380 3240 3240 1800 5580 720 540 3420 4140 3600 5760 900 1260 1620 720 10080 720 8500 4080 1020 4420 510 3740 2720 1190 1020 7600 2600 4200 3200 6200 400 2400 800 4600 3040 1900 4750 1520 2470 2090 11400 1330 1900 900 3060 3240 6120 1620 180 3960 9540 180 510 1530 5440 6970 1360 170 3910 5100 2210 1760 640 3840 800 13120 2240 2080 480 640 1700 7990 850 7480 340 850 170 2040 5780 3572 764 3184 980 561 3528 5859 5673 2002 945 2985 772 3162 3128 792 2865 724 7840 2002 5700 5940 570 579 7680 732 3724 576 3247 594 3077 1764 788 3456 3094 6368 2145 576 5490 3610 5490 7831 5890 3349 7626 3781 7840 3667 3420 5940 573 1990 3168 772 925 7790 7708 740 3145 2985 1674 7640 7280 2035 594 6336 3515 3546 7626 2178 1860 543 2090 3128 2970 3120 788 3264 2002 3528
