itemNumber 300
itemClassNumber 300
itemClass_widthVector 23 22 21 20 19 18 17 16 15 14 13 12 11 23 22 21 20 19 18 17 16 15 14 13 12 11 25 24 23 22 21 20 19 18 17 16 15 14 13 23 22 21 20 19 18 17 16 15 14 13 12 11 22 21 20 19 18 17 16 15 14 13 12 11 10 22 21 20 19 18 17 16 15 14 13 12 11 10 22 21 20 19 18 17 16 15 14 13 12 11 10 23 22 21 20 19 18 17 16 15 14 13 12 11 22 21 20 19 18 17 16 15 14 13 12 11 10 26 25 24 23 22 21 20 19 18 17 16 15 14 23 22 21 20 19 18 17 16 15 14 13 12 11 24 23 22 21 20 19 18 17 16 15 14 13 12 22 21 20 19 18 17 16 15 14 13 12 11 10 18 17 13 24 16 14 17 25 17 20 18 24 19 17 17 23 18 15 21 14 15 15 14 18 16 16 14 15 23 14 26 14 20 19 23 16 13 16 15 18 18 21 13 19 21 24 13 24 13 24 17 15 22 16 22 14 14 17 23 25 20 15 16 16 26 17 17 22 20 21 20 19 13 17 14 17 16 15 14 25 21 17 20 14 20 16 20 23 23 15 21 19 16 25 20 22 17 20 20 24 14 13 23 14 25 23 19 21 23 22 21 18 19 19 26 26 15 14 14 24 16 23 20 21 21 18 24 16 20 23 15
itemClass_lengthVector 11 35 53 21 80 7 26 3 13 1 4 40 6 20 13 12 28 27 7 14 130 4 10 12 21 2 37 40 36 12 21 13 18 6 77 2 9 9 20 7 7 46 23 3 2 16 50 22 19 29 68 8 9 24 39 5 2 19 77 10 65 9 8 3 30 43 19 1 17 23 12 58 23 25 6 16 12 45 3 9 36 8 2 51 78 35 7 29 13 21 8 41 15 45 51 3 10 18 7 25 34 16 16 19 36 24 24 54 1 2 1 8 61 4 41 3 41 12 12 20 1 4 22 17 10 38 83 18 54 9 19 15 25 23 32 38 12 4 11 5 39 44 33 27 3 26 32 3 34 27 16 78 11 28 2 13 96 52 11 29 3 22 11 6 21 20 18 8 3 25 13 39 10 1 5 12 35 2 8 26 54 6 13 4 54 4 4 80 5 4 2 41 4 14 12 4 4 34 39 10 39 79 7 20 14 40 12 5 27 27 79 39 27 81 11 41 36 40 35 14 1 53 13 20 5 39 3 22 11 79 5 1 14 12 13 4 52 79 22 7 7 40 4 5 14 13 2 40 35 79 12 79 41 81 12 79 36 54 1 21 7 13 35 80 21 2 6 8 35 4 39 21 3 11 54 27 21 34 54 81 4 26 7 12 12 5 40 5 36 12 35 7 22 21 25 35 13 7 54 5
itemClass_demand 1 1 1 1 1 1 1 1 1 1 1 1 1 1 1 1 1 1 1 1 1 1 1 1 1 1 1 1 1 1 1 1 1 1 1 1 1 1 1 1 1 1 1 1 1 1 1 1 1 1 1 1 1 1 1 1 1 1 1 1 1 1 1 1 1 1 1 1 1 1 1 1 1 1 1 1 1 1 1 1 1 1 1 1 1 1 1 1 1 1 1 1 1 1 1 1 1 1 1 1 1 1 1 1 1 1 1 1 1 1 1 1 1 1 1 1 1 1 1 1 1 1 1 1 1 1 1 1 1 1 1 1 1 1 1 1 1 1 1 1 1 1 1 1 1 1 1 1 1 1 1 1 1 1 1 1 1 1 1 1 1 1 1 1 1 1 1 1 1 1 1 1 1 1 1 1 1 1 1 1 1 1 1 1 1 1 1 1 1 1 1 1 1 1 1 1 1 1 1 1 1 1 1 1 1 1 1 1 1 1 1 1 1 1 1 1 1 1 1 1 1 1 1 1 1 1 1 1 1 1 1 1 1 1 1 1 1 1 1 1 1 1 1 1 1 1 1 1 1 1 1 1 1 1 1 1 1 1 1 1 1 1 1 1 1 1 1 1 1 1 1 1 1 1 1 1 1 1 1 1 1 1 1 1 1 1 1 1 1 1 1 1 1 1 1 1 1 1 1 1
binNumber 10000
binClassNumber 1
binClass_widthVector 300
binClass_lengthVector 300
binClass_disponibility 1000
itemClass_weight 2530 8050 12190 4830 18400 1610 5980 690 2990 230 920 9200 1380 4600 2990 2760 6440 6210 1610 3220 29900 920 2300 2760 4830 460 9250 10000 9000 3000 5250 3250 4500 1500 19250 500 2250 2250 5000 1610 1610 10580 5290 690 460 3680 11500 5060 4370 6670 15640 1840 1980 5280 8580 1100 440 4180 16940 2200 14300 1980 1760 660 6600 9460 4180 220 3740 5060 2640 12760 5060 5500 1320 3520 2640 9900 660 1980 7920 1760 440 11220 17160 7700 1540 6380 2860 4620 1760 9430 3450 10350 11730 690 2300 4140 1610 5750 7820 3680 3680 4370 7920 5280 5280 11880 220 440 220 1760 13420 880 9020 660 9020 3120 3120 5200 260 1040 5720 4420 2600 9880 21580 4680 14040 2340 4370 3450 5750 5290 7360 8740 2760 920 2530 1150 8970 10120 7590 6480 720 6240 7680 720 8160 6480 3840 18720 2640 6720 480 3120 21120 11440 2420 6380 660 4840 2420 1320 4620 4400 3960 1760 660 6050 3159 9867 2450 249 1210 2904 8190 492 1936 6604 13554 1428 3146 960 12474 996 960 19600 1230 940 484 9922 948 3290 2976 940 948 8330 9399 2310 9789 18723 1708 4680 3444 9760 2820 1250 6453 6237 19039 9048 6453 20250 2783 9717 8460 10040 8645 3430 250 12614 3224 5080 1205 9087 756 5346 2662 19197 1220 241 3234 3036 3289 1000 12740 18723 5104 1771 1722 9840 992 1235 3430 3042 482 10000 8260 19118 3000 19592 10045 19926 3012 19197 8496 13014 245 5187 1729 3237 8470 18720 5229 462 1470 2000 8820 932 9555 5208 741 2563 13392 6345 5229 7922 13284 18873 932 6344 1680 2808 2904 1155 9280 1250 8352 3048 8330 1631 5434 5271 5775 8225 3016 1729 13554 1180
