itemNumber 110
itemClassNumber 110
itemClass_widthVector 13 12 11 10 9 8 7 6 14 13 12 11 10 9 8 7 15 14 13 12 11 10 9 8 13 12 11 10 9 8 7 6 15 14 13 12 11 10 9 8 13 12 11 10 9 8 7 6 14 13 12 11 10 9 8 7 13 12 11 10 9 8 7 6 14 8 9 13 13 10 8 10 8 9 10 10 11 14 15 13 13 13 10 8 9 9 15 14 9 10 12 13 14 10 12 10 15 8 8 9 10 14 9 13 11 12 9 12 9 12
itemClass_lengthVector 1 1 29 17 17 3 33 9 5 38 14 7 6 9 10 21 20 1 23 8 11 8 23 16 16 10 18 6 11 11 34 4 4 8 9 14 15 42 15 3 22 21 2 36 5 12 9 3 5 16 10 36 18 2 1 22 9 12 32 4 15 28 4 6 1 33 4 28 1 17 33 18 34 2 17 17 16 1 2 1 28 29 16 33 4 4 1 1 2 17 16 30 2 18 29 17 1 32 33 4 18 1 3 30 17 17 4 16 4 18
itemClass_demand 1 1 1 1 1 1 1 1 1 1 1 1 1 1 1 1 1 1 1 1 1 1 1 1 1 1 1 1 1 1 1 1 1 1 1 1 1 1 1 1 1 1 1 1 1 1 1 1 1 1 1 1 1 1 1 1 1 1 1 1 1 1 1 1 1 1 1 1 1 1 1 1 1 1 1 1 1 1 1 1 1 1 1 1 1 1 1 1 1 1 1 1 1 1 1 1 1 1 1 1 1 1 1 1 1 1 1 1 1 1
binNumber 10000
binClassNumber 1
binClass_widthVector 110
binClass_lengthVector 110
binClass_disponibility 1000
itemClass_weight 130 130 3770 2210 2210 390 4290 1170 700 5320 1960 980 840 1260 1400 2940 3000 150 3450 1200 1650 1200 3450 2400 2080 1300 2340 780 1430 1430 4420 520 600 1200 1350 2100 2250 6300 2250 450 2860 2730 260 4680 650 1560 1170 390 700 2240 1400 5040 2520 280 140 3080 1170 1560 4160 520 1950 3640 520 780 132 4389 524 3668 136 2380 4389 2394 4658 270 2448 2397 2128 133 286 141 3892 3886 2128 4686 560 572 144 144 284 2278 2272 4200 278 2502 3828 2312 132 4512 4653 552 2466 131 402 4260 2329 2278 524 2176 572 2412
