itemNumber 170
itemClassNumber 170
itemClass_widthVector 19 18 17 16 15 14 13 12 11 10 14 13 12 11 10 9 8 7 6 5 18 17 16 15 14 13 12 11 10 9 18 17 16 15 14 13 12 11 10 9 18 17 16 15 14 13 12 11 10 9 15 14 13 12 11 10 9 8 7 6 16 15 14 13 12 11 10 9 8 7 18 17 16 15 14 13 12 11 10 9 17 16 15 14 13 12 11 10 9 8 17 16 15 14 13 12 11 10 9 8 20 16 17 14 14 17 14 19 20 16 15 18 19 19 13 17 15 16 18 15 12 14 19 14 19 13 18 20 15 21 20 16 15 16 19 20 15 14 15 12 13 18 19 20 14 15 12 14 15 16 20 17 13 20 20 14 19 12 14 21 15 16 13 20 19 16 14 20 12 17
itemClass_lengthVector 9 11 22 22 20 9 33 8 34 2 12 23 27 16 15 4 16 4 41 12 17 24 17 26 22 15 8 21 18 2 25 4 10 4 6 41 21 3 40 16 43 2 1 12 26 5 23 11 44 3 62 8 30 24 3 1 6 1 20 15 1 9 7 9 17 64 6 25 6 26 67 18 3 21 6 3 11 5 33 3 12 11 5 14 22 10 1 66 12 17 25 29 15 10 30 6 4 15 9 27 10 9 20 9 9 20 7 23 12 10 34 21 12 11 9 22 8 9 21 8 34 9 22 9 22 35 21 8 33 8 10 8 34 8 22 8 32 32 34 35 35 23 23 12 34 8 35 32 8 10 8 21 35 8 8 32 23 33 8 9 10 20 7 12 12 8 34 10 33 21
itemClass_demand 1 1 1 1 1 1 1 1 1 1 1 1 1 1 1 1 1 1 1 1 1 1 1 1 1 1 1 1 1 1 1 1 1 1 1 1 1 1 1 1 1 1 1 1 1 1 1 1 1 1 1 1 1 1 1 1 1 1 1 1 1 1 1 1 1 1 1 1 1 1 1 1 1 1 1 1 1 1 1 1 1 1 1 1 1 1 1 1 1 1 1 1 1 1 1 1 1 1 1 1 1 1 1 1 1 1 1 1 1 1 1 1 1 1 1 1 1 1 1 1 1 1 1 1 1 1 1 1 1 1 1 1 1 1 1 1 1 1 1 1 1 1 1 1 1 1 1 1 1 1 1 1 1 1 1 1 1 1 1 1 1 1 1 1 1 1 1 1 1 1
binNumber 10000
binClassNumber 1
binClass_widthVector 170
binClass_lengthVector 170
binClass_disponibility 1000
itemClass_weight 1710 2090 4180 4180 3800 1710 6270 1520 6460 380 1680 3220 3780 2240 2100 560 2240 560 5740 1680 3060 4320 3060 4680 3960 2700 1440 3780 3240 360 4500 720 1800 720 1080 7380 3780 540 7200 2880 7740 360 180 2160 4680 900 4140 1980 7920 540 9300 1200 4500 3600 450 150 900 150 3000 2250 160 1440 1120 1440 2720 10240 960 4000 960 4160 12060 3240 540 3780 1080 540 1980 900 5940 540 2040 1870 850 2380 3740 1700 170 11220 2040 2890 4250 4930 2550 1700 5100 1020 680 2550 1530 4590 1990 1773 4140 1827 1818 4120 1421 4807 2292 1930 6800 4200 2376 2299 1827 4554 1536 1890 4410 1664 6902 1728 4620 1890 4422 7105 4095 1672 6336 1584 1940 1536 6562 1568 4422 1672 6208 6208 6800 7070 7350 4393 4554 2328 6800 1680 6755 6528 1616 1960 1600 4263 7280 1552 1552 6528 4416 6699 1568 1854 1950 3860 1393 2340 2400 1656 6528 1970 6435 4095
