itemNumber 110
itemClassNumber 110
itemClass_widthVector 16 15 14 13 12 11 10 9 13 12 11 10 9 8 7 6 14 13 12 11 10 9 8 7 13 12 11 10 9 8 7 6 14 13 12 11 10 9 8 7 14 13 12 11 10 9 8 7 12 11 10 9 8 7 6 5 14 13 12 11 10 9 8 7 15 11 18 16 12 16 11 18 17 11 11 15 13 13 15 16 15 17 15 17 11 16 18 14 16 13 16 16 18 12 15 17 17 16 16 16 16 12 14 16 14 13 17 12 14 13
itemClass_lengthVector 2 35 20 34 2 6 5 6 11 10 12 46 9 10 10 2 9 4 19 8 37 9 10 14 19 1 6 16 20 22 17 9 27 3 11 10 19 13 1 26 32 12 4 8 18 22 10 4 11 31 7 4 16 23 12 6 9 10 25 31 8 13 7 7 34 6 2 34 7 34 4 3 35 4 6 35 7 6 19 34 20 34 20 35 5 34 1 35 19 2 21 19 1 5 35 1 2 36 34 21 21 4 35 35 2 3 3 7 1 2
itemClass_demand 1 1 1 1 1 1 1 1 1 1 1 1 1 1 1 1 1 1 1 1 1 1 1 1 1 1 1 1 1 1 1 1 1 1 1 1 1 1 1 1 1 1 1 1 1 1 1 1 1 1 1 1 1 1 1 1 1 1 1 1 1 1 1 1 1 1 1 1 1 1 1 1 1 1 1 1 1 1 1 1 1 1 1 1 1 1 1 1 1 1 1 1 1 1 1 1 1 1 1 1 1 1 1 1 1 1 1 1 1 1
binNumber 10000
binClassNumber 1
binClass_widthVector 110
binClass_lengthVector 110
binClass_disponibility 1000
itemClass_weight 320 5600 3200 5440 320 960 800 960 1430 1300 1560 5980 1170 1300 1300 260 1260 560 2660 1120 5180 1260 1400 1960 2470 130 780 2080 2600 2860 2210 1170 3780 420 1540 1400 2660 1820 140 3640 4480 1680 560 1120 2520 3080 1400 560 1320 3720 840 480 1920 2760 1440 720 1260 1400 3500 4340 1120 1820 980 980 5814 1038 326 6018 1225 5576 672 486 5740 660 1062 5915 1225 990 3363 5950 3300 5712 3340 5985 810 5712 170 5985 3344 336 3528 3249 175 875 5880 177 344 6192 6018 3486 3570 660 5705 5880 330 516 513 1176 166 338
