itemNumber 170
itemClassNumber 170
itemClass_widthVector 17 16 15 14 13 12 11 10 9 8 17 16 15 14 13 12 11 10 9 8 19 18 17 16 15 14 13 12 11 10 16 15 14 13 12 11 10 9 8 7 17 16 15 14 13 12 11 10 9 8 16 15 14 13 12 11 10 9 8 7 15 14 13 12 11 10 9 8 7 6 17 16 15 14 13 12 11 10 9 8 16 15 14 13 12 11 10 9 8 7 20 19 18 17 16 15 14 13 12 11 12 16 10 13 10 18 18 15 13 16 15 11 17 18 14 12 17 13 13 14 13 12 13 17 15 17 17 16 17 14 17 12 13 13 15 15 10 12 19 15 16 16 17 14 11 14 12 13 10 11 17 12 12 11 11 14 12 10 10 14 14 18 13 17 18 14 18 10 17 17
itemClass_lengthVector 8 46 46 3 14 1 7 2 38 5 15 2 8 3 2 37 30 2 60 11 38 36 18 18 4 3 26 6 1 20 19 38 16 16 41 1 5 4 29 1 7 23 13 2 7 25 25 5 62 1 18 3 4 49 31 2 8 30 6 19 31 5 41 7 4 2 9 48 22 1 22 9 9 12 6 56 8 6 27 15 13 1 14 1 22 4 3 57 2 53 2 19 37 17 1 7 21 53 5 8 2 3 39 6 37 46 47 15 6 4 4 1 47 7 13 3 47 1 1 1 1 6 6 47 13 45 45 4 45 1 45 3 8 2 15 14 38 1 7 14 47 46 46 1 1 2 7 1 38 3 47 3 2 2 2 2 3 39 37 13 13 8 1 47 7 1 9 37 46 47
itemClass_demand 1 1 1 1 1 1 1 1 1 1 1 1 1 1 1 1 1 1 1 1 1 1 1 1 1 1 1 1 1 1 1 1 1 1 1 1 1 1 1 1 1 1 1 1 1 1 1 1 1 1 1 1 1 1 1 1 1 1 1 1 1 1 1 1 1 1 1 1 1 1 1 1 1 1 1 1 1 1 1 1 1 1 1 1 1 1 1 1 1 1 1 1 1 1 1 1 1 1 1 1 1 1 1 1 1 1 1 1 1 1 1 1 1 1 1 1 1 1 1 1 1 1 1 1 1 1 1 1 1 1 1 1 1 1 1 1 1 1 1 1 1 1 1 1 1 1 1 1 1 1 1 1 1 1 1 1 1 1 1 1 1 1 1 1 1 1 1 1 1 1
binNumber 10000
binClassNumber 1
binClass_widthVector 170
binClass_lengthVector 170
binClass_disponibility 1000
itemClass_weight 1360 7820 7820 510 2380 170 1190 340 6460 850 2550 340 1360 510 340 6290 5100 340 10200 1870 7220 6840 3420 3420 760 570 4940 1140 190 3800 3040 6080 2560 2560 6560 160 800 640 4640 160 1190 3910 2210 340 1190 4250 4250 850 10540 170 2880 480 640 7840 4960 320 1280 4800 960 3040 4650 750 6150 1050 600 300 1350 7200 3300 150 3740 1530 1530 2040 1020 9520 1360 1020 4590 2550 2080 160 2240 160 3520 640 480 9120 320 8480 400 3800 7400 3400 200 1400 4200 10600 1000 1600 360 549 7098 1122 6512 8464 8460 2685 1068 712 728 183 8648 1239 2405 519 8131 175 172 182 182 1074 1038 8131 2301 8460 8100 696 8010 176 7740 552 1488 360 2625 2478 7068 183 1309 2394 8131 8464 8372 174 186 364 1225 178 6916 540 8037 537 366 372 348 364 531 6825 6956 2379 2223 1448 171 8460 1267 178 1683 6808 7958 8648
