itemNumber 200
itemClassNumber 200
itemClass_widthVector 17 16 15 14 13 12 11 10 9 8 7 17 16 15 14 13 12 11 10 9 8 7 16 15 14 13 12 11 10 9 8 7 6 19 18 17 16 15 14 13 12 11 10 9 18 17 16 15 14 13 12 11 10 9 8 19 18 17 16 15 14 13 12 11 10 9 18 17 16 15 14 13 12 11 10 9 8 21 20 19 18 17 16 15 14 13 12 11 18 17 16 15 14 13 12 11 10 9 8 20 19 18 17 16 15 14 13 12 11 10 17 16 15 14 13 12 11 10 9 8 7 12 11 15 18 18 12 17 18 15 9 12 17 10 14 12 12 17 16 19 16 17 17 13 14 16 11 16 15 12 15 12 12 18 9 17 9 9 11 16 11 14 11 17 19 12 19 14 16 17 15 15 17 9 17 11 14 12 14 14 14 16 18 14 17 13 9 14 15 15 18 16 16 19 9 17 11 13 13 15
itemClass_lengthVector 41 55 5 10 20 9 9 15 11 11 14 7 28 10 1 14 1 23 9 38 1 68 72 18 1 26 2 7 2 1 3 38 30 20 34 34 6 32 6 28 16 10 2 12 9 6 1 29 9 10 29 16 75 11 5 1 11 27 9 16 35 35 17 27 11 11 24 16 18 10 35 19 38 10 11 13 6 5 10 21 32 40 35 13 12 4 8 20 19 2 38 6 28 21 38 8 22 1 17 6 1 19 1 20 9 4 2 72 59 7 5 20 6 16 47 29 10 2 14 21 30 14 14 19 54 56 14 55 56 11 12 15 5 11 20 16 10 55 5 40 11 6 6 10 19 10 15 5 20 15 11 10 16 54 12 55 12 10 15 9 16 9 14 5 40 16 41 8 11 5 20 21 56 12 55 16 19 9 8 8 20 10 54 8 4 9 12 21 20 20 54 4 5 42 11 5 14 9 9 9
itemClass_demand 1 1 1 1 1 1 1 1 1 1 1 1 1 1 1 1 1 1 1 1 1 1 1 1 1 1 1 1 1 1 1 1 1 1 1 1 1 1 1 1 1 1 1 1 1 1 1 1 1 1 1 1 1 1 1 1 1 1 1 1 1 1 1 1 1 1 1 1 1 1 1 1 1 1 1 1 1 1 1 1 1 1 1 1 1 1 1 1 1 1 1 1 1 1 1 1 1 1 1 1 1 1 1 1 1 1 1 1 1 1 1 1 1 1 1 1 1 1 1 1 1 1 1 1 1 1 1 1 1 1 1 1 1 1 1 1 1 1 1 1 1 1 1 1 1 1 1 1 1 1 1 1 1 1 1 1 1 1 1 1 1 1 1 1 1 1 1 1 1 1 1 1 1 1 1 1 1 1 1 1 1 1 1 1 1 1 1 1 1 1 1 1 1 1 1 1 1 1 1 1
binNumber 10000
binClassNumber 1
binClass_widthVector 200
binClass_lengthVector 200
binClass_disponibility 1000
itemClass_weight 6970 9350 850 1700 3400 1530 1530 2550 1870 1870 2380 1190 4760 1700 170 2380 170 3910 1530 6460 170 11560 11520 2880 160 4160 320 1120 320 160 480 6080 4800 3800 6460 6460 1140 6080 1140 5320 3040 1900 380 2280 1620 1080 180 5220 1620 1800 5220 2880 13500 1980 900 190 2090 5130 1710 3040 6650 6650 3230 5130 2090 2090 4320 2880 3240 1800 6300 3420 6840 1800 1980 2340 1080 1050 2100 4410 6720 8400 7350 2730 2520 840 1680 4200 3420 360 6840 1080 5040 3780 6840 1440 3960 180 3060 1200 200 3800 200 4000 1800 800 400 14400 11800 1400 850 3400 1020 2720 7990 4930 1700 340 2380 3570 5100 2604 2394 3420 9558 10248 2562 9570 10248 1881 2064 2775 930 2046 3520 3008 1740 10340 865 7320 2035 1044 1044 1870 3515 1750 2745 930 3680 2595 2013 1810 2816 9558 2124 9845 2232 1840 2775 1539 2976 1683 2548 875 7320 2800 7011 1480 2046 865 3620 3927 10248 2244 9790 2992 3306 1629 1480 1480 3700 1760 9558 1400 752 1611 2196 3822 3520 3720 9882 728 920 7476 2046 885 2478 1656 1629 1548
