itemNumber 300
itemClassNumber 300
itemClass_widthVector 24 23 22 21 20 19 18 17 16 15 14 13 12 25 24 23 22 21 20 19 18 17 16 15 14 13 23 22 21 20 19 18 17 16 15 14 13 12 11 23 22 21 20 19 18 17 16 15 14 13 12 11 22 21 20 19 18 17 16 15 14 13 12 11 10 22 21 20 19 18 17 16 15 14 13 12 11 10 21 20 19 18 17 16 15 14 13 12 11 10 9 22 21 20 19 18 17 16 15 14 13 12 11 10 25 24 23 22 21 20 19 18 17 16 15 14 13 24 23 22 21 20 19 18 17 16 15 14 13 12 25 24 23 22 21 20 19 18 17 16 15 14 13 21 20 19 18 17 16 15 14 13 12 11 10 9 23 22 21 20 19 18 17 16 15 14 13 12 11 25 23 20 16 15 23 23 24 26 15 23 18 21 17 25 16 20 22 16 26 21 18 26 20 18 18 22 14 20 21 20 15 25 16 18 20 18 15 19 21 27 16 24 18 21 25 23 20 15 22 27 20 15 27 18 14 21 24 19 17 20 22 26 25 15 19 25 16 26 25 16 17 21 18 14 22 15 17 18 26 24 17 19 18 23 26 18 21 20 15 19 23 23 19 23 18 23 24 15 22 23 24 16 24 15 18 16 19 23 25 20 24 20 22 17 25 18 18 19 21 21 24 25 23 20 15 15 23 17 17 26
itemClass_lengthVector 21 6 30 11 13 6 35 73 22 15 28 24 16 3 10 10 6 29 14 31 19 72 17 7 34 48 22 6 8 12 27 2 12 10 40 65 81 12 3 1 9 48 44 6 2 4 55 26 11 16 73 5 34 16 22 47 9 62 1 15 12 44 25 3 10 8 63 2 34 36 3 5 31 18 31 16 41 12 7 18 19 22 18 5 2 13 10 28 101 28 29 15 13 3 21 1 18 44 10 67 41 18 1 48 14 2 2 16 5 5 49 89 59 3 31 6 19 27 12 4 11 2 1 5 5 32 15 77 41 68 30 1 22 15 45 16 12 13 8 52 30 22 34 41 66 35 13 23 27 16 16 2 13 37 3 8 10 29 5 27 38 63 1 14 11 31 49 5 17 20 31 36 16 24 11 31 29 21 28 12 74 5 14 22 27 5 12 15 22 5 73 5 6 74 21 10 25 6 13 34 23 31 29 21 34 74 29 74 7 20 29 5 74 13 31 13 7 27 10 21 6 24 20 23 25 7 31 73 22 7 13 6 29 25 72 6 15 20 22 14 14 14 23 24 13 24 22 23 6 6 23 74 72 13 7 21 7 6 24 72 12 12 72 11 74 31 5 28 12 29 5 28 12 23 21 28 36 12 29 34 7 35 11 23 5 73 74 73 5 14 5 29 31 34 25 28 30 21 22 7
itemClass_demand 1 1 1 1 1 1 1 1 1 1 1 1 1 1 1 1 1 1 1 1 1 1 1 1 1 1 1 1 1 1 1 1 1 1 1 1 1 1 1 1 1 1 1 1 1 1 1 1 1 1 1 1 1 1 1 1 1 1 1 1 1 1 1 1 1 1 1 1 1 1 1 1 1 1 1 1 1 1 1 1 1 1 1 1 1 1 1 1 1 1 1 1 1 1 1 1 1 1 1 1 1 1 1 1 1 1 1 1 1 1 1 1 1 1 1 1 1 1 1 1 1 1 1 1 1 1 1 1 1 1 1 1 1 1 1 1 1 1 1 1 1 1 1 1 1 1 1 1 1 1 1 1 1 1 1 1 1 1 1 1 1 1 1 1 1 1 1 1 1 1 1 1 1 1 1 1 1 1 1 1 1 1 1 1 1 1 1 1 1 1 1 1 1 1 1 1 1 1 1 1 1 1 1 1 1 1 1 1 1 1 1 1 1 1 1 1 1 1 1 1 1 1 1 1 1 1 1 1 1 1 1 1 1 1 1 1 1 1 1 1 1 1 1 1 1 1 1 1 1 1 1 1 1 1 1 1 1 1 1 1 1 1 1 1 1 1 1 1 1 1 1 1 1 1 1 1 1 1 1 1 1 1 1 1 1 1 1 1 1 1 1 1 1 1 1 1 1 1 1 1
binNumber 10000
binClassNumber 1
binClass_widthVector 300
binClass_lengthVector 300
binClass_disponibility 1000
itemClass_weight 5040 1440 7200 2640 3120 1440 8400 17520 5280 3600 6720 5760 3840 750 2500 2500 1500 7250 3500 7750 4750 18000 4250 1750 8500 12000 5060 1380 1840 2760 6210 460 2760 2300 9200 14950 18630 2760 690 230 2070 11040 10120 1380 460 920 12650 5980 2530 3680 16790 1150 7480 3520 4840 10340 1980 13640 220 3300 2640 9680 5500 660 2200 1760 13860 440 7480 7920 660 1100 6820 3960 6820 3520 9020 2640 1470 3780 3990 4620 3780 1050 420 2730 2100 5880 21210 5880 6090 3300 2860 660 4620 220 3960 9680 2200 14740 9020 3960 220 10560 3500 500 500 4000 1250 1250 12250 22250 14750 750 7750 1500 4750 6480 2880 960 2640 480 240 1200 1200 7680 3600 18480 9840 16320 7500 250 5500 3750 11250 4000 3000 3250 2000 13000 7500 5500 8500 8610 13860 7350 2730 4830 5670 3360 3360 420 2730 7770 630 1680 2300 6670 1150 6210 8740 14490 230 3220 2530 7130 11270 1150 3910 5020 7967 9108 4112 5976 2849 8029 7598 5397 6972 3060 18204 1320 3528 5676 6615 1270 3144 3870 5632 1265 18834 1215 1590 19610 5502 2420 6550 1506 3159 8670 5658 7657 7685 5082 8636 19388 7453 18426 1806 4840 7250 1235 18426 3133 7874 3276 1806 7128 2470 5355 1464 5904 4900 5796 6525 1694 7719 18542 5324 1778 3276 1584 7076 6350 18288 1482 3900 5260 5698 3570 3598 3402 5635 5928 3393 6288 5698 5589 1506 1554 6003 19092 18936 3367 1743 5061 1799 1476 6024 18936 2988 3036 18288 2783 18278 8029 1325 7168 3168 7221 1245 6944 3144 5957 5523 6944 8964 3168 7540 8704 1820 8575 2772 5612 1295 19126 19314 17958 1235 3542 1295 7627 8091 8942 6475 7112 7830 5376 5544 1827
