itemNumber 200
itemClassNumber 200
itemClass_widthVector 18 17 16 15 14 13 12 11 10 9 8 19 18 17 16 15 14 13 12 11 10 9 18 17 16 15 14 13 12 11 10 9 8 18 17 16 15 14 13 12 11 10 9 8 19 18 17 16 15 14 13 12 11 10 9 19 18 17 16 15 14 13 12 11 10 9 17 16 15 14 13 12 11 10 9 8 7 16 15 14 13 12 11 10 9 8 7 6 19 18 17 16 15 14 13 12 11 10 9 18 17 16 15 14 13 12 11 10 9 8 19 18 17 16 15 14 13 12 11 10 9 10 11 10 16 10 20 10 12 14 13 17 18 19 18 16 12 14 10 14 13 15 18 14 12 12 17 11 17 18 20 14 18 19 19 13 12 13 14 18 10 13 18 13 18 13 18 19 13 18 12 16 18 11 13 17 16 16 10 10 11 13 16 16 15 16 17 15 13 13 17 19 17 20 16 18 10 19 13 17
itemClass_lengthVector 11 13 1 12 11 30 37 23 25 15 22 2 49 9 16 8 29 15 5 19 12 36 1 4 13 10 47 24 4 42 31 21 3 4 19 8 4 29 16 6 19 76 14 5 1 29 25 15 8 21 3 6 44 13 35 19 1 4 30 22 9 14 51 7 41 2 41 8 10 5 16 62 15 5 24 4 10 45 21 10 25 7 18 8 19 28 9 10 12 4 30 18 9 22 11 9 21 11 53 6 3 9 2 60 44 30 9 17 8 12 4 4 12 2 85 15 6 19 13 16 24 15 24 14 13 16 11 14 23 38 36 13 1 12 1 10 25 29 14 30 37 10 13 29 23 24 12 26 11 1 11 31 12 13 11 23 22 36 31 2 16 24 2 38 2 22 14 12 38 14 25 10 1 25 38 2 11 11 15 14 25 38 13 13 29 11 1 11 38 38 13 14 11 10 11 1 14 12 23 13
itemClass_demand 1 1 1 1 1 1 1 1 1 1 1 1 1 1 1 1 1 1 1 1 1 1 1 1 1 1 1 1 1 1 1 1 1 1 1 1 1 1 1 1 1 1 1 1 1 1 1 1 1 1 1 1 1 1 1 1 1 1 1 1 1 1 1 1 1 1 1 1 1 1 1 1 1 1 1 1 1 1 1 1 1 1 1 1 1 1 1 1 1 1 1 1 1 1 1 1 1 1 1 1 1 1 1 1 1 1 1 1 1 1 1 1 1 1 1 1 1 1 1 1 1 1 1 1 1 1 1 1 1 1 1 1 1 1 1 1 1 1 1 1 1 1 1 1 1 1 1 1 1 1 1 1 1 1 1 1 1 1 1 1 1 1 1 1 1 1 1 1 1 1 1 1 1 1 1 1 1 1 1 1 1 1 1 1 1 1 1 1 1 1 1 1 1 1 1 1 1 1 1 1
binNumber 10000
binClassNumber 1
binClass_widthVector 200
binClass_lengthVector 200
binClass_disponibility 1000
itemClass_weight 1980 2340 180 2160 1980 5400 6660 4140 4500 2700 3960 380 9310 1710 3040 1520 5510 2850 950 3610 2280 6840 180 720 2340 1800 8460 4320 720 7560 5580 3780 540 720 3420 1440 720 5220 2880 1080 3420 13680 2520 900 190 5510 4750 2850 1520 3990 570 1140 8360 2470 6650 3610 190 760 5700 4180 1710 2660 9690 1330 7790 380 6970 1360 1700 850 2720 10540 2550 850 4080 680 1700 7200 3360 1600 4000 1120 2880 1280 3040 4480 1440 1600 2280 760 5700 3420 1710 4180 2090 1710 3990 2090 10070 1080 540 1620 360 10800 7920 5400 1620 3060 1440 2160 760 760 2280 380 16150 2850 1140 3610 2470 3040 4560 2925 4560 2534 2548 3024 2035 2674 4393 7106 6948 2431 192 2268 196 1930 4875 5481 2786 5550 6697 1820 2574 5423 4163 4464 2376 5018 2123 187 2145 5704 2316 2457 2002 4347 4026 7128 6076 392 3008 4752 380 7220 398 4356 2702 2364 7448 2562 4825 1960 196 4675 7182 364 1991 2068 2940 2618 4825 7524 2561 2444 5539 2024 183 2134 7106 6992 2496 2758 2024 1850 2057 184 2730 2316 4462 2353
