itemNumber 300
itemClassNumber 300
itemClass_widthVector 25 24 23 22 21 20 19 18 17 16 15 14 13 24 23 22 21 20 19 18 17 16 15 14 13 12 23 22 21 20 19 18 17 16 15 14 13 12 11 23 22 21 20 19 18 17 16 15 14 13 12 11 23 22 21 20 19 18 17 16 15 14 13 12 11 22 21 20 19 18 17 16 15 14 13 12 11 10 25 24 23 22 21 20 19 18 17 16 15 14 13 23 22 21 20 19 18 17 16 15 14 13 12 11 21 20 19 18 17 16 15 14 13 12 11 10 9 21 20 19 18 17 16 15 14 13 12 11 10 9 22 21 20 19 18 17 16 15 14 13 12 11 10 24 23 22 21 20 19 18 17 16 15 14 13 12 24 23 22 21 20 19 18 17 16 15 14 13 12 20 19 27 24 27 27 17 21 17 18 27 21 18 22 19 18 24 18 21 17 16 25 25 23 26 27 22 20 19 17 26 28 25 26 28 21 25 20 16 17 23 18 21 26 26 16 15 17 17 23 21 18 24 19 26 21 22 16 24 16 16 24 23 19 20 19 23 23 24 23 17 28 21 18 27 23 27 21 22 18 16 26 24 17 21 22 17 22 19 19 20 18 18 17 20 22 20 16 16 16 24 17 19 23 20 21 25 23 18 16 17 25 23 17 23 15 21 16 19 17 28 20 24 24 22 21 15 17 15 20 26
itemClass_lengthVector 32 39 1 6 23 29 33 43 51 16 10 4 13 3 23 1 33 63 59 9 1 16 37 48 4 3 5 5 16 23 39 52 31 1 7 61 55 2 3 26 31 21 5 11 7 8 20 28 5 53 60 25 40 72 2 4 84 7 19 8 12 2 15 19 16 6 42 7 44 57 27 40 7 36 2 16 11 5 8 7 12 24 7 51 28 18 14 4 69 24 34 4 14 24 96 36 4 5 25 6 56 9 19 2 38 28 12 25 7 41 8 29 28 32 11 34 7 66 12 9 34 4 23 17 54 8 30 20 4 19 37 1 39 11 49 11 4 6 7 9 23 40 63 7 12 12 74 53 4 19 26 1 44 40 7 1 37 8 20 3 34 19 61 42 3 7 14 9 43 42 42 32 5 31 31 10 34 15 51 32 29 50 29 43 15 1 50 32 9 10 38 6 24 32 33 30 42 52 15 40 31 6 38 32 34 7 34 3 10 7 51 33 31 32 4 3 11 16 30 30 16 1 50 31 34 22 3 1 4 4 1 6 52 43 43 5 28 6 7 17 33 33 51 38 24 31 30 29 16 5 2 23 9 28 22 15 28 43 42 32 50 15 16 42 23 43 9 10 11 22 11 51 5 42 34 7 24 50 10 17 2 28 16 24 3 32 5 52 15 33 44 1 5 23 34 5 10 5 33 31
itemClass_demand 1 1 1 1 1 1 1 1 1 1 1 1 1 1 1 1 1 1 1 1 1 1 1 1 1 1 1 1 1 1 1 1 1 1 1 1 1 1 1 1 1 1 1 1 1 1 1 1 1 1 1 1 1 1 1 1 1 1 1 1 1 1 1 1 1 1 1 1 1 1 1 1 1 1 1 1 1 1 1 1 1 1 1 1 1 1 1 1 1 1 1 1 1 1 1 1 1 1 1 1 1 1 1 1 1 1 1 1 1 1 1 1 1 1 1 1 1 1 1 1 1 1 1 1 1 1 1 1 1 1 1 1 1 1 1 1 1 1 1 1 1 1 1 1 1 1 1 1 1 1 1 1 1 1 1 1 1 1 1 1 1 1 1 1 1 1 1 1 1 1 1 1 1 1 1 1 1 1 1 1 1 1 1 1 1 1 1 1 1 1 1 1 1 1 1 1 1 1 1 1 1 1 1 1 1 1 1 1 1 1 1 1 1 1 1 1 1 1 1 1 1 1 1 1 1 1 1 1 1 1 1 1 1 1 1 1 1 1 1 1 1 1 1 1 1 1 1 1 1 1 1 1 1 1 1 1 1 1 1 1 1 1 1 1 1 1 1 1 1 1 1 1 1 1 1 1 1 1 1 1 1 1 1 1 1 1 1 1 1 1 1 1 1 1 1 1 1 1 1 1
binNumber 10000
binClassNumber 1
binClass_widthVector 300
binClass_lengthVector 300
binClass_disponibility 1000
itemClass_weight 8000 9750 250 1500 5750 7250 8250 10750 12750 4000 2500 1000 3250 720 5520 240 7920 15120 14160 2160 240 3840 8880 11520 960 720 1150 1150 3680 5290 8970 11960 7130 230 1610 14030 12650 460 690 5980 7130 4830 1150 2530 1610 1840 4600 6440 1150 12190 13800 5750 9200 16560 460 920 19320 1610 4370 1840 2760 460 3450 4370 3680 1320 9240 1540 9680 12540 5940 8800 1540 7920 440 3520 2420 1100 2000 1750 3000 6000 1750 12750 7000 4500 3500 1000 17250 6000 8500 920 3220 5520 22080 8280 920 1150 5750 1380 12880 2070 4370 460 7980 5880 2520 5250 1470 8610 1680 6090 5880 6720 2310 7140 1470 13860 2520 1890 7140 840 4830 3570 11340 1680 6300 4200 840 3990 8140 220 8580 2420 10780 2420 880 1320 1540 1980 5060 8800 13860 1680 2880 2880 17760 12720 960 4560 6240 240 10560 9600 1680 240 8880 1920 4800 720 8160 4560 14640 10080 720 1680 3360 2160 10320 11382 11172 8160 1275 8215 8370 2710 9384 4095 13923 8640 7975 13100 7569 10793 4005 270 13650 8160 2268 2690 10108 1560 6432 8416 8382 8220 10626 13520 4125 10880 8432 1584 10488 8448 9146 1918 9350 774 2610 1799 13515 8910 7998 8288 1052 753 3003 4416 8160 7770 4064 265 13450 8153 8636 5610 783 264 1092 1012 266 1554 13572 10793 11481 1260 7056 1548 1792 4522 8745 8811 12801 9728 6504 7936 8220 7482 4336 1285 528 5980 2295 7672 5764 3795 7560 11395 11592 8832 13200 3885 4176 11550 6302 11309 2376 2570 2926 6072 2849 13923 1255 10584 9180 1813 6456 12950 2730 4556 504 7700 4112 6432 786 8800 1355 13936 3900 8448 11176 257 1335 5819 9146 1270 2630 1335 8910 8029
