itemNumber 90
itemClassNumber 90
itemClass_widthVector 14 13 12 11 10 9 8 12 11 10 9 8 7 6 14 13 12 11 10 9 8 11 10 9 8 7 6 5 14 13 12 11 10 9 8 12 11 10 9 8 7 6 13 12 11 10 9 8 7 15 13 16 15 13 16 15 15 15 12 12 10 12 12 15 12 13 14 12 10 12 14 12 14 14 14 11 16 10 13 14 16 16 11 10 15 15 16 14 15 13
itemClass_lengthVector 19 19 7 23 7 2 13 3 23 14 2 31 7 10 3 10 38 3 1 20 15 14 4 7 25 14 17 9 1 23 8 16 7 15 20 17 20 1 14 6 3 29 13 14 13 14 6 28 2 18 23 18 19 24 20 19 19 19 6 7 3 8 22 19 6 24 7 23 3 6 7 8 7 19 19 8 20 3 6 18 20 20 7 1 19 20 20 20 19 7
itemClass_demand 1 1 1 1 1 1 1 1 1 1 1 1 1 1 1 1 1 1 1 1 1 1 1 1 1 1 1 1 1 1 1 1 1 1 1 1 1 1 1 1 1 1 1 1 1 1 1 1 1 1 1 1 1 1 1 1 1 1 1 1 1 1 1 1 1 1 1 1 1 1 1 1 1 1 1 1 1 1 1 1 1 1 1 1 1 1 1 1 1 1
binNumber 10000
binClassNumber 1
binClass_widthVector 90
binClass_lengthVector 90
binClass_disponibility 1000
itemClass_weight 2641 2641 973 3197 973 278 1807 360 2760 1680 240 3720 840 1200 417 1390 5282 417 139 2780 2085 1540 440 770 2750 1540 1870 990 139 3197 1112 2224 973 2085 2780 2040 2400 120 1680 720 360 3480 1690 1820 1690 1820 780 3640 260 2556 3519 2700 2660 3600 2880 2660 2679 2888 912 1050 450 1224 3124 2812 906 3600 994 3450 438 846 1029 1120 987 2698 2869 1224 2800 447 864 2592 2840 2880 1015 144 2812 2880 2820 2940 2793 1036
