itemNumber 140
itemClassNumber 140
itemClass_widthVector 15 14 13 12 11 10 9 8 7 16 15 14 13 12 11 10 9 8 15 14 13 12 11 10 9 8 7 16 15 14 13 12 11 10 9 8 15 14 13 12 11 10 9 8 7 14 13 12 11 10 9 8 7 6 18 17 16 15 14 13 12 11 10 17 16 15 14 13 12 11 10 9 14 13 12 11 10 9 8 7 6 16 14 11 11 17 14 11 14 10 16 11 13 11 12 11 9 14 15 11 12 15 9 15 15 14 12 10 15 14 9 15 15 14 14 12 9 14 12 13 10 16 13 13 11 14 10 10 13 15 15 14 13 17 13 11 9 11 16 13
itemClass_lengthVector 27 6 19 2 28 24 10 6 18 9 13 3 24 3 11 2 8 67 4 11 21 4 32 5 9 29 25 14 7 9 15 5 8 54 21 7 4 15 3 2 4 38 20 31 23 26 2 5 23 15 9 20 8 32 1 24 21 3 31 24 11 10 15 18 8 47 23 4 2 17 2 19 1 10 10 32 2 18 20 11 36 7 1 24 23 26 19 24 2 10 7 25 2 25 29 24 7 19 19 23 27 6 6 20 19 18 27 10 5 3 5 20 18 19 20 28 6 18 27 1 10 27 27 28 23 18 9 11 28 6 7 20 2 26 29 23 5 23 5 1
itemClass_demand 1 1 1 1 1 1 1 1 1 1 1 1 1 1 1 1 1 1 1 1 1 1 1 1 1 1 1 1 1 1 1 1 1 1 1 1 1 1 1 1 1 1 1 1 1 1 1 1 1 1 1 1 1 1 1 1 1 1 1 1 1 1 1 1 1 1 1 1 1 1 1 1 1 1 1 1 1 1 1 1 1 1 1 1 1 1 1 1 1 1 1 1 1 1 1 1 1 1 1 1 1 1 1 1 1 1 1 1 1 1 1 1 1 1 1 1 1 1 1 1 1 1 1 1 1 1 1 1 1 1 1 1 1 1 1 1 1 1 1 1
binNumber 10000
binClassNumber 1
binClass_widthVector 140
binClass_lengthVector 140
binClass_disponibility 1000
itemClass_weight 4050 900 2850 300 4200 3600 1500 900 2700 1440 2080 480 3840 480 1760 320 1280 10720 600 1650 3150 600 4800 750 1350 4350 3750 2240 1120 1440 2400 800 1280 8640 3360 1120 600 2250 450 300 600 5700 3000 4650 3450 3640 280 700 3220 2100 1260 2800 1120 4480 180 4320 3780 540 5580 4320 1980 1800 2700 3060 1360 7990 3910 680 340 2890 340 3230 140 1400 1400 4480 280 2520 2800 1540 5040 1127 165 3648 3726 4108 2945 3624 316 1600 1113 4125 324 3850 4553 3840 1085 2907 3002 3657 4320 912 924 3280 3154 2826 4455 1600 800 492 790 3200 2934 2907 3080 4396 912 2988 4293 165 1560 4077 4374 4284 3588 2970 1413 1683 4508 930 1134 3120 308 4238 4495 3519 785 3680 825 155
