itemNumber 200
itemClassNumber 200
itemClass_widthVector 18 17 16 15 14 13 12 11 10 9 8 19 18 17 16 15 14 13 12 11 10 9 19 18 17 16 15 14 13 12 11 10 9 18 17 16 15 14 13 12 11 10 9 8 18 17 16 15 14 13 12 11 10 9 8 17 16 15 14 13 12 11 10 9 8 7 17 16 15 14 13 12 11 10 9 8 7 18 17 16 15 14 13 12 11 10 9 8 18 17 16 15 14 13 12 11 10 9 8 20 19 18 17 16 15 14 13 12 11 10 18 17 16 15 14 13 12 11 10 9 8 19 16 14 17 16 12 18 13 10 19 10 18 18 16 17 18 13 14 18 16 18 18 17 10 18 13 13 10 10 12 16 16 10 13 15 15 13 19 10 10 20 18 17 15 13 14 12 12 18 13 16 14 13 17 10 13 11 11 15 15 19 14 18 19 15 19 12 18 18 20 19 14 20 16 13 19 14 15 10
itemClass_lengthVector 8 42 50 3 14 1 7 2 20 18 35 15 2 8 3 33 26 10 2 60 11 30 25 10 6 33 18 18 27 6 11 42 4 4 5 48 6 3 3 7 12 9 12 91 4 32 8 16 28 10 7 7 34 50 4 5 12 19 3 1 9 76 5 25 27 18 9 22 14 1 41 24 3 35 10 36 5 24 69 8 12 8 11 13 39 1 1 14 24 70 17 18 7 18 14 13 11 2 6 21 37 18 7 12 13 33 21 28 1 9 92 7 3 33 20 2 17 2 1 10 13 43 15 6 4 4 1 43 6 17 42 17 42 51 4 3 43 6 6 43 13 41 49 4 19 49 6 1 18 19 2 15 14 19 3 14 2 8 7 17 17 9 42 51 2 7 1 20 3 51 3 14 7 3 51 19 3 21 19 13 13 8 1 51 7 1 9 19 42 51 8 8 2 8 15 6 43 1 2 18
itemClass_demand 1 1 1 1 1 1 1 1 1 1 1 1 1 1 1 1 1 1 1 1 1 1 1 1 1 1 1 1 1 1 1 1 1 1 1 1 1 1 1 1 1 1 1 1 1 1 1 1 1 1 1 1 1 1 1 1 1 1 1 1 1 1 1 1 1 1 1 1 1 1 1 1 1 1 1 1 1 1 1 1 1 1 1 1 1 1 1 1 1 1 1 1 1 1 1 1 1 1 1 1 1 1 1 1 1 1 1 1 1 1 1 1 1 1 1 1 1 1 1 1 1 1 1 1 1 1 1 1 1 1 1 1 1 1 1 1 1 1 1 1 1 1 1 1 1 1 1 1 1 1 1 1 1 1 1 1 1 1 1 1 1 1 1 1 1 1 1 1 1 1 1 1 1 1 1 1 1 1 1 1 1 1 1 1 1 1 1 1 1 1 1 1 1 1 1 1 1 1 1 1
binNumber 10000
binClassNumber 1
binClass_widthVector 200
binClass_lengthVector 200
binClass_disponibility 1000
itemClass_weight 1440 7560 9000 540 2520 180 1260 360 3600 3240 6300 2850 380 1520 570 6270 4940 1900 380 11400 2090 5700 4750 1900 1140 6270 3420 3420 5130 1140 2090 7980 760 720 900 8640 1080 540 540 1260 2160 1620 2160 16380 720 5760 1440 2880 5040 1800 1260 1260 6120 9000 720 850 2040 3230 510 170 1530 12920 850 4250 4590 3060 1530 3740 2380 170 6970 4080 510 5950 1700 6120 850 4320 12420 1440 2160 1440 1980 2340 7020 180 180 2520 4320 12600 3060 3240 1260 3240 2520 2340 1980 360 1080 4200 7400 3600 1400 2400 2600 6600 4200 5600 200 1800 16560 1260 540 5940 3600 360 3060 360 180 1800 2340 8170 2835 1128 752 768 193 8557 1086 3111 7980 3264 7686 9333 764 573 8256 1134 1098 7869 2431 8118 9310 736 3515 9163 1110 199 3492 3781 380 2775 2618 3515 552 2548 384 1480 1365 3383 3349 1728 8232 9996 384 1295 188 3840 570 9231 597 2660 1281 573 9792 3648 561 3885 3762 2509 2353 1528 181 9690 1337 188 1773 3686 7686 9894 1496 1568 376 1512 2715 1122 7955 194 390 3348
