itemNumber 400
itemClassNumber 400
itemClass_widthVector 25 24 23 22 21 20 19 18 17 16 15 14 13 12 11 25 24 23 22 21 20 19 18 17 16 15 14 13 12 11 28 27 26 25 24 23 22 21 20 19 18 17 16 15 14 28 27 26 25 24 23 22 21 20 19 18 17 16 15 14 29 28 27 26 25 24 23 22 21 20 19 18 17 16 15 28 27 26 25 24 23 22 21 20 19 18 17 16 15 14 24 23 22 21 20 19 18 17 16 15 14 13 12 11 10 28 27 26 25 24 23 22 21 20 19 18 17 16 15 14 24 23 22 21 20 19 18 17 16 15 14 13 12 11 10 28 27 26 25 24 23 22 21 20 19 18 17 16 15 14 24 23 22 21 20 19 18 17 16 15 14 13 12 11 10 29 28 27 26 25 24 23 22 21 20 19 18 17 16 15 24 23 22 21 20 19 18 17 16 15 14 13 12 11 10 28 27 26 25 24 23 22 21 20 19 18 17 16 15 14 28 27 26 25 24 23 22 21 20 19 18 17 16 15 14 24 19 15 13 27 15 26 27 18 20 13 15 26 20 18 25 22 21 24 25 15 26 25 15 21 24 20 19 14 24 15 21 21 16 24 15 20 16 20 16 16 13 26 16 18 15 15 15 20 25 19 24 18 15 19 19 18 15 26 18 14 16 13 15 17 23 14 19 17 15 24 15 14 22 16 25 26 23 17 19 18 23 26 18 25 21 20 19 19 26 19 19 24 18 22 25 15 21 21 22 24 23 24 24 14 26 24 15 21 22 16 23 23 25 17 25 21 22 21 22 25 16 25 23 27 21 18 17 13 15 14 19 18 15 14 13 17 22 25 17 22 25 21 26 14 25 25 15 14 21 27 17 24 25 16 21 24 16 26 27 14 20 17 19 16 26 19 25 26 25 26 26 13 15 20
itemClass_lengthVector 8 8 21 28 2 29 14 32 9 70 52 39 39 31 18 70 65 43 48 2 2 54 21 8 12 22 7 20 10 16 2 21 15 30 32 88 12 18 3 17 85 11 26 9 31 20 2 72 5 53 23 9 108 6 1 4 14 43 13 27 3 16 21 40 58 17 9 8 16 53 27 22 16 52 42 20 85 21 22 15 17 3 21 14 2 16 68 25 67 4 18 9 25 6 8 15 31 37 7 2 20 11 10 110 91 25 12 9 64 12 1 13 41 14 55 21 75 26 23 9 8 8 11 20 8 28 3 53 32 47 51 53 45 6 27 15 66 35 11 6 9 28 22 18 4 34 22 3 118 9 29 13 27 41 48 97 12 26 9 31 21 8 10 10 18 5 22 86 62 44 12 28 10 3 21 19 23 24 31 10 14 15 25 19 19 145 25 18 26 7 16 43 5 20 3 14 18 9 70 18 25 46 11 2 17 17 42 77 18 16 9 17 3 53 10 3 24 42 63 66 48 20 5 32 5 2 9 40 32 7 38 8 7 9 31 31 39 8 13 8 21 29 30 22 22 40 8 27 38 14 1 13 32 32 22 38 13 13 39 21 40 14 53 13 38 40 32 8 52 10 39 38 40 31 28 33 22 69 39 31 31 69 38 9 69 39 53 30 39 70 2 38 32 51 39 3 40 40 28 39 20 7 28 51 33 10 30 8 69 9 15 32 31 9 8 31 8 1 71 2 22 39 13 28 30 3 27 20 2 32 9 1 38 14 30 39 28 27 8 51 27 28 29 14 30 21 39 9 30 9 15 9 51 32 38 32 33 69 39 30 31 52 1 7 52 28 22 14 8 38 8 28 39 39 15 8 53 27 8 40 29 2 39 21 7 31 15 71 32 39 9 8 29 9 21 7 9 31 40 31
itemClass_demand 1 1 1 1 1 1 1 1 1 1 1 1 1 1 1 1 1 1 1 1 1 1 1 1 1 1 1 1 1 1 1 1 1 1 1 1 1 1 1 1 1 1 1 1 1 1 1 1 1 1 1 1 1 1 1 1 1 1 1 1 1 1 1 1 1 1 1 1 1 1 1 1 1 1 1 1 1 1 1 1 1 1 1 1 1 1 1 1 1 1 1 1 1 1 1 1 1 1 1 1 1 1 1 1 1 1 1 1 1 1 1 1 1 1 1 1 1 1 1 1 1 1 1 1 1 1 1 1 1 1 1 1 1 1 1 1 1 1 1 1 1 1 1 1 1 1 1 1 1 1 1 1 1 1 1 1 1 1 1 1 1 1 1 1 1 1 1 1 1 1 1 1 1 1 1 1 1 1 1 1 1 1 1 1 1 1 1 1 1 1 1 1 1 1 1 1 1 1 1 1 1 1 1 1 1 1 1 1 1 1 1 1 1 1 1 1 1 1 1 1 1 1 1 1 1 1 1 1 1 1 1 1 1 1 1 1 1 1 1 1 1 1 1 1 1 1 1 1 1 1 1 1 1 1 1 1 1 1 1 1 1 1 1 1 1 1 1 1 1 1 1 1 1 1 1 1 1 1 1 1 1 1 1 1 1 1 1 1 1 1 1 1 1 1 1 1 1 1 1 1 1 1 1 1 1 1 1 1 1 1 1 1 1 1 1 1 1 1 1 1 1 1 1 1 1 1 1 1 1 1 1 1 1 1 1 1 1 1 1 1 1 1 1 1 1 1 1 1 1 1 1 1 1 1 1 1 1 1 1 1 1 1 1 1 1 1 1 1 1 1 1 1 1 1 1 1 1 1 1 1 1 1 1 1 1 1 1 1 1 1 1 1 1 1 1 1 1 1 1 1
binNumber 10000
binClassNumber 1
binClass_widthVector 400
binClass_lengthVector 400
binClass_disponibility 1000
itemClass_weight 2000 2000 5250 7000 500 7250 3500 8000 2250 17500 13000 9750 9750 7750 4500 17500 16250 10750 12000 500 500 13500 5250 2000 3000 5500 1750 5000 2500 4000 560 5880 4200 8400 8960 24640 3360 5040 840 4760 23800 3080 7280 2520 8680 5600 560 20160 1400 14840 6440 2520 30240 1680 280 1120 3920 12040 3640 7560 870 4640 6090 11600 16820 4930 2610 2320 4640 15370 7830 6380 4640 15080 12180 5600 23800 5880 6160 4200 4760 840 5880 3920 560 4480 19040 7000 18760 1120 4320 2160 6000 1440 1920 3600 7440 8880 1680 480 4800 2640 2400 26400 21840 7000 3360 2520 17920 3360 280 3640 11480 3920 15400 5880 21000 7280 6440 2520 1920 1920 2640 4800 1920 6720 720 12720 7680 11280 12240 12720 10800 1440 6480 4200 18480 9800 3080 1680 2520 7840 6160 5040 1120 9520 6160 840 33040 2520 6960 3120 6480 9840 11520 23280 2880 6240 2160 7440 5040 1920 2400 2400 4320 1450 6380 24940 17980 12760 3480 8120 2900 870 6090 5510 6670 6960 8990 2900 3360 3600 6000 4560 4560 34800 6000 4320 6240 1680 3840 10320 1200 4800 720 3920 5040 2520 19600 5040 7000 12880 3080 560 4760 4760 11760 21560 5040 4480 2520 4760 840 14840 2800 840 6720 11760 17640 18480 13440 5600 1400 8960 1400 546 2331 10160 8192 1785 9652 2160 1883 2457 8091 7781 10647 2008 3523 2096 5271 7975 7620 5918 5544 11000 2144 7101 10488 3682 258 3588 8576 8768 5896 9804 3367 3341 10530 5544 10080 3864 14257 3276 10146 10520 8480 2152 13936 2520 10062 10032 10600 7812 7728 8415 5632 17664 10608 7843 8494 18423 10222 2367 18768 10335 13515 8010 10257 19250 550 10450 8736 12801 10452 828 10880 10560 7028 9906 5300 1778 7700 13719 8745 2700 7860 2024 17595 2277 4080 8224 8339 2268 2056 8184 2160 254 17821 542 5544 9789 3276 7700 7740 798 7047 5160 526 8032 2475 274 9652 3640 7590 10569 7448 6939 2048 13413 7209 7616 7917 3542 8010 5796 10452 2277 8100 2358 4110 2286 13821 8640 10336 8448 8679 18285 10218 7980 8122 14300 261 1925 13988 7084 5830 3556 2064 9538 2048 7168 10452 9906 4140 2024 13727 7290 2080 10240 7830 528 10257 5628 1799 8122 3945 19525 8800 10140 2277 2192 7453 2259 5397 1792 2340 8494 10920 8153
