itemNumber 180
itemClassNumber 180
itemClass_widthVector 19 18 17 16 15 14 13 12 11 10 19 18 17 16 15 14 13 12 11 10 18 17 16 15 14 13 12 11 10 9 18 17 16 15 14 13 12 11 10 9 17 16 15 14 13 12 11 10 9 8 16 15 14 13 12 11 10 9 8 7 19 18 17 16 15 14 13 12 11 10 19 18 17 16 15 14 13 12 11 10 17 16 15 14 13 12 11 10 9 8 18 17 16 15 14 13 12 11 10 9 18 14 20 18 20 21 19 18 16 12 16 13 13 17 17 19 19 13 18 18 21 17 17 18 15 20 18 16 20 14 15 20 15 18 20 15 21 18 13 16 18 20 20 14 16 15 18 16 14 16 13 16 21 20 19 17 17 14 13 15 12 20 13 21 18 18 19 21 13 18 14 20 14 20 17 15 21 19 13 16
itemClass_lengthVector 11 30 3 17 37 11 7 26 16 22 2 10 11 29 2 15 3 16 14 78 3 19 10 3 16 1 33 54 10 31 11 3 25 6 24 1 73 13 19 5 5 46 3 40 4 5 13 32 2 30 7 8 12 46 6 19 35 11 18 18 8 28 8 23 8 20 49 27 7 2 4 33 17 19 3 15 9 24 33 23 26 18 27 19 37 24 2 3 14 10 22 23 55 17 5 18 1 3 8 28 2 25 11 17 12 12 29 2 12 16 10 26 25 17 16 29 31 15 16 16 10 37 18 3 11 29 17 11 30 27 6 11 12 18 30 6 12 18 15 38 16 29 31 8 11 11 4 38 27 37 26 10 12 12 30 18 18 6 26 7 15 30 27 12 2 18 3 10 26 2 8 11 7 31 37 12 12 29 27 37
itemClass_demand 1 1 1 1 1 1 1 1 1 1 1 1 1 1 1 1 1 1 1 1 1 1 1 1 1 1 1 1 1 1 1 1 1 1 1 1 1 1 1 1 1 1 1 1 1 1 1 1 1 1 1 1 1 1 1 1 1 1 1 1 1 1 1 1 1 1 1 1 1 1 1 1 1 1 1 1 1 1 1 1 1 1 1 1 1 1 1 1 1 1 1 1 1 1 1 1 1 1 1 1 1 1 1 1 1 1 1 1 1 1 1 1 1 1 1 1 1 1 1 1 1 1 1 1 1 1 1 1 1 1 1 1 1 1 1 1 1 1 1 1 1 1 1 1 1 1 1 1 1 1 1 1 1 1 1 1 1 1 1 1 1 1 1 1 1 1 1 1 1 1 1 1 1 1 1 1 1 1 1 1
binNumber 10000
binClassNumber 1
binClass_widthVector 180
binClass_lengthVector 180
binClass_disponibility 1000
itemClass_weight 2090 5700 570 3230 7030 2090 1330 4940 3040 4180 380 1900 2090 5510 380 2850 570 3040 2660 14820 540 3420 1800 540 2880 180 5940 9720 1800 5580 1980 540 4500 1080 4320 180 13140 2340 3420 900 850 7820 510 6800 680 850 2210 5440 340 5100 1120 1280 1920 7360 960 3040 5600 1760 2880 2880 1520 5320 1520 4370 1520 3800 9310 5130 1330 380 760 6270 3230 3610 570 2850 1710 4560 6270 4370 4420 3060 4590 3230 6290 4080 340 510 2380 1700 3960 4140 9900 3060 900 3240 180 540 1440 5040 412 4800 2255 3366 2520 2448 5568 382 2496 3088 1910 5278 5050 3349 3072 5858 6355 2895 3312 3184 1920 7770 3582 588 2200 5945 3502 2167 6150 5535 1218 2156 2364 3510 6300 1158 2472 3726 2865 7334 3072 5684 6293 1656 2167 2310 764 7562 5211 7659 5096 2100 2424 2496 6030 3672 3762 1212 5252 1379 3135 5940 5589 2376 418 3600 609 1980 5226 414 1624 2200 1470 6417 7770 2364 2400 5713 5373 7067
