itemNumber 120
itemClassNumber 120
itemClass_widthVector 13 12 11 10 9 8 7 6 16 15 14 13 12 11 10 9 16 15 14 13 12 11 10 9 14 13 12 11 10 9 8 7 14 13 12 11 10 9 8 7 16 15 14 13 12 11 10 9 16 15 14 13 12 11 10 9 15 14 13 12 11 10 9 8 12 10 9 11 10 14 11 8 9 12 13 14 8 8 14 13 13 13 10 15 8 9 10 8 12 11 8 15 11 9 13 13 13 12 9 9 11 8 10 9 10 12 10 14 8 13 8 14 10 10 14 15 12 14 12 14
itemClass_lengthVector 5 16 21 21 4 17 20 16 23 11 3 17 5 28 19 14 1 17 7 6 8 36 42 3 21 8 2 22 12 43 1 11 15 5 28 25 4 23 17 3 19 4 9 4 31 13 8 32 1 28 13 3 11 14 29 21 21 29 14 11 12 25 6 2 20 4 16 20 3 4 21 20 17 22 16 17 19 19 6 20 22 16 3 6 21 18 4 21 22 22 20 5 21 17 22 21 21 21 18 17 22 21 4 17 3 20 5 17 21 16 21 6 4 5 15 6 21 16 22 16
itemClass_demand 1 1 1 1 1 1 1 1 1 1 1 1 1 1 1 1 1 1 1 1 1 1 1 1 1 1 1 1 1 1 1 1 1 1 1 1 1 1 1 1 1 1 1 1 1 1 1 1 1 1 1 1 1 1 1 1 1 1 1 1 1 1 1 1 1 1 1 1 1 1 1 1 1 1 1 1 1 1 1 1 1 1 1 1 1 1 1 1 1 1 1 1 1 1 1 1 1 1 1 1 1 1 1 1 1 1 1 1 1 1 1 1 1 1 1 1 1 1 1 1
binNumber 10000
binClassNumber 1
binClass_widthVector 120
binClass_lengthVector 120
binClass_disponibility 1000
itemClass_weight 650 2080 2730 2730 520 2210 2600 2080 3680 1760 480 2720 800 4480 3040 2240 160 2720 1120 960 1280 5760 6720 480 2940 1120 280 3080 1680 6020 140 1540 2100 700 3920 3500 560 3220 2380 420 3040 640 1440 640 4960 2080 1280 5120 160 4480 2080 480 1760 2240 4640 3360 3150 4350 2100 1650 1800 3750 900 300 2780 552 2112 2760 408 560 2898 2720 2329 3124 2256 2227 2603 2508 864 2660 3146 2112 402 828 2898 2430 564 2814 3168 2904 2880 680 2961 2414 3058 2961 2898 2772 2574 2380 3080 2751 528 2295 399 2680 685 2431 2877 2224 3024 786 544 715 1995 792 2751 2240 3080 2304
