itemNumber 160
itemClassNumber 160
itemClass_widthVector 17 16 15 14 13 12 11 10 9 19 18 17 16 15 14 13 12 11 16 15 14 13 12 11 10 9 8 19 18 17 16 15 14 13 12 11 17 16 15 14 13 12 11 10 9 17 16 15 14 13 12 11 10 9 19 18 17 16 15 14 13 12 11 20 19 18 17 16 15 14 13 12 16 15 14 13 12 11 10 9 8 12 14 13 15 11 15 15 17 17 16 13 16 13 14 14 15 13 18 16 14 16 17 13 14 17 19 17 13 11 15 12 14 16 15 13 13 13 16 19 17 11 17 17 18 13 18 18 14 12 18 15 12 13 15 17 17 16 15 19 13 16 18 17 16 14 17 14 14 19 11 18 15 15 18 18 13 13 18 18
itemClass_lengthVector 27 6 21 28 24 10 6 27 11 9 13 3 24 3 1 10 84 13 4 11 42 4 11 5 70 12 1 30 1 2 25 31 21 39 7 4 14 17 12 38 22 14 1 18 24 4 3 5 29 9 7 73 2 28 25 8 18 5 2 4 16 65 17 25 1 11 16 23 1 17 10 56 3 15 37 33 33 15 5 7 12 7 24 7 23 27 24 29 20 6 21 10 28 6 25 24 28 11 7 28 24 21 21 9 23 6 27 7 5 26 28 27 25 29 24 11 10 10 22 26 7 27 20 20 5 9 27 27 10 7 26 29 5 7 24 6 7 22 28 26 7 21 7 20 21 24 5 10 25 27 27 26 24 23 27 28 11 5 28 28
itemClass_demand 1 1 1 1 1 1 1 1 1 1 1 1 1 1 1 1 1 1 1 1 1 1 1 1 1 1 1 1 1 1 1 1 1 1 1 1 1 1 1 1 1 1 1 1 1 1 1 1 1 1 1 1 1 1 1 1 1 1 1 1 1 1 1 1 1 1 1 1 1 1 1 1 1 1 1 1 1 1 1 1 1 1 1 1 1 1 1 1 1 1 1 1 1 1 1 1 1 1 1 1 1 1 1 1 1 1 1 1 1 1 1 1 1 1 1 1 1 1 1 1 1 1 1 1 1 1 1 1 1 1 1 1 1 1 1 1 1 1 1 1 1 1 1 1 1 1 1 1 1 1 1 1 1 1 1 1 1 1 1 1
binNumber 10000
binClassNumber 1
binClass_widthVector 160
binClass_lengthVector 160
binClass_disponibility 1000
itemClass_weight 4590 1020 3570 4760 4080 1700 1020 4590 1870 1710 2470 570 4560 570 190 1900 15960 2470 640 1760 6720 640 1760 800 11200 1920 160 5700 190 380 4750 5890 3990 7410 1330 760 2380 2890 2040 6460 3740 2380 170 3060 4080 680 510 850 4930 1530 1190 12410 340 4760 4750 1520 3420 950 380 760 3040 12350 3230 5000 200 2200 3200 4600 200 3400 2000 11200 480 2400 5920 5280 5280 2400 800 1120 1920 1274 4200 1281 3979 4779 4392 5278 3420 1128 3675 1710 4984 1122 4650 4440 5096 2068 1204 4956 4200 3633 3738 1611 4140 1122 4941 1260 925 4602 4956 4671 4425 5133 4176 1936 1710 1800 3872 4784 1295 4752 3600 3560 920 1683 5049 4833 1880 1274 4576 5365 885 1211 4344 1050 1274 3872 4872 4862 1267 3591 1232 3500 3696 4152 875 1710 4625 5022 4617 4862 4440 3979 4833 4788 2046 935 4872 5180
