itemNumber 150
itemClassNumber 150
itemClass_widthVector 17 16 15 14 13 12 11 10 9 17 16 15 14 13 12 11 10 9 18 17 16 15 14 13 12 11 10 17 16 15 14 13 12 11 10 9 15 14 13 12 11 10 9 8 7 18 17 16 15 14 13 12 11 10 14 13 12 11 10 9 8 7 6 17 16 15 14 13 12 11 10 9 17 16 15 14 13 12 11 10 9 16 12 18 15 16 18 18 18 17 16 11 13 17 13 14 14 16 16 11 14 12 16 17 13 15 16 13 13 12 15 19 16 14 15 16 18 11 17 13 12 19 17 13 18 16 18 17 11 14 13 14 11 18 12 14 14 16 17 15 18 13 13 14 17 14 17 13 17 16
itemClass_lengthVector 1 37 21 12 24 18 5 25 7 5 11 8 5 29 51 5 17 19 8 14 28 17 32 22 2 16 11 8 38 50 2 13 18 2 16 3 10 4 6 26 25 18 22 17 22 2 41 4 2 8 37 25 22 9 7 24 9 19 13 11 46 11 10 55 11 6 1 12 29 18 2 16 11 5 51 40 5 9 23 2 4 20 6 38 24 13 37 38 38 22 20 25 18 36 18 23 17 12 12 26 24 25 21 21 5 24 21 5 5 4 23 2 21 23 11 11 2 26 38 6 25 2 21 6 36 11 1 38 26 18 4 17 26 1 25 18 17 12 22 24 38 19 5 18 22 19 21 4 38 21
itemClass_demand 1 1 1 1 1 1 1 1 1 1 1 1 1 1 1 1 1 1 1 1 1 1 1 1 1 1 1 1 1 1 1 1 1 1 1 1 1 1 1 1 1 1 1 1 1 1 1 1 1 1 1 1 1 1 1 1 1 1 1 1 1 1 1 1 1 1 1 1 1 1 1 1 1 1 1 1 1 1 1 1 1 1 1 1 1 1 1 1 1 1 1 1 1 1 1 1 1 1 1 1 1 1 1 1 1 1 1 1 1 1 1 1 1 1 1 1 1 1 1 1 1 1 1 1 1 1 1 1 1 1 1 1 1 1 1 1 1 1 1 1 1 1 1 1 1 1 1 1 1 1
binNumber 10000
binClassNumber 1
binClass_widthVector 150
binClass_lengthVector 150
binClass_disponibility 1000
itemClass_weight 170 6290 3570 2040 4080 3060 850 4250 1190 850 1870 1360 850 4930 8670 850 2890 3230 1440 2520 5040 3060 5760 3960 360 2880 1980 1360 6460 8500 340 2210 3060 340 2720 510 1500 600 900 3900 3750 2700 3300 2550 3300 360 7380 720 360 1440 6660 4500 3960 1620 980 3360 1260 2660 1820 1540 6440 1540 1400 9350 1870 1020 170 2040 4930 3060 340 2720 1870 850 8670 6800 850 1530 3910 340 680 3460 1098 6726 4176 2314 6697 6650 6840 4004 3720 4300 3258 6552 3312 4301 3111 2064 2244 4524 4344 4400 3948 3612 920 4200 3843 905 915 708 4301 360 3591 4048 1980 2068 364 4810 6650 1080 4600 342 3654 1092 6192 1903 171 6764 4810 3204 688 2958 4654 174 4575 3348 2941 2148 3938 4176 6688 3401 910 3114 3894 3458 3801 752 6802 3780
