itemNumber 300
itemClassNumber 300
itemClass_widthVector 21 20 19 18 17 16 15 14 13 12 11 10 9 25 24 23 22 21 20 19 18 17 16 15 14 13 24 23 22 21 20 19 18 17 16 15 14 13 12 22 21 20 19 18 17 16 15 14 13 12 11 10 23 22 21 20 19 18 17 16 15 14 13 12 11 23 22 21 20 19 18 17 16 15 14 13 12 11 23 22 21 20 19 18 17 16 15 14 13 12 11 21 20 19 18 17 16 15 14 13 12 11 10 9 24 23 22 21 20 19 18 17 16 15 14 13 12 23 22 21 20 19 18 17 16 15 14 13 12 11 23 22 21 20 19 18 17 16 15 14 13 12 11 24 23 22 21 20 19 18 17 16 15 14 13 12 24 23 22 21 20 19 18 17 16 15 14 13 12 19 15 15 15 15 18 24 19 14 16 17 20 15 12 20 19 21 21 20 18 17 18 17 15 20 19 16 16 18 21 21 16 12 16 18 12 12 17 17 24 23 15 15 16 19 23 23 14 11 14 18 16 14 24 19 21 24 16 20 17 11 16 20 17 21 13 17 24 22 17 14 14 19 16 22 22 15 20 17 18 18 20 11 15 21 12 16 19 17 23 14 14 17 23 17 21 14 14 17 19 18 17 15 21 20 22 21 15 13 15 14 13 15 20 21 15 19 14 20 18 24 16 20 14 18 14 23 22 14 18 23
itemClass_lengthVector 61 16 6 32 19 1 6 21 22 1 80 18 17 49 9 35 7 12 27 48 45 17 1 14 33 3 49 38 72 39 16 4 6 10 2 10 3 25 26 11 11 75 38 20 23 5 6 28 25 30 20 8 1 17 41 16 19 8 5 11 10 1 7 121 43 17 11 18 7 14 6 30 24 8 39 46 21 59 9 15 23 29 13 25 67 28 19 12 46 10 4 1 2 8 12 47 7 80 38 36 9 14 17 29 15 56 40 19 15 6 9 11 7 51 40 22 9 39 8 15 38 14 7 5 1 4 68 34 34 33 26 29 35 22 48 11 8 8 10 46 12 19 26 13 22 33 22 18 9 42 21 9 18 37 16 40 40 18 1 43 1 13 29 53 1 26 2 36 37 31 22 21 22 21 1 60 31 23 5 7 33 23 17 7 33 5 15 33 20 1 18 7 20 6 18 22 22 1 17 15 21 18 7 18 19 18 7 6 60 16 22 20 7 33 60 61 21 17 22 1 7 22 60 33 5 60 22 32 5 17 20 5 6 7 80 1 62 62 1 1 1 31 6 17 17 22 31 5 1 20 31 18 22 6 80 21 20 2 16 21 1 6 17 1 6 2 2 7 19 20 7 23 5 5 62 17 21 1 21 2 1 20 32 5 21 18 23 32 18 62 22 31 23 2 1 60 61 21 19 15
itemClass_demand 1 1 1 1 1 1 1 1 1 1 1 1 1 1 1 1 1 1 1 1 1 1 1 1 1 1 1 1 1 1 1 1 1 1 1 1 1 1 1 1 1 1 1 1 1 1 1 1 1 1 1 1 1 1 1 1 1 1 1 1 1 1 1 1 1 1 1 1 1 1 1 1 1 1 1 1 1 1 1 1 1 1 1 1 1 1 1 1 1 1 1 1 1 1 1 1 1 1 1 1 1 1 1 1 1 1 1 1 1 1 1 1 1 1 1 1 1 1 1 1 1 1 1 1 1 1 1 1 1 1 1 1 1 1 1 1 1 1 1 1 1 1 1 1 1 1 1 1 1 1 1 1 1 1 1 1 1 1 1 1 1 1 1 1 1 1 1 1 1 1 1 1 1 1 1 1 1 1 1 1 1 1 1 1 1 1 1 1 1 1 1 1 1 1 1 1 1 1 1 1 1 1 1 1 1 1 1 1 1 1 1 1 1 1 1 1 1 1 1 1 1 1 1 1 1 1 1 1 1 1 1 1 1 1 1 1 1 1 1 1 1 1 1 1 1 1 1 1 1 1 1 1 1 1 1 1 1 1 1 1 1 1 1 1 1 1 1 1 1 1 1 1 1 1 1 1 1 1 1 1 1 1 1 1 1 1 1 1 1 1 1 1 1 1 1 1 1 1 1 1
binNumber 10000
binClassNumber 1
binClass_widthVector 300
binClass_lengthVector 300
binClass_disponibility 1000
itemClass_weight 12810 3360 1260 6720 3990 210 1260 4410 4620 210 16800 3780 3570 12250 2250 8750 1750 3000 6750 12000 11250 4250 250 3500 8250 750 11760 9120 17280 9360 3840 960 1440 2400 480 2400 720 6000 6240 2420 2420 16500 8360 4400 5060 1100 1320 6160 5500 6600 4400 1760 230 3910 9430 3680 4370 1840 1150 2530 2300 230 1610 27830 9890 3910 2530 4140 1610 3220 1380 6900 5520 1840 8970 10580 4830 13570 2070 3450 5290 6670 2990 5750 15410 6440 4370 2760 10580 2300 920 210 420 1680 2520 9870 1470 16800 7980 7560 1890 2940 3570 6090 3600 13440 9600 4560 3600 1440 2160 2640 1680 12240 9600 5280 2160 8970 1840 3450 8740 3220 1610 1150 230 920 15640 7820 7820 7590 5980 6670 8050 5060 11040 2530 1840 1840 2300 10580 2760 4370 5980 3120 5280 7920 5280 4320 2160 10080 5040 2160 4320 8880 3840 9600 9600 4320 240 10320 240 3120 6960 12720 240 6240 480 8640 8880 7006 4906 4494 4752 4851 221 13380 6882 5037 1065 1582 7095 5060 3689 1533 7161 1095 3165 6996 4360 212 4104 1582 4520 1386 3852 4642 4928 228 3757 3255 4746 3798 1491 4176 4256 3996 1533 1296 13200 3696 4796 4300 1610 7359 12900 12993 4494 3706 4664 230 1617 4664 13440 7623 1105 13020 4752 7232 1160 3910 4520 1160 1296 1547 18240 222 13516 13144 221 223 223 7068 1320 3927 3927 4950 6634 1115 213 4400 7006 3942 5016 1314 17120 4431 4380 430 3680 4746 219 1284 3842 224 1266 444 452 1533 4104 4500 1624 5037 1100 1060 14198 3638 4557 212 4431 450 214 4600 7072 1095 4704 3996 4876 7328 4104 13950 4796 6944 4945 440 212 12720 12932 4809 4161 3285
