itemNumber 70
itemClassNumber 70
itemClass_widthVector 11 10 9 8 7 6 12 11 10 9 8 7 12 11 10 9 8 7 12 11 10 9 8 7 12 11 10 9 8 7 11 10 9 8 7 6 11 10 10 13 11 8 11 9 11 13 9 10 9 12 9 8 11 8 9 8 12 13 12 9 12 13 13 10 9 11 8 9 8 8
itemClass_lengthVector 24 37 4 1 2 2 6 13 11 23 3 14 3 9 4 4 39 11 5 5 16 5 30 9 19 19 6 9 16 1 4 8 9 14 29 6 38 4 3 23 38 3 38 2 36 24 1 5 1 24 1 3 37 2 1 2 24 24 38 1 24 25 23 5 1 37 1 1 1 2
itemClass_demand 1 1 1 1 1 1 1 1 1 1 1 1 1 1 1 1 1 1 1 1 1 1 1 1 1 1 1 1 1 1 1 1 1 1 1 1 1 1 1 1 1 1 1 1 1 1 1 1 1 1 1 1 1 1 1 1 1 1 1 1 1 1 1 1 1 1 1 1 1 1
binNumber 10000
binClassNumber 1
binClass_widthVector 70
binClass_lengthVector 70
binClass_disponibility 1000
itemClass_weight 2640 4070 440 110 220 220 720 1560 1320 2760 360 1680 360 1080 480 480 4680 1320 600 600 1920 600 3600 1080 2280 2280 720 1080 1920 120 440 880 990 1540 3190 660 4598 480 339 2668 4598 351 4408 242 4284 2928 111 555 117 2712 113 333 4292 240 119 244 2928 2904 4370 113 2712 2825 2599 585 113 4514 111 117 115 228
