itemNumber 400
itemClassNumber 400
itemClass_widthVector 29 28 27 26 25 24 23 22 21 20 19 18 17 16 15 26 25 24 23 22 21 20 19 18 17 16 15 14 13 12 30 29 28 27 26 25 24 23 22 21 20 19 18 17 16 27 26 25 24 23 22 21 20 19 18 17 16 15 14 13 25 24 23 22 21 20 19 18 17 16 15 14 13 12 11 25 24 23 22 21 20 19 18 17 16 15 14 13 12 11 25 24 23 22 21 20 19 18 17 16 15 14 13 12 11 24 23 22 21 20 19 18 17 16 15 14 13 12 11 10 25 24 23 22 21 20 19 18 17 16 15 14 13 12 11 29 28 27 26 25 24 23 22 21 20 19 18 17 16 15 28 27 26 25 24 23 22 21 20 19 18 17 16 15 14 24 23 22 21 20 19 18 17 16 15 14 13 12 11 10 29 28 27 26 25 24 23 22 21 20 19 18 17 16 15 29 28 27 26 25 24 23 22 21 20 19 18 17 16 15 25 24 23 22 21 20 19 18 17 16 15 14 13 12 11 26 29 24 18 20 29 24 20 27 28 28 23 18 20 27 27 24 18 26 24 28 27 25 30 26 20 26 23 21 29 28 29 25 23 21 30 25 23 17 28 19 19 18 22 31 23 21 31 18 18 26 17 21 31 18 28 17 24 24 22 23 23 28 28 26 24 20 21 21 20 20 25 24 26 26 23 31 30 27 21 30 19 27 30 17 28 21 26 28 23 27 26 19 17 31 25 27 29 31 27 30 20 19 23 28 28 18 22 17 30 30 26 18 25 20 29 30 24 25 19 31 27 18 26 26 20 25 25 31 23 27 23 24 18 24 27 31 28 24 21 28 22 24 30 23 18 21 23 24 29 17 20 19 28 29 24 17 23 27 32 19 25 29 23 28 25 24 18 24 25 29 26 22 19 32
itemClass_lengthVector 7 8 45 27 59 80 14 12 13 61 36 8 1 22 7 48 2 29 23 24 11 4 5 14 91 37 18 35 40 19 35 71 12 11 28 10 19 15 6 34 37 52 3 64 3 75 39 31 6 5 35 2 10 7 45 14 7 20 69 35 10 25 30 4 18 23 9 85 25 8 10 25 30 33 65 41 32 58 26 76 22 4 9 38 29 17 9 31 7 1 33 19 45 13 12 6 11 19 35 44 73 2 15 56 17 16 106 2 12 9 5 1 18 8 66 40 9 14 18 76 16 2 18 20 28 71 30 81 12 21 26 13 58 3 1 3 6 30 33 52 3 69 52 1 12 15 37 80 3 4 32 53 17 24 32 29 53 1 36 10 45 10 36 1 21 64 33 6 16 24 9 24 41 6 96 11 6 30 31 3 2 36 14 19 25 11 26 16 34 28 58 4 48 25 54 51 24 7 63 8 34 13 1 22 18 27 40 2 66 24 62 67 1 38 15 81 32 8 25 2 18 34 4 11 2 59 8 13 2 7 9 14 35 81 28 27 60 1 36 27 58 12 21 14 13 46 58 14 44 59 35 58 13 35 46 59 7 80 13 35 7 80 12 21 58 7 7 1 60 9 61 60 7 1 22 79 22 35 7 1 45 21 14 15 61 61 12 59 45 15 14 8 37 35 9 36 13 11 14 79 62 8 8 59 62 7 2 60 44 21 60 35 15 58 11 81 60 1 22 7 15 26 27 6 81 8 9 1 13 27 60 22 60 21 45 8 59 1 12 9 44 8 14 11 7 9 80 1 58 15 37 13 12 6 62 60 12 13 1 14 28 8 60 13 36 28 13 12 7 11 23 36 12 14 9 21 8 2 27 26 13 21 11 59 6 2 12 7 14 28 11 15 23 14 12 45 80 60 1 8
itemClass_demand 1 1 1 1 1 1 1 1 1 1 1 1 1 1 1 1 1 1 1 1 1 1 1 1 1 1 1 1 1 1 1 1 1 1 1 1 1 1 1 1 1 1 1 1 1 1 1 1 1 1 1 1 1 1 1 1 1 1 1 1 1 1 1 1 1 1 1 1 1 1 1 1 1 1 1 1 1 1 1 1 1 1 1 1 1 1 1 1 1 1 1 1 1 1 1 1 1 1 1 1 1 1 1 1 1 1 1 1 1 1 1 1 1 1 1 1 1 1 1 1 1 1 1 1 1 1 1 1 1 1 1 1 1 1 1 1 1 1 1 1 1 1 1 1 1 1 1 1 1 1 1 1 1 1 1 1 1 1 1 1 1 1 1 1 1 1 1 1 1 1 1 1 1 1 1 1 1 1 1 1 1 1 1 1 1 1 1 1 1 1 1 1 1 1 1 1 1 1 1 1 1 1 1 1 1 1 1 1 1 1 1 1 1 1 1 1 1 1 1 1 1 1 1 1 1 1 1 1 1 1 1 1 1 1 1 1 1 1 1 1 1 1 1 1 1 1 1 1 1 1 1 1 1 1 1 1 1 1 1 1 1 1 1 1 1 1 1 1 1 1 1 1 1 1 1 1 1 1 1 1 1 1 1 1 1 1 1 1 1 1 1 1 1 1 1 1 1 1 1 1 1 1 1 1 1 1 1 1 1 1 1 1 1 1 1 1 1 1 1 1 1 1 1 1 1 1 1 1 1 1 1 1 1 1 1 1 1 1 1 1 1 1 1 1 1 1 1 1 1 1 1 1 1 1 1 1 1 1 1 1 1 1 1 1 1 1 1 1 1 1 1 1 1 1 1 1 1 1 1 1 1 1 1 1 1 1 1 1 1 1 1 1 1 1 1 1 1 1 1 1
binNumber 10000
binClassNumber 1
binClass_widthVector 400
binClass_lengthVector 400
binClass_disponibility 1000
itemClass_weight 2030 2320 13050 7830 17110 23200 4060 3480 3770 17690 10440 2320 290 6380 2030 12480 520 7540 5980 6240 2860 1040 1300 3640 23660 9620 4680 9100 10400 4940 10500 21300 3600 3300 8400 3000 5700 4500 1800 10200 11100 15600 900 19200 900 20250 10530 8370 1620 1350 9450 540 2700 1890 12150 3780 1890 5400 18630 9450 2500 6250 7500 1000 4500 5750 2250 21250 6250 2000 2500 6250 7500 8250 16250 10250 8000 14500 6500 19000 5500 1000 2250 9500 7250 4250 2250 7750 1750 250 8250 4750 11250 3250 3000 1500 2750 4750 8750 11000 18250 500 3750 14000 4250 3840 25440 480 2880 2160 1200 240 4320 1920 15840 9600 2160 3360 4320 18240 4000 500 4500 5000 7000 17750 7500 20250 3000 5250 6500 3250 14500 750 250 870 1740 8700 9570 15080 870 20010 15080 290 3480 4350 10730 23200 870 1160 8960 14840 4760 6720 8960 8120 14840 280 10080 2800 12600 2800 10080 280 5880 15360 7920 1440 3840 5760 2160 5760 9840 1440 23040 2640 1440 7200 7440 720 580 10440 4060 5510 7250 3190 7540 4640 9860 8120 16820 1160 13920 7250 15660 14790 6960 2030 18270 2320 9860 3770 290 6380 5220 7830 11600 580 19140 6960 15500 16750 250 9500 3750 20250 8000 2000 6250 500 4500 8500 1000 2750 500 17877 2376 3848 594 2177 2646 4172 10990 24705 8820 8424 19140 292 10620 8019 17516 3516 6132 4256 4134 14490 16994 4116 12804 17346 10325 16994 4147 11130 13984 17346 2177 24400 4108 10465 2093 24800 3600 6573 17690 2177 2170 296 18960 2781 19276 17700 2177 291 6930 23384 6468 10185 2163 293 14175 6279 4452 4545 19154 19215 3624 18231 13320 4410 4340 2344 11137 10290 2637 11484 3952 3223 4200 24806 18352 2432 2376 18231 18352 2177 616 18660 13244 6447 18000 10955 4695 18444 3300 25029 18240 317 6446 2058 4470 8138 7992 1824 24624 2552 2691 293 3887 8397 18780 6952 18360 6279 13140 2544 17405 292 3720 2709 12848 2520 4298 3454 2226 2754 23920 294 17458 4515 10915 4069 3552 1866 18538 18600 3816 4147 304 4284 8848 2472 18180 4004 10728 8372 4082 3564 2212 3443 6877 10908 3612 4480 2709 6132 2416 586 8046 8190 4121 6132 3366 17287 1800 594 3696 2037 4172 8288 3322 4800 7314 4186 3624 13455 25280 18420 309 2456
