itemNumber 110
itemClassNumber 110
itemClass_widthVector 14 13 12 11 10 9 8 7 12 11 10 9 8 7 6 5 13 12 11 10 9 8 7 6 14 13 12 11 10 9 8 7 15 14 13 12 11 10 9 8 15 14 13 12 11 10 9 8 14 13 12 11 10 9 8 7 13 12 11 10 9 8 7 6 15 14 9 13 15 14 11 12 14 16 9 10 13 11 12 15 12 13 10 9 14 13 12 15 14 11 11 15 9 13 13 9 12 15 15 14 10 10 15 16 14 13 12 10 10 12
itemClass_lengthVector 2 23 4 6 22 23 13 17 5 3 19 19 30 23 2 9 23 38 1 14 16 10 3 5 5 8 23 19 18 1 32 4 14 2 4 60 11 10 1 8 3 2 3 13 30 3 27 29 5 5 15 9 15 14 38 9 13 18 2 37 2 17 16 5 3 4 14 3 23 24 23 22 3 1 14 23 7 23 22 1 6 7 23 13 3 7 22 2 3 22 22 2 14 5 5 12 22 3 3 24 23 23 3 1 22 5 22 22 24 6
itemClass_demand 1 1 1 1 1 1 1 1 1 1 1 1 1 1 1 1 1 1 1 1 1 1 1 1 1 1 1 1 1 1 1 1 1 1 1 1 1 1 1 1 1 1 1 1 1 1 1 1 1 1 1 1 1 1 1 1 1 1 1 1 1 1 1 1 1 1 1 1 1 1 1 1 1 1 1 1 1 1 1 1 1 1 1 1 1 1 1 1 1 1 1 1 1 1 1 1 1 1 1 1 1 1 1 1 1 1 1 1 1 1
binNumber 10000
binClassNumber 1
binClass_widthVector 110
binClass_lengthVector 110
binClass_disponibility 1000
itemClass_weight 280 3220 560 840 3080 3220 1820 2380 600 360 2280 2280 3600 2760 240 1080 2990 4940 130 1820 2080 1300 390 650 700 1120 3220 2660 2520 140 4480 560 2100 300 600 9000 1650 1500 150 1200 450 300 450 1950 4500 450 4050 4350 700 700 2100 1260 2100 1960 5320 1260 1690 2340 260 4810 260 2210 2080 650 447 580 2156 453 3312 3504 3312 3344 441 144 2002 3266 1036 3427 3410 154 906 1015 3358 2015 423 1071 3344 310 426 3190 3388 288 1974 720 750 1824 3190 423 423 3720 3565 3542 438 142 3234 745 3278 3256 3504 888
