itemNumber 110
itemClassNumber 110
itemClass_widthVector 14 13 12 11 10 9 8 7 15 14 13 12 11 10 9 8 13 12 11 10 9 8 7 6 14 13 12 11 10 9 8 7 13 12 11 10 9 8 7 6 14 13 12 11 10 9 8 7 13 12 11 10 9 8 7 6 14 13 12 11 10 9 8 7 11 13 12 10 15 15 9 12 15 15 16 15 16 13 16 14 9 14 15 14 11 11 15 11 15 12 13 14 9 12 11 15 12 13 15 16 16 12 9 14 12 15 12 13 9 9
itemClass_lengthVector 4 6 18 10 31 27 13 1 18 15 13 10 40 6 7 1 34 24 19 5 7 14 2 5 33 1 2 12 3 8 19 32 1 49 6 4 21 3 9 17 33 12 8 41 1 3 5 7 24 14 6 2 27 2 19 16 1 11 32 13 11 15 23 4 31 18 32 26 4 6 12 30 7 7 4 3 5 10 4 5 12 19 4 18 31 31 4 32 3 10 17 7 13 11 30 7 10 18 3 3 4 32 12 18 10 6 30 17 13 13
itemClass_demand 1 1 1 1 1 1 1 1 1 1 1 1 1 1 1 1 1 1 1 1 1 1 1 1 1 1 1 1 1 1 1 1 1 1 1 1 1 1 1 1 1 1 1 1 1 1 1 1 1 1 1 1 1 1 1 1 1 1 1 1 1 1 1 1 1 1 1 1 1 1 1 1 1 1 1 1 1 1 1 1 1 1 1 1 1 1 1 1 1 1 1 1 1 1 1 1 1 1 1 1 1 1 1 1 1 1 1 1 1 1
binNumber 10000
binClassNumber 1
binClass_widthVector 110
binClass_lengthVector 110
binClass_disponibility 1000
itemClass_weight 560 840 2520 1400 4340 3780 1820 140 2700 2250 1950 1500 6000 900 1050 150 4420 3120 2470 650 910 1820 260 650 4620 140 280 1680 420 1120 2660 4480 130 6370 780 520 2730 390 1170 2210 4620 1680 1120 5740 140 420 700 980 3120 1820 780 260 3510 260 2470 2080 140 1540 4480 1820 1540 2100 3220 560 4371 2664 4608 3978 608 906 1764 4590 1029 1029 592 450 720 1460 572 730 1740 2755 568 2700 4526 4743 620 4960 426 1460 2584 1043 1950 1694 4500 1043 1490 2628 456 462 572 4960 1704 2664 1530 846 4350 2618 1859 1885
