itemNumber 140
itemClassNumber 140
itemClass_widthVector 15 14 13 12 11 10 9 8 7 17 16 15 14 13 12 11 10 9 16 15 14 13 12 11 10 9 8 15 14 13 12 11 10 9 8 7 16 15 14 13 12 11 10 9 8 15 14 13 12 11 10 9 8 7 16 15 14 13 12 11 10 9 8 14 13 12 11 10 9 8 7 6 16 15 14 13 12 11 10 9 8 17 16 12 13 17 14 10 14 14 15 15 12 14 13 15 15 15 12 13 12 10 16 16 12 16 13 16 9 16 10 17 12 13 14 13 16 13 16 13 13 14 14 13 12 13 15 16 16 11 13 12 13 14 10 14 10 10 13 16
itemClass_lengthVector 3 34 20 4 6 9 2 8 54 23 35 9 9 4 10 3 15 32 40 21 17 2 2 35 1 8 14 6 15 16 23 35 9 13 11 12 3 9 12 6 2 31 38 38 1 10 17 3 8 31 31 4 1 35 27 1 2 26 10 33 8 22 11 48 10 35 9 2 7 16 2 11 20 34 8 17 35 7 7 9 3 4 35 6 4 2 3 3 3 4 21 33 10 19 4 33 33 19 8 5 10 1 33 4 8 4 4 3 9 2 1 2 6 7 21 6 35 7 33 6 5 3 4 5 9 3 34 35 33 8 7 9 5 19 3 19 1 2 4 4
itemClass_demand 1 1 1 1 1 1 1 1 1 1 1 1 1 1 1 1 1 1 1 1 1 1 1 1 1 1 1 1 1 1 1 1 1 1 1 1 1 1 1 1 1 1 1 1 1 1 1 1 1 1 1 1 1 1 1 1 1 1 1 1 1 1 1 1 1 1 1 1 1 1 1 1 1 1 1 1 1 1 1 1 1 1 1 1 1 1 1 1 1 1 1 1 1 1 1 1 1 1 1 1 1 1 1 1 1 1 1 1 1 1 1 1 1 1 1 1 1 1 1 1 1 1 1 1 1 1 1 1 1 1 1 1 1 1 1 1 1 1 1 1
binNumber 10000
binClassNumber 1
binClass_widthVector 140
binClass_lengthVector 140
binClass_disponibility 1000
itemClass_weight 450 5100 3000 600 900 1350 300 1200 8100 3910 5950 1530 1530 680 1700 510 2550 5440 6400 3360 2720 320 320 5600 160 1280 2240 900 2250 2400 3450 5250 1350 1950 1650 1800 480 1440 1920 960 320 4960 6080 6080 160 1500 2550 450 1200 4650 4650 600 150 5250 4320 160 320 4160 1600 5280 1280 3520 1760 6720 1400 4900 1260 280 980 2240 280 1540 3200 5440 1280 2720 5600 1120 1120 1440 480 624 5705 948 604 326 453 465 453 648 3276 5049 1540 2926 656 5445 5115 2888 1312 785 1620 157 5412 656 1296 656 652 489 1395 320 154 306 984 1071 3360 966 5705 1057 5379 942 755 465 616 780 1458 456 5134 5495 5478 1224 1078 1467 800 2964 459 2945 160 326 660 648
