itemNumber 200
itemClassNumber 200
itemClass_widthVector 16 15 14 13 12 11 10 9 8 7 6 20 19 18 17 16 15 14 13 12 11 10 16 15 14 13 12 11 10 9 8 7 6 20 19 18 17 16 15 14 13 12 11 10 17 16 15 14 13 12 11 10 9 8 7 19 18 17 16 15 14 13 12 11 10 9 18 17 16 15 14 13 12 11 10 9 8 19 18 17 16 15 14 13 12 11 10 9 18 17 16 15 14 13 12 11 10 9 8 20 19 18 17 16 15 14 13 12 11 10 17 16 15 14 13 12 11 10 9 8 7 8 12 12 11 9 11 15 17 8 16 16 10 17 14 14 9 16 16 10 13 17 13 10 8 12 17 8 11 13 9 9 8 15 18 11 11 8 12 10 18 14 16 17 15 16 15 13 14 17 15 8 13 13 10 8 14 14 13 8 10 17 9 16 14 9 18 13 12 9 10 13 13 13 12 16 13 9 12 10
itemClass_lengthVector 6 22 39 2 11 4 22 40 7 45 2 77 25 7 4 16 18 2 20 18 7 6 2 29 86 1 5 6 5 7 12 28 19 30 3 35 5 31 12 6 46 6 7 19 5 13 8 19 67 4 3 1 10 39 31 3 15 22 59 11 49 4 4 1 8 24 17 18 16 25 7 37 9 3 3 58 7 26 41 17 14 22 12 20 24 3 5 16 12 56 3 5 6 12 18 6 34 36 12 12 24 27 21 55 1 17 18 9 4 12 27 31 4 18 11 13 37 8 25 16 10 44 23 4 21 6 23 39 22 44 22 40 40 21 12 2 7 21 21 40 10 6 4 39 44 3 21 44 21 10 8 6 44 40 7 22 23 45 23 39 7 1 39 23 40 39 39 4 12 5 38 44 5 5 40 45 2 12 3 46 40 22 6 40 12 8 5 4 4 6 41 4 12 5 22 39 4 6 4 40
itemClass_demand 1 1 1 1 1 1 1 1 1 1 1 1 1 1 1 1 1 1 1 1 1 1 1 1 1 1 1 1 1 1 1 1 1 1 1 1 1 1 1 1 1 1 1 1 1 1 1 1 1 1 1 1 1 1 1 1 1 1 1 1 1 1 1 1 1 1 1 1 1 1 1 1 1 1 1 1 1 1 1 1 1 1 1 1 1 1 1 1 1 1 1 1 1 1 1 1 1 1 1 1 1 1 1 1 1 1 1 1 1 1 1 1 1 1 1 1 1 1 1 1 1 1 1 1 1 1 1 1 1 1 1 1 1 1 1 1 1 1 1 1 1 1 1 1 1 1 1 1 1 1 1 1 1 1 1 1 1 1 1 1 1 1 1 1 1 1 1 1 1 1 1 1 1 1 1 1 1 1 1 1 1 1 1 1 1 1 1 1 1 1 1 1 1 1 1 1 1 1 1 1
binNumber 10000
binClassNumber 1
binClass_widthVector 200
binClass_lengthVector 200
binClass_disponibility 1000
itemClass_weight 960 3520 6240 320 1760 640 3520 6400 1120 7200 320 15400 5000 1400 800 3200 3600 400 4000 3600 1400 1200 320 4640 13760 160 800 960 800 1120 1920 4480 3040 6000 600 7000 1000 6200 2400 1200 9200 1200 1400 3800 850 2210 1360 3230 11390 680 510 170 1700 6630 5270 570 2850 4180 11210 2090 9310 760 760 190 1520 4560 3060 3240 2880 4500 1260 6660 1620 540 540 10440 1260 4940 7790 3230 2660 4180 2280 3800 4560 570 950 3040 2160 10080 540 900 1080 2160 3240 1080 6120 6480 2160 2400 4800 5400 4200 11000 200 3400 3600 1800 800 2400 4590 5270 680 3060 1870 2210 6290 1360 4250 2720 1700 7260 4048 708 3570 1038 3864 6864 3850 7392 3872 6760 6600 3381 2052 326 1148 3675 3633 6840 1620 984 676 6318 7612 528 3528 7304 3507 1760 1336 1032 7788 6440 1190 3586 4025 7875 3772 6435 1169 172 6708 3726 7040 6825 6630 692 2076 860 6270 7172 880 870 6520 7425 344 2112 516 8004 7000 3564 1032 7000 1992 1408 835 644 684 984 6929 676 1956 805 3850 6552 648 984 672 6560
