itemNumber 200
itemClassNumber 200
itemClass_widthVector 19 18 17 16 15 14 13 12 11 10 9 19 18 17 16 15 14 13 12 11 10 9 18 17 16 15 14 13 12 11 10 9 8 18 17 16 15 14 13 12 11 10 9 8 17 16 15 14 13 12 11 10 9 8 7 17 16 15 14 13 12 11 10 9 8 7 16 15 14 13 12 11 10 9 8 7 6 18 17 16 15 14 13 12 11 10 9 8 20 19 18 17 16 15 14 13 12 11 10 18 17 16 15 14 13 12 11 10 9 8 20 19 18 17 16 15 14 13 12 11 10 14 17 20 14 19 21 19 19 18 19 19 13 19 12 13 12 13 17 19 16 14 16 14 17 12 19 15 12 15 16 12 13 15 20 18 20 20 14 16 15 18 16 14 16 13 16 21 20 19 17 17 14 13 15 12 20 13 21 18 12 19 21 13 18 11 20 14 20 17 15 21 19 13 16 19 16 12 17 21
itemClass_lengthVector 11 10 23 42 12 44 16 22 1 6 13 23 30 1 4 11 6 33 65 13 12 2 1 6 22 3 29 48 40 4 36 7 4 18 6 14 7 5 52 47 15 16 16 4 23 66 5 40 11 7 21 4 12 10 1 23 6 26 2 13 3 6 5 30 48 38 25 11 39 20 1 7 28 13 27 24 5 4 12 21 17 19 3 15 9 16 41 43 44 27 19 37 24 2 3 14 14 14 2 22 23 55 17 5 2 16 1 3 8 48 14 2 10 91 9 29 9 10 6 7 13 16 41 9 23 10 11 23 10 22 9 10 23 9 2 22 1 22 11 23 11 21 44 15 12 6 23 43 1 45 44 1 1 45 11 41 9 11 17 44 44 24 13 23 12 22 43 12 12 10 43 43 15 22 16 1 10 23 12 22 5 23 10 22 22 6 11 16 11 12 45 12 9 23 12 24 45 1 41 11
itemClass_demand 1 1 1 1 1 1 1 1 1 1 1 1 1 1 1 1 1 1 1 1 1 1 1 1 1 1 1 1 1 1 1 1 1 1 1 1 1 1 1 1 1 1 1 1 1 1 1 1 1 1 1 1 1 1 1 1 1 1 1 1 1 1 1 1 1 1 1 1 1 1 1 1 1 1 1 1 1 1 1 1 1 1 1 1 1 1 1 1 1 1 1 1 1 1 1 1 1 1 1 1 1 1 1 1 1 1 1 1 1 1 1 1 1 1 1 1 1 1 1 1 1 1 1 1 1 1 1 1 1 1 1 1 1 1 1 1 1 1 1 1 1 1 1 1 1 1 1 1 1 1 1 1 1 1 1 1 1 1 1 1 1 1 1 1 1 1 1 1 1 1 1 1 1 1 1 1 1 1 1 1 1 1 1 1 1 1 1 1 1 1 1 1 1 1 1 1 1 1 1 1
binNumber 10000
binClassNumber 1
binClass_widthVector 200
binClass_lengthVector 200
binClass_disponibility 1000
itemClass_weight 2090 1900 4370 7980 2280 8360 3040 4180 190 1140 2470 4370 5700 190 760 2090 1140 6270 12350 2470 2280 380 180 1080 3960 540 5220 8640 7200 720 6480 1260 720 3240 1080 2520 1260 900 9360 8460 2700 2880 2880 720 3910 11220 850 6800 1870 1190 3570 680 2040 1700 170 3910 1020 4420 340 2210 510 1020 850 5100 8160 6460 4000 1760 6240 3200 160 1120 4480 2080 4320 3840 800 720 2160 3780 3060 3420 540 2700 1620 2880 7380 7740 8800 5400 3800 7400 4800 400 600 2800 2800 2800 400 3960 4140 9900 3060 900 360 2880 180 540 1440 8640 2800 400 2000 18200 1800 5800 1800 2000 1200 1400 2600 3088 7913 1890 4393 2010 2299 4485 2050 4268 1737 1910 4646 1791 382 4268 199 4224 2112 4393 2211 4410 8932 2985 2520 1218 4416 8643 197 8685 8668 191 198 9225 2123 7872 1764 2233 3519 8668 9240 4584 2587 4439 2484 4312 9030 2424 2496 2010 8772 8987 3030 4444 3152 209 1980 4761 2376 4598 1000 4669 1980 4422 4554 1218 2200 3360 2277 2520 8865 2400 1773 4577 2292 4776 9045 195 8077 2222
