itemNumber 150
itemClassNumber 150
itemClass_widthVector 15 14 13 12 11 10 9 8 7 18 17 16 15 14 13 12 11 10 19 18 17 16 15 14 13 12 11 16 15 14 13 12 11 10 9 8 16 15 14 13 12 11 10 9 8 17 16 15 14 13 12 11 10 9 17 16 15 14 13 12 11 10 9 14 13 12 11 10 9 8 7 6 18 17 16 15 14 13 12 11 10 14 14 16 17 13 11 10 16 14 9 13 12 16 10 12 13 14 16 10 17 10 14 14 17 9 15 13 9 9 15 13 14 9 14 15 10 14 12 17 14 15 13 10 13 13 12 15 13 9 12 15 12 17 13 15 15 9 10 13 13 15 15 14 12 11 12 13 16 14
itemClass_lengthVector 31 27 10 10 3 20 1 18 30 8 14 10 21 18 16 11 6 46 27 5 24 10 7 43 9 4 21 44 36 19 10 8 6 2 12 13 5 13 19 32 44 13 20 1 3 11 14 24 17 34 21 15 8 6 1 8 21 8 13 8 6 64 21 51 12 31 5 1 26 5 9 10 14 13 7 3 15 3 12 58 25 10 11 32 32 3 19 1 26 10 18 2 4 31 1 21 2 11 27 1 31 2 9 9 30 17 11 10 17 19 11 3 9 18 9 26 2 10 21 30 10 28 4 1 9 11 21 28 9 18 19 10 19 30 11 10 9 17 1 9 11 9 26 11 4 19 2 3 31 11
itemClass_demand 1 1 1 1 1 1 1 1 1 1 1 1 1 1 1 1 1 1 1 1 1 1 1 1 1 1 1 1 1 1 1 1 1 1 1 1 1 1 1 1 1 1 1 1 1 1 1 1 1 1 1 1 1 1 1 1 1 1 1 1 1 1 1 1 1 1 1 1 1 1 1 1 1 1 1 1 1 1 1 1 1 1 1 1 1 1 1 1 1 1 1 1 1 1 1 1 1 1 1 1 1 1 1 1 1 1 1 1 1 1 1 1 1 1 1 1 1 1 1 1 1 1 1 1 1 1 1 1 1 1 1 1 1 1 1 1 1 1 1 1 1 1 1 1 1 1 1 1 1 1
binNumber 10000
binClassNumber 1
binClass_widthVector 150
binClass_lengthVector 150
binClass_disponibility 1000
itemClass_weight 4650 4050 1500 1500 450 3000 150 2700 4500 1440 2520 1800 3780 3240 2880 1980 1080 8280 5130 950 4560 1900 1330 8170 1710 760 3990 7040 5760 3040 1600 1280 960 320 1920 2080 800 2080 3040 5120 7040 2080 3200 160 480 1870 2380 4080 2890 5780 3570 2550 1360 1020 170 1360 3570 1360 2210 1360 1020 10880 3570 7140 1680 4340 700 140 3640 700 1260 1400 2520 2340 1260 540 2700 540 2160 10440 4500 1530 1705 5184 5280 459 2907 156 3952 1510 2718 316 632 4774 160 3171 320 1661 4401 157 4898 316 1377 1368 4920 2601 1815 1620 2737 2888 1705 456 1440 2916 1413 4160 324 1620 3234 4770 1570 4564 616 153 1467 1705 3234 4424 1494 2754 3021 1540 3059 4710 1782 1520 1449 2635 160 1431 1727 1431 3926 1672 632 2888 328 474 5115 1727
