itemNumber 600
itemClassNumber 600
itemClass_widthVector 31 30 29 28 27 26 25 24 23 22 21 20 19 18 17 16 15 14 37 36 35 34 33 32 31 30 29 28 27 26 25 24 23 22 21 20 34 33 32 31 30 29 28 27 26 25 24 23 22 21 20 19 18 17 30 29 28 27 26 25 24 23 22 21 20 19 18 17 16 15 14 13 30 29 28 27 26 25 24 23 22 21 20 19 18 17 16 15 14 13 32 31 30 29 28 27 26 25 24 23 22 21 20 19 18 17 16 15 37 36 35 34 33 32 31 30 29 28 27 26 25 24 23 22 21 20 35 34 33 32 31 30 29 28 27 26 25 24 23 22 21 20 19 18 35 34 33 32 31 30 29 28 27 26 25 24 23 22 21 20 19 18 30 29 28 27 26 25 24 23 22 21 20 19 18 17 16 15 14 13 34 33 32 31 30 29 28 27 26 25 24 23 22 21 20 19 18 17 37 36 35 34 33 32 31 30 29 28 27 26 25 24 23 22 21 20 33 32 31 30 29 28 27 26 25 24 23 22 21 20 19 18 17 16 36 35 34 33 32 31 30 29 28 27 26 25 24 23 22 21 20 19 31 30 29 28 27 26 25 24 23 22 21 20 19 18 17 16 15 14 33 32 31 30 29 28 27 26 25 24 23 22 21 20 19 18 17 16 34 33 32 31 30 29 28 27 26 25 24 23 22 21 20 19 18 17 31 30 29 28 27 26 25 24 23 22 21 20 19 18 17 16 15 14 33 34 20 27 29 24 17 26 16 17 30 26 22 26 28 28 24 27 32 30 24 32 25 23 22 20 30 27 32 26 27 34 21 34 25 17 34 27 21 20 29 17 26 23 27 31 22 24 20 27 20 17 29 27 33 31 18 17 18 29 27 30 33 30 23 25 18 19 23 30 34 19 34 26 34 32 27 26 24 23 26 34 31 22 30 19 24 34 27 32 33 23 24 27 19 20 28 26 21 18 27 28 27 18 24 17 19 29 32 27 17 31 31 33 31 26 22 31 29 20 30 27 27 20 22 26 28 24 24 34 24 28 27 35 19 17 33 27 26 28 34 28 31 24 27 30 20 16 19 34 26 28 17 24 19 29 29 21 28 25 31 25 33 33 26 18 29 35 33 19 26 17 32 16 30 31 25 22 18 25 32 34 18 29 19 27 20 24 17 28 21 24 29 31 17 19 31 18 18 30 18 21 28 28 23 27 26 18 26 23 29 22 23 20 18 25 28 32 34 30 31 33 27 28 24 19 32 30 24 23 28 17 24 31 26 30 34 17 28 27 21 17 16 17 25 32 33 23 19 24 29 28 26 20 31 34 30 20 26 17 19 18 26 18 20 18 18 30 32 24 30 21 23 22 21 22
itemClass_lengthVector 47 49 1 3 99 3 4 51 42 45 26 1 49 15 21 43 29 72 13 5 38 74 44 16 4 103 17 27 43 3 12 102 34 6 31 28 19 4 104 50 16 65 3 2 75 32 51 11 31 37 15 15 21 49 7 24 28 5 51 44 3 25 11 78 22 73 9 81 49 64 10 16 21 11 39 15 45 10 24 29 78 179 1 6 5 11 17 21 53 35 33 1 20 26 37 45 16 37 30 11 89 7 28 30 34 105 12 39 5 5 158 25 54 78 9 57 5 12 44 87 5 21 10 8 4 13 33 28 1 18 15 20 8 50 10 48 70 116 32 34 73 23 9 12 3 8 18 3 21 17 20 53 89 39 74 4 4 17 77 28 22 103 3 109 11 33 3 6 16 40 177 5 79 4 12 28 18 11 35 10 43 9 17 60 6 17 47 69 12 57 37 16 10 22 78 33 5 62 2 10 19 32 7 70 9 53 68 11 1 44 15 40 86 25 94 14 73 51 51 29 58 10 8 22 37 16 54 40 15 26 65 2 1 42 3 87 3 33 50 12 2 33 4 132 7 2 26 94 1 72 30 9 2 57 4 2 16 12 22 66 89 3 53 35 80 9 67 3 27 53 13 12 7 40 30 8 12 17 19 22 38 46 6 13 126 92 72 27 28 8 87 75 34 18 10 51 12 50 13 21 10 30 64 73 7 9 13 14 34 6 45 53 19 176 12 72 1 47 1 5 30 12 5 55 48 48 15 3 2 42 43 41 28 28 2 5 27 3 5 100 44 5 1 100 45 49 44 1 2 15 100 5 46 42 5 49 1 48 43 30 46 3 1 50 4 28 41 1 2 48 1 43 15 50 16 29 4 3 47 49 22 42 44 99 51 4 48 4 27 42 21 15 2 2 48 14 46 3 48 1 3 41 46 45 4 48 4 2 2 22 26 47 2 47 48 44 27 2 20 49 99 52 49 20 4 98 51 21 25 43 15 98 46 2 44 4 2 47 4 43 25 49 3 50 99 2 2 16 1 42 5 42 44 46 44 5 3 48 20 43 46 3 41 98 49 3 4 43 50 2 15 28 20 50 4 3 28 43 22 98 2 49 4 52 50 46 50 48 41 20 100 47 46 14 4 42 2 29 100 3 50 27 42 51 47 48 43 4 22 51 14 27 42 99 48 25 99 2 42 16 50 22 21 1 20 48 3 2 27 2 5 20 4 25 3 1 27 14 22 50 2 47 50 2 50 46 4 3 41 21 1 3 46 1 2 28 43 1 51 98 48 30 2 52 50 28 29 43 45 1 50 1 20 41 3 4 50 48 2 49 1 50 4 29 21 21 41 44 14 44 44 3 47 44 2 49 1 1 49 1
itemClass_demand 1 1 1 1 1 1 1 1 1 1 1 1 1 1 1 1 1 1 1 1 1 1 1 1 1 1 1 1 1 1 1 1 1 1 1 1 1 1 1 1 1 1 1 1 1 1 1 1 1 1 1 1 1 1 1 1 1 1 1 1 1 1 1 1 1 1 1 1 1 1 1 1 1 1 1 1 1 1 1 1 1 1 1 1 1 1 1 1 1 1 1 1 1 1 1 1 1 1 1 1 1 1 1 1 1 1 1 1 1 1 1 1 1 1 1 1 1 1 1 1 1 1 1 1 1 1 1 1 1 1 1 1 1 1 1 1 1 1 1 1 1 1 1 1 1 1 1 1 1 1 1 1 1 1 1 1 1 1 1 1 1 1 1 1 1 1 1 1 1 1 1 1 1 1 1 1 1 1 1 1 1 1 1 1 1 1 1 1 1 1 1 1 1 1 1 1 1 1 1 1 1 1 1 1 1 1 1 1 1 1 1 1 1 1 1 1 1 1 1 1 1 1 1 1 1 1 1 1 1 1 1 1 1 1 1 1 1 1 1 1 1 1 1 1 1 1 1 1 1 1 1 1 1 1 1 1 1 1 1 1 1 1 1 1 1 1 1 1 1 1 1 1 1 1 1 1 1 1 1 1 1 1 1 1 1 1 1 1 1 1 1 1 1 1 1 1 1 1 1 1 1 1 1 1 1 1 1 1 1 1 1 1 1 1 1 1 1 1 1 1 1 1 1 1 1 1 1 1 1 1 1 1 1 1 1 1 1 1 1 1 1 1 1 1 1 1 1 1 1 1 1 1 1 1 1 1 1 1 1 1 1 1 1 1 1 1 1 1 1 1 1 1 1 1 1 1 1 1 1 1 1 1 1 1 1 1 1 1 1 1 1 1 1 1 1 1 1 1 1 1 1 1 1 1 1 1 1 1 1 1 1 1 1 1 1 1 1 1 1 1 1 1 1 1 1 1 1 1 1 1 1 1 1 1 1 1 1 1 1 1 1 1 1 1 1 1 1 1 1 1 1 1 1 1 1 1 1 1 1 1 1 1 1 1 1 1 1 1 1 1 1 1 1 1 1 1 1 1 1 1 1 1 1 1 1 1 1 1 1 1 1 1 1 1 1 1 1 1 1 1 1 1 1 1 1 1 1 1 1 1 1 1 1 1 1 1 1 1 1 1 1 1 1 1 1 1 1 1 1 1 1 1 1 1 1 1 1 1 1 1 1 1 1 1 1 1 1 1 1 1 1 1 1 1 1 1 1 1 1 1 1 1 1 1 1 1 1 1 1 1 1 1 1 1 1 1 1 1 1 1 1 1 1 1 1 1 1 1 1 1 1 1 1 1 1 1 1 1 1 1
binNumber 10000
binClassNumber 1
binClass_widthVector 600
binClass_lengthVector 600
binClass_disponibility 1000
itemClass_weight 14570 15190 310 930 30690 930 1240 15810 13020 13950 8060 310 15190 4650 6510 13330 8990 22320 4810 1850 14060 27380 16280 5920 1480 38110 6290 9990 15910 1110 4440 37740 12580 2220 11470 10360 6460 1360 35360 17000 5440 22100 1020 680 25500 10880 17340 3740 10540 12580 5100 5100 7140 16660 2100 7200 8400 1500 15300 13200 900 7500 3300 23400 6600 21900 2700 24300 14700 19200 3000 4800 6300 3300 11700 4500 13500 3000 7200 8700 23400 53700 300 1800 1500 3300 5100 6300 15900 10500 10560 320 6400 8320 11840 14400 5120 11840 9600 3520 28480 2240 8960 9600 10880 33600 3840 12480 1850 1850 58460 9250 19980 28860 3330 21090 1850 4440 16280 32190 1850 7770 3700 2960 1480 4810 11550 9800 350 6300 5250 7000 2800 17500 3500 16800 24500 40600 11200 11900 25550 8050 3150 4200 1050 2800 6300 1050 7350 5950 7000 18550 31150 13650 25900 1400 1400 5950 26950 9800 7700 36050 900 32700 3300 9900 900 1800 4800 12000 53100 1500 23700 1200 3600 8400 5400 3300 10500 3000 14620 3060 5780 20400 2040 5780 15980 23460 4080 19380 12580 5440 3400 7480 26520 11220 1700 21080 740 3700 7030 11840 2590 25900 3330 19610 25160 4070 370 16280 5550 14800 31820 9250 34780 5180 24090 16830 16830 9570 19140 3300 2640 7260 12210 5280 17820 13200 4950 8580 21450 660 330 13860 1080 31320 1080 11880 18000 4320 720 11880 1440 47520 2520 720 9360 33840 360 25920 10800 3240 620 17670 1240 620 4960 3720 6820 20460 27590 930 16430 10850 24800 2790 20770 930 8370 16430 4290 3960 2310 13200 9900 2640 3960 5610 6270 7260 12540 15180 1980 4290 41580 30360 23760 8910 9520 2720 29580 25500 11560 6120 3400 17340 4080 17000 4420 7140 3400 10200 21760 24820 2380 3060 4030 4340 10540 1860 13950 16430 5890 54560 3720 22320 310 14570 310 1550 9300 3720 1550 17050 14928 15216 5115 960 650 13986 14362 12874 9408 8736 636 1705 9153 993 1645 31200 14256 1710 321 32300 15120 15827 14872 331 672 4935 32700 1610 14950 13062 1570 15582 329 15312 13588 9540 14904 936 337 15700 1304 8988 13653 325 678 15024 336 14491 5025 15800 5072 9338 1268 978 14711 16121 7106 13062 14344 33363 16524 1360 15744 1300 8910 13902 6678 4875 626 642 14976 4522 14766 972 16128 334 1014 13735 14306 13995 1276 15984 1292 662 636 6996 8476 14946 622 15933 15744 14344 8856 652 6840 15435 30987 16224 15778 6620 1292 33418 15861 6678 8275 13545 5115 30772 14490 646 13904 1332 682 15134 1364 13975 8450 15582 951 16800 33561 622 660 5056 326 14028 1655 14070 14828 15502 14476 1645 933 15456 6680 13932 15640 1002 13981 31654 16170 990 1368 14706 16250 676 4875 9520 6780 16650 1364 990 9128 14276 7348 33516 630 15484 1256 17524 16950 15226 16800 15600 12751 6800 32100 15040 14628 4382 1288 13776 646 9483 33400 1026 16500 9072 14196 17238 15698 16272 13803 1360 7326 17391 4480 9045 13188 31680 15744 8375 32967 648 13608 5168 15600 7260 6993 339 6420 15600 1014 632 8748 670 1605 6280 1360 8325 957 330 8532 4676 7370 16900 648 14852 16550 638 16500 15272 1244 942 12751 6846 312 969 15456 312 652 9576 14319 327 17442 31262 15408 10200 680 16796 15550 9268 9454 14319 14400 318 15650 324 6520 13735 957 1244 16750 16176 636 16513 324 16600 1312 9251 6783 6972 13243 14608 4760 14080 13772 1020 15463 13948 652 15484 325 311 16219 319
