itemNumber 160
itemClassNumber 160
itemClass_widthVector 17 16 15 14 13 12 11 10 9 17 16 15 14 13 12 11 10 9 17 16 15 14 13 12 11 10 9 18 17 16 15 14 13 12 11 10 18 17 16 15 14 13 12 11 10 19 18 17 16 15 14 13 12 11 19 18 17 16 15 14 13 12 11 18 17 16 15 14 13 12 11 10 17 16 15 14 13 12 11 10 9 17 15 18 12 17 18 16 15 16 18 17 18 15 19 17 12 11 15 18 18 12 17 18 15 12 13 15 12 16 12 17 16 19 16 17 17 13 14 16 11 16 15 12 15 12 12 18 12 15 17 14 16 11 14 11 17 19 12 19 14 16 17 15 15 17 16 19 16 18 16 14 12 17 14 15 16 16 14 14
itemClass_lengthVector 41 55 5 10 3 17 9 9 11 7 28 10 1 14 1 23 60 16 64 8 31 16 7 2 1 7 24 69 9 2 43 7 3 11 14 2 13 3 12 31 11 64 14 4 8 7 4 7 4 8 15 19 29 67 2 8 19 10 25 10 15 69 2 7 17 3 6 25 23 34 7 38 9 6 19 2 6 2 21 78 17 56 4 40 8 54 40 9 4 11 42 4 42 4 42 55 8 8 2 54 56 8 55 56 11 8 17 3 10 9 10 55 5 40 11 6 6 18 2 10 9 5 3 9 11 10 10 54 8 10 4 4 9 10 17 8 5 40 10 41 16 11 5 3 4 56 6 40 11 54 10 17 9 6 3 10 5 10 17 4
itemClass_demand 1 1 1 1 1 1 1 1 1 1 1 1 1 1 1 1 1 1 1 1 1 1 1 1 1 1 1 1 1 1 1 1 1 1 1 1 1 1 1 1 1 1 1 1 1 1 1 1 1 1 1 1 1 1 1 1 1 1 1 1 1 1 1 1 1 1 1 1 1 1 1 1 1 1 1 1 1 1 1 1 1 1 1 1 1 1 1 1 1 1 1 1 1 1 1 1 1 1 1 1 1 1 1 1 1 1 1 1 1 1 1 1 1 1 1 1 1 1 1 1 1 1 1 1 1 1 1 1 1 1 1 1 1 1 1 1 1 1 1 1 1 1 1 1 1 1 1 1 1 1 1 1 1 1 1 1 1 1 1 1
binNumber 10000
binClassNumber 1
binClass_widthVector 160
binClass_lengthVector 160
binClass_disponibility 1000
itemClass_weight 6970 9350 850 1700 510 2890 1530 1530 1870 1190 4760 1700 170 2380 170 3910 10200 2720 10880 1360 5270 2720 1190 340 170 1190 4080 12420 1620 360 7740 1260 540 1980 2520 360 2340 540 2160 5580 1980 11520 2520 720 1440 1330 760 1330 760 1520 2850 3610 5510 12730 380 1520 3610 1900 4750 1900 2850 13110 380 1260 3060 540 1080 4500 4140 6120 1260 6840 1530 1020 3230 340 1020 340 3570 13260 2890 10192 716 7320 1496 9396 6960 1665 708 2024 7728 728 7644 720 7308 9405 1488 1368 360 9558 10248 1464 9570 10248 1881 1440 3094 552 1830 1611 1740 10340 865 7320 2035 1044 1044 3366 370 1750 1647 930 552 1557 2013 1810 1760 9558 1464 1860 744 740 1539 1860 3179 1456 875 7320 1750 7011 2960 2046 865 543 748 10248 1080 7520 1892 9828 1730 2992 1665 1062 522 1820 875 1830 3111 728
