itemNumber 700
itemClassNumber 700
itemClass_widthVector 34 33 32 31 30 29 28 27 26 25 24 23 22 21 20 19 18 17 16 36 35 34 33 32 31 30 29 28 27 26 25 24 23 22 21 20 19 18 37 36 35 34 33 32 31 30 29 28 27 26 25 24 23 22 21 20 19 36 35 34 33 32 31 30 29 28 27 26 25 24 23 22 21 20 19 18 37 36 35 34 33 32 31 30 29 28 27 26 25 24 23 22 21 20 19 34 33 32 31 30 29 28 27 26 25 24 23 22 21 20 19 18 17 16 40 39 38 37 36 35 34 33 32 31 30 29 28 27 26 25 24 23 22 37 36 35 34 33 32 31 30 29 28 27 26 25 24 23 22 21 20 19 40 39 38 37 36 35 34 33 32 31 30 29 28 27 26 25 24 23 22 38 37 36 35 34 33 32 31 30 29 28 27 26 25 24 23 22 21 20 39 38 37 36 35 34 33 32 31 30 29 28 27 26 25 24 23 22 21 34 33 32 31 30 29 28 27 26 25 24 23 22 21 20 19 18 17 16 37 36 35 34 33 32 31 30 29 28 27 26 25 24 23 22 21 20 19 36 35 34 33 32 31 30 29 28 27 26 25 24 23 22 21 20 19 18 38 37 36 35 34 33 32 31 30 29 28 27 26 25 24 23 22 21 20 37 36 35 34 33 32 31 30 29 28 27 26 25 24 23 22 21 20 19 37 36 35 34 33 32 31 30 29 28 27 26 25 24 23 22 21 20 19 38 37 36 35 34 33 32 31 30 29 28 27 26 25 24 23 22 21 20 35 34 33 32 31 30 29 28 27 26 25 24 23 22 21 20 19 18 17 24 24 23 19 31 32 36 32 29 36 38 32 30 26 33 27 27 19 30 33 23 28 24 34 26 34 21 36 31 27 28 24 38 18 31 23 34 24 35 18 34 31 29 37 25 35 26 19 26 19 27 29 19 35 27 22 34 35 38 32 23 30 22 29 21 35 20 27 19 35 34 18 19 20 37 22 22 32 27 24 32 21 20 21 28 31 21 33 26 28 30 30 24 27 23 25 31 22 34 18 27 23 36 28 36 30 19 34 19 30 28 20 25 34 27 29 31 28 28 18 23 36 33 24 27 26 25 37 22 30 24 37 29 19 20 28 22 30 27 29 18 36 30 30 19 29 30 20 19 36 25 33 33 31 34 20 23 19 35 20 26 28 19 35 26 25 30 24 19 25 35 27 30 21 24 19 37 20 20 34 18 26 24 18 35 26 27 30 30 23 34 20 37 33 30 24 27 26 27 33 30 38 21 30 21 23 33 25 22 30 22 27 23 34 37 19 21 21 27 22 21 26 34 27 30 35 28 36 19 35 34 28 22 29 28 29 19 27 28 30 26 32 19 20 37 35 27 25 24 23 27 26 30 31 33 36 21 34 21 23 31 32 31 24 21 22 30 32 23 35 28 23 34 18 19 21 29 29 26 33 25 37 23 18 34 26 29 21 36 23 32 28 27 33 23 26 35 34 38 31 26 33 22 35 30 19 18 31 33 19 26 25 25 20 24 32 23 35 36 19 36 21 25 26 28 26 25 23 21 30 33 30 35 24 34 26 34 20 36
itemClass_lengthVector 11 18 43 14 40 39 4 41 71 1 64 46 22 151 45 58 12 2 18 29 67 21 5 44 7 144 79 26 14 12 19 4 21 5 42 9 53 99 26 10 8 54 3 93 4 65 7 40 10 45 33 83 2 60 31 70 56 33 130 40 48 3 68 54 18 4 102 3 18 39 7 8 36 17 33 39 18 30 45 39 19 26 51 134 16 51 7 20 99 16 39 53 10 12 15 5 16 63 70 101 23 11 15 85 72 19 28 13 20 63 4 54 36 2 27 5 40 133 46 6 92 37 8 4 31 4 16 39 103 25 46 35 3 52 58 70 28 16 95 23 15 16 9 12 78 13 25 38 69 8 73 2 135 47 52 19 64 27 15 1 1 52 30 45 47 34 34 3 14 31 49 61 22 39 13 65 11 37 125 13 103 57 6 4 1 2 44 3 36 58 16 25 23 43 63 38 42 38 38 36 1 23 77 61 24 1 5 94 52 11 25 26 54 31 55 8 9 16 5 20 23 35 85 122 124 27 14 10 30 98 77 62 31 16 13 6 83 19 55 16 11 28 53 57 2 15 28 96 117 59 16 51 30 23 5 35 34 19 8 29 11 49 4 31 57 26 13 6 22 25 22 22 21 22 58 5 12 76 30 2 83 102 50 4 125 43 147 1 6 2 23 34 24 11 39 95 54 8 11 27 33 118 18 6 18 12 10 24 14 89 86 85 6 22 25 107 25 20 2 16 26 33 80 90 19 4 7 2 100 10 70 17 11 12 46 11 1 57 162 33 9 39 88 57 15 12 32 2 70 9 2 40 84 92 28 14 66 7 15 65 2 22 21 45 3 38 39 12 39 5 18 12 13 40 64 40 72 1 13 4 44 45 40 152 40 1 18 44 19 40 72 41 151 11 2 40 44 44 150 19 1 42 39 5 19 22 14 63 11 63 12 70 3 11 14 65 44 13 10 10 39 23 41 45 72 57 19 13 64 3 11 15 1 3 13 10 45 44 41 2 150 40 58 59 57 42 5 44 39 47 1 39 42 22 72 21 47 40 46 13 2 1 45 12 70 17 5 11 15 11 39 71 13 46 15 72 42 38 71 2 1 45 11 40 23 1 1 45 18 46 4 152 19 71 12 13 1 150 41 71 5 2 19 42 40 11 5 38 57 11 10 21 42 41 40 15 57 45 3 11 11 47 1 13 12 1 64 39 21 3 46 12 64 4 57 47 11 18 58 11 18 1 63 23 1 13 65 64 3 38 22 17 12 17 15 41 151 1 1 70 13 42 10 57 42 46 21 42 47 44 3 46 1 22 43 11 2 57 57 71 150 45 1 42 71 38 13 42 10 1 17 18 71 150 42 2 40 11 1 42 40 64 39 1 57 18 14 71 22 47 152 72 1 40 39 13 11 46 40 46 151 3 38 5 47 46 151 5 38 151 18 72 45 15 1 13 44 42 71 2 44 21 10 23 1 15 1 71 58 10 46 38 71 64 41 45 1 11 13 12 40 63 39 46 44 5 12 2 3 13 3 45 65 22 11 45 38 21 18 10 3 44 58 64 1 42 45 65 150 59 38 14 42 11 22 40 65 17 59 17
itemClass_demand 1 1 1 1 1 1 1 1 1 1 1 1 1 1 1 1 1 1 1 1 1 1 1 1 1 1 1 1 1 1 1 1 1 1 1 1 1 1 1 1 1 1 1 1 1 1 1 1 1 1 1 1 1 1 1 1 1 1 1 1 1 1 1 1 1 1 1 1 1 1 1 1 1 1 1 1 1 1 1 1 1 1 1 1 1 1 1 1 1 1 1 1 1 1 1 1 1 1 1 1 1 1 1 1 1 1 1 1 1 1 1 1 1 1 1 1 1 1 1 1 1 1 1 1 1 1 1 1 1 1 1 1 1 1 1 1 1 1 1 1 1 1 1 1 1 1 1 1 1 1 1 1 1 1 1 1 1 1 1 1 1 1 1 1 1 1 1 1 1 1 1 1 1 1 1 1 1 1 1 1 1 1 1 1 1 1 1 1 1 1 1 1 1 1 1 1 1 1 1 1 1 1 1 1 1 1 1 1 1 1 1 1 1 1 1 1 1 1 1 1 1 1 1 1 1 1 1 1 1 1 1 1 1 1 1 1 1 1 1 1 1 1 1 1 1 1 1 1 1 1 1 1 1 1 1 1 1 1 1 1 1 1 1 1 1 1 1 1 1 1 1 1 1 1 1 1 1 1 1 1 1 1 1 1 1 1 1 1 1 1 1 1 1 1 1 1 1 1 1 1 1 1 1 1 1 1 1 1 1 1 1 1 1 1 1 1 1 1 1 1 1 1 1 1 1 1 1 1 1 1 1 1 1 1 1 1 1 1 1 1 1 1 1 1 1 1 1 1 1 1 1 1 1 1 1 1 1 1 1 1 1 1 1 1 1 1 1 1 1 1 1 1 1 1 1 1 1 1 1 1 1 1 1 1 1 1 1 1 1 1 1 1 1 1 1 1 1 1 1 1 1 1 1 1 1 1 1 1 1 1 1 1 1 1 1 1 1 1 1 1 1 1 1 1 1 1 1 1 1 1 1 1 1 1 1 1 1 1 1 1 1 1 1 1 1 1 1 1 1 1 1 1 1 1 1 1 1 1 1 1 1 1 1 1 1 1 1 1 1 1 1 1 1 1 1 1 1 1 1 1 1 1 1 1 1 1 1 1 1 1 1 1 1 1 1 1 1 1 1 1 1 1 1 1 1 1 1 1 1 1 1 1 1 1 1 1 1 1 1 1 1 1 1 1 1 1 1 1 1 1 1 1 1 1 1 1 1 1 1 1 1 1 1 1 1 1 1 1 1 1 1 1 1 1 1 1 1 1 1 1 1 1 1 1 1 1 1 1 1 1 1 1 1 1 1 1 1 1 1 1 1 1 1 1 1 1 1 1 1 1 1 1 1 1 1 1 1 1 1 1 1 1 1 1 1 1 1 1 1 1 1 1 1 1 1 1 1 1 1 1 1 1 1 1 1 1 1 1 1 1 1 1 1 1 1 1 1 1 1 1 1 1 1 1 1 1 1 1 1 1 1 1 1 1 1 1 1 1 1 1 1 1 1 1 1 1 1 1 1 1 1 1 1 1 1 1 1 1 1 1 1 1 1 1 1 1 1 1 1 1 1 1 1 1 1 1 1 1 1 1
binNumber 10000
binClassNumber 1
binClass_widthVector 700
binClass_lengthVector 700
binClass_disponibility 1000
itemClass_weight 3740 6120 14620 4760 13600 13260 1360 13940 24140 340 21760 15640 7480 51340 15300 19720 4080 680 6120 10440 24120 7560 1800 15840 2520 51840 28440 9360 5040 4320 6840 1440 7560 1800 15120 3240 19080 35640 9620 3700 2960 19980 1110 34410 1480 24050 2590 14800 3700 16650 12210 30710 740 22200 11470 25900 20720 11880 46800 14400 17280 1080 24480 19440 6480 1440 36720 1080 6480 14040 2520 2880 12960 6120 11880 14040 6660 11100 16650 14430 7030 9620 18870 49580 5920 18870 2590 7400 36630 5920 14430 19610 3700 4440 5550 1700 5440 21420 23800 34340 7820 3740 5100 28900 24480 6460 9520 4420 6800 21420 1360 18360 12240 680 10800 2000 16000 53200 18400 2400 36800 14800 3200 1600 12400 1600 6400 15600 41200 10000 18400 14000 1200 19240 21460 25900 10360 5920 35150 8510 5550 5920 3330 4440 28860 4810 9250 14060 25530 2960 27010 740 54000 18800 20800 7600 25600 10800 6000 400 400 20800 12000 18000 18800 13600 13600 1200 5600 12400 19600 23180 8360 14820 4940 24700 4180 14060 47500 4940 39140 21660 2280 1520 380 760 16720 1140 13680 22040 6240 9750 8970 16770 24570 14820 16380 14820 14820 14040 390 8970 30030 23790 9360 390 1950 36660 20280 3740 8500 8840 18360 10540 18700 2720 3060 5440 1700 6800 7820 11900 28900 41480 42160 9180 4760 3400 11100 36260 28490 22940 11470 5920 4810 2220 30710 7030 20350 5920 4070 10360 19610 21090 740 5550 10360 34560 42120 21240 5760 18360 10800 8280 1800 12600 12240 6840 2880 10440 3960 17640 1440 11160 20520 9360 4940 2280 8360 9500 8360 8360 7980 8360 22040 1900 4560 28880 11400 760 31540 38760 19000 1520 47500 15910 54390 370 2220 740 8510 12580 8880 4070 14430 35150 19980 2960 4070 9990 12210 43660 6660 2220 6660 4440 3700 8880 5180 32930 31820 31450 2220 8140 9250 39590 9250 7400 740 5920 9620 12210 29600 34200 7220 1520 2660 760 38000 3800 26600 6460 4180 4560 17480 4180 380 21660 61560 12540 3420 14820 30800 19950 5250 4200 11200 700 24500 3150 700 14000 29400 32200 9800 4900 23100 2450 5250 22750 700 8140 7434 16425 1074 13642 13377 4176 14508 1770 6282 4428 4836 14120 22464 14880 26496 363 4459 1436 15048 16695 14560 51832 14360 341 6192 15400 7030 14000 25992 14391 55870 3817 684 13760 16148 15400 51750 6916 349 14868 14469 1720 6593 8140 5166 22428 3993 22302 4476 24080 1041 3971 4970 23010 16324 4524 3410 3650 13299 8395 14391 16875 25056 21375 6992 4849 22656 1110 4114 5475 351 1038 4498 3520 15930 16456 14391 698 51750 14880 20474 21535 20805 14616 1825 15444 13845 17249 354 14352 14700 7722 25416 7497 16262 15000 16008 4550 682 369 15930 4140 24010 6290 1830 3839 5370 3960 14274 25205 4472 16422 5280 26784 14826 13756 24708 686 364 15615 3751 13840 8533 363 370 15480 6642 15686 1380 54568 6954 25134 4116 4433 364 55800 14719 26625 1810 694 6878 15498 13840 4081 1775 13338 19437 3784 3730 7203 14952 13981 14360 5475 20406 16380 1107 4048 3982 16121 360 4446 4116 373 22400 13611 7581 1062 16146 4368 22592 1476 20406 16779 4004 6372 20822 3773 6264 364 21546 7981 346 4550 23335 23296 1077 14022 8118 5899 4260 6222 5355 14473 52850 366 351 23870 4446 14952 3550 21375 15456 16974 7602 14448 16967 16192 1119 16468 355 7502 15222 4048 730 20748 20349 25276 54900 16065 371 14826 24992 13794 4823 14994 3680 354 6154 6552 25276 52350 14322 682 14960 3883 349 15078 14560 21952 13806 350 20064 6336 4830 24424 7810 17249 53048 26640 371 14680 14508 4641 4092 16054 14520 16008 55417 1062 13908 1870 16309 15870 53907 1790 13642 52397 6390 24696 16200 5280 358 4784 16324 15246 24424 718 16148 7791 3590 7981 372 5325 349 25205 20764 3590 16422 13984 26199 23744 14432 15345 369 3982 4667 4440 15000 21609 14001 16836 16104 1785 4392 746 1089 4576 1095 16110 23660 8184 3850 15615 13452 7728 6714 3410 1047 16016 20880 22464 345 14490 16425 22750 54150 20709 13262 4830 15036 4070 8250 14520 23270 6358 21299 5899
