itemNumber 600
itemClassNumber 600
itemClass_widthVector 30 29 28 27 26 25 24 23 22 21 20 19 18 17 16 15 14 13 33 32 31 30 29 28 27 26 25 24 23 22 21 20 19 18 17 16 33 32 31 30 29 28 27 26 25 24 23 22 21 20 19 18 17 16 33 32 31 30 29 28 27 26 25 24 23 22 21 20 19 18 17 16 33 32 31 30 29 28 27 26 25 24 23 22 21 20 19 18 17 16 31 30 29 28 27 26 25 24 23 22 21 20 19 18 17 16 15 14 36 35 34 33 32 31 30 29 28 27 26 25 24 23 22 21 20 19 33 32 31 30 29 28 27 26 25 24 23 22 21 20 19 18 17 16 36 35 34 33 32 31 30 29 28 27 26 25 24 23 22 21 20 19 35 34 33 32 31 30 29 28 27 26 25 24 23 22 21 20 19 18 35 34 33 32 31 30 29 28 27 26 25 24 23 22 21 20 19 18 31 30 29 28 27 26 25 24 23 22 21 20 19 18 17 16 15 14 33 32 31 30 29 28 27 26 25 24 23 22 21 20 19 18 17 16 32 31 30 29 28 27 26 25 24 23 22 21 20 19 18 17 16 15 34 33 32 31 30 29 28 27 26 25 24 23 22 21 20 19 18 17 35 34 33 32 31 30 29 28 27 26 25 24 23 22 21 20 19 18 33 32 31 30 29 28 27 26 25 24 23 22 21 20 19 18 17 16 34 33 32 31 30 29 28 27 26 25 24 23 22 21 20 19 18 17 27 20 21 16 24 19 25 23 20 20 26 20 27 29 32 28 28 25 26 21 18 28 26 21 21 16 23 15 26 24 34 16 30 15 22 22 30 17 29 18 28 28 22 19 24 18 24 27 30 18 27 31 20 27 26 27 16 31 20 20 32 30 22 15 23 25 15 22 18 27 18 30 21 31 16 32 26 18 25 17 30 16 23 21 30 20 28 31 29 22 17 19 29 23 27 31 17 24 28 21 24 27 20 28 24 25 18 26 27 15 20 23 19 21 27 18 28 25 27 30 16 25 24 30 23 24 25 29 23 24 26 20 21 25 30 25 23 25 27 24 24 26 21 30 32 29 21 19 23 22 21 32 32 18 16 22 22 19 26 31 16 34 20 17 23 25 20 31 26 26 29 16 26 16 32 27 27 15 32 29 28 33 29 21 28 18 22 19 16 23 31 24 31 29 28 27 17 27 23 20 31 23 26 17 25 25 27 32 17 30 17 16 25 25 19 29 17 22 23 20 17 28 21 29 30 23 30 25 20 21 34 22 23 30 26 15 17 31 26 18 19 29 32 21 18 17 18 19 27 29 33 20 17 20 25 23 18 20 25 32 29 23 26 20 18 28 30 32 28 23 25 18 25 24 31 15
itemClass_lengthVector 11 18 43 14 40 28 11 4 41 71 1 64 46 22 115 36 33 2 29 67 21 5 44 7 115 29 79 26 14 31 4 21 5 42 9 52 36 8 54 3 93 69 7 40 46 9 12 21 83 2 60 31 10 16 33 130 40 48 48 23 18 36 2 16 4 102 3 18 39 7 8 25 18 30 5 40 16 23 19 26 51 35 99 16 51 7 20 99 16 29 1 4 16 63 55 15 101 23 11 15 85 72 19 28 13 20 21 38 27 5 40 52 81 46 6 92 37 8 4 31 4 16 39 45 58 9 52 58 27 43 28 16 58 37 23 15 16 9 12 78 13 25 38 52 16 26 72 68 71 26 34 4 27 15 1 1 52 30 45 47 34 31 83 10 16 13 13 2 63 32 5 136 110 2 4 57 23 1 26 4 52 17 38 63 13 11 14 42 38 64 10 72 3 57 30 30 18 28 3 8 25 18 85 47 16 24 9 1 4 7 36 35 24 221 10 27 15 51 6 94 28 59 5 40 29 4 2 19 83 15 95 6 4 45 19 5 32 1 68 5 12 48 49 33 16 9 78 22 86 16 7 94 17 5 4 27 1 43 56 75 115 1 75 6 5 62 63 20 9 16 43 41 81 20 1 5 8 23 18 40 63 56 91 8 9 4 14 75 69 56 2 7 1 62 5 106 9 22 26 22 4 16 3 142 35 13 58 51 26 87 41 25 11 2 14 15 21 118 30 65 2 2 7 25 12 46 1 33 4 46 41 71 46 45 11 47 27 39 17 15 15 12 10 1 22 14 11 1 64 32 70 34 11 70 12 37 43 34 2 71 18 114 39 114 41 14 70 22 72 23 70 29 18 21 40 42 65 41 3 28 35 19 46 46 11 19 1 33 40 10 32 1 114 12 114 13 1 10 36 11 4 115 42 35 19 34 1 1 19 64 29 44 42 1 35 47 41 72 40 42 37 40 40 65 5 12 47 13 72 5 22 10 40 34 46 42 45 65 29 116 13 40 10 43 37 12 40 17 1 71 12 15 42 4 11 45 64 42 15 40 42 5 27 41 72 29 64 15 11 40 2 23 71 71 63 19 18 116 35 71 72 22 12 42 34 11 64 35 71 12 63 19 5 29 44 35 27 35 12 41 12 33 19 42 41 10 43 64 39 116 2 47 32 1 18 72 10 13 41 41 114 28 42 64 18 42 11 35 41 42 29 18 35 14 114 35 3 11 45 42 116 2 1 63 115 40 63 44 15 1 43 5 65 2 11 71 40 13 27 32 116 44 5 22 45 42 18 1 23 37 115 21 10 43 11 46 35 64 42 41 21 46 5 17 42 41 27 63 22 28 19 11 39 70 41 21 5 72 10 34
itemClass_demand 1 1 1 1 1 1 1 1 1 1 1 1 1 1 1 1 1 1 1 1 1 1 1 1 1 1 1 1 1 1 1 1 1 1 1 1 1 1 1 1 1 1 1 1 1 1 1 1 1 1 1 1 1 1 1 1 1 1 1 1 1 1 1 1 1 1 1 1 1 1 1 1 1 1 1 1 1 1 1 1 1 1 1 1 1 1 1 1 1 1 1 1 1 1 1 1 1 1 1 1 1 1 1 1 1 1 1 1 1 1 1 1 1 1 1 1 1 1 1 1 1 1 1 1 1 1 1 1 1 1 1 1 1 1 1 1 1 1 1 1 1 1 1 1 1 1 1 1 1 1 1 1 1 1 1 1 1 1 1 1 1 1 1 1 1 1 1 1 1 1 1 1 1 1 1 1 1 1 1 1 1 1 1 1 1 1 1 1 1 1 1 1 1 1 1 1 1 1 1 1 1 1 1 1 1 1 1 1 1 1 1 1 1 1 1 1 1 1 1 1 1 1 1 1 1 1 1 1 1 1 1 1 1 1 1 1 1 1 1 1 1 1 1 1 1 1 1 1 1 1 1 1 1 1 1 1 1 1 1 1 1 1 1 1 1 1 1 1 1 1 1 1 1 1 1 1 1 1 1 1 1 1 1 1 1 1 1 1 1 1 1 1 1 1 1 1 1 1 1 1 1 1 1 1 1 1 1 1 1 1 1 1 1 1 1 1 1 1 1 1 1 1 1 1 1 1 1 1 1 1 1 1 1 1 1 1 1 1 1 1 1 1 1 1 1 1 1 1 1 1 1 1 1 1 1 1 1 1 1 1 1 1 1 1 1 1 1 1 1 1 1 1 1 1 1 1 1 1 1 1 1 1 1 1 1 1 1 1 1 1 1 1 1 1 1 1 1 1 1 1 1 1 1 1 1 1 1 1 1 1 1 1 1 1 1 1 1 1 1 1 1 1 1 1 1 1 1 1 1 1 1 1 1 1 1 1 1 1 1 1 1 1 1 1 1 1 1 1 1 1 1 1 1 1 1 1 1 1 1 1 1 1 1 1 1 1 1 1 1 1 1 1 1 1 1 1 1 1 1 1 1 1 1 1 1 1 1 1 1 1 1 1 1 1 1 1 1 1 1 1 1 1 1 1 1 1 1 1 1 1 1 1 1 1 1 1 1 1 1 1 1 1 1 1 1 1 1 1 1 1 1 1 1 1 1 1 1 1 1 1 1 1 1 1 1 1 1 1 1 1 1 1 1 1 1 1 1 1 1 1 1 1 1 1 1 1 1 1 1 1 1 1 1 1 1 1 1 1 1 1 1 1 1 1 1 1 1 1 1 1 1 1 1 1 1 1 1 1 1 1
binNumber 10000
binClassNumber 1
binClass_widthVector 600
binClass_lengthVector 600
binClass_disponibility 1000
itemClass_weight 3300 5400 12900 4200 12000 8400 3300 1200 12300 21300 300 19200 13800 6600 34500 10800 9900 600 9570 22110 6930 1650 14520 2310 37950 9570 26070 8580 4620 10230 1320 6930 1650 13860 2970 17160 11880 2640 17820 990 30690 22770 2310 13200 15180 2970 3960 6930 27390 660 19800 10230 3300 5280 10890 42900 13200 15840 15840 7590 5940 11880 660 5280 1320 33660 990 5940 12870 2310 2640 8250 5940 9900 1650 13200 5280 7590 6270 8580 16830 11550 32670 5280 16830 2310 6600 32670 5280 9570 310 1240 4960 19530 17050 4650 31310 7130 3410 4650 26350 22320 5890 8680 4030 6200 6510 11780 9720 1800 14400 18720 29160 16560 2160 33120 13320 2880 1440 11160 1440 5760 14040 16200 20880 3240 17160 19140 8910 14190 9240 5280 19140 12210 7590 4950 5280 2970 3960 25740 4290 8250 12540 17160 5760 9360 25920 24480 25560 9360 12240 1440 9720 5400 360 360 18720 10800 16200 16920 12240 11160 29050 3500 5600 4550 4550 700 22050 11200 1750 47600 38500 700 1400 19950 8050 350 9100 1400 18200 5950 13300 22050 4550 3850 4900 14700 13300 22400 3500 25200 1050 19950 10500 10500 6300 9800 930 2480 7750 5580 26350 14570 4960 7440 2790 310 1240 2170 11160 10850 7440 68510 3100 8370 4950 16830 1980 31020 9240 19470 1650 13200 9570 1320 660 6270 27390 4950 31350 1980 1320 14850 6080 1600 10240 320 21760 1600 3840 15360 15680 10560 5120 2880 24960 7040 27520 5120 2240 30080 5780 1700 1360 9180 340 14620 19040 25500 39100 340 25500 2040 1700 21080 21420 6800 3060 5440 15050 14350 28350 7000 350 1750 2800 8050 6300 14000 22050 19600 31850 2800 3150 1400 4900 26250 22770 18480 660 2310 330 20460 1650 34980 2970 7260 8580 7260 1320 5280 990 46860 11550 4290 19720 17340 8840 29580 13940 8500 3740 680 4760 5100 7140 40120 10200 22100 680 680 2380 8500 3912 14444 330 10032 1316 15180 13243 23004 14490 14580 3564 14523 8370 12012 5202 4905 4740 3876 3280 319 6732 4284 3575 329 19776 10496 21840 10268 3608 21070 3792 11359 14147 10370 620 21371 5436 36252 12051 34656 13038 4620 22400 6622 22968 7337 21070 9367 5886 6699 12760 12936 20020 13489 921 8932 10570 5776 13984 14306 3487 5928 307 10461 12080 3040 10400 321 36480 3828 36024 4303 304 3020 11376 3443 1224 36570 12768 11130 5966 10778 307 310 6061 19392 8990 13904 13524 312 10570 14993 12546 23400 12880 13608 11581 13000 12320 20865 1520 3816 14382 3939 23040 1605 7128 3250 12880 10948 14076 12894 13905 19695 9222 37468 4251 12440 3100 13545 11137 3960 12960 5406 307 23501 3660 4860 13524 1236 3399 13590 20864 13818 4800 13080 13272 1535 8397 12464 21744 9367 20608 4830 3311 13000 626 7590 22152 22365 20601 6118 5670 37004 11515 22294 23256 6952 3876 13860 11254 3498 19328 11585 21726 3732 20727 5909 1575 9425 13288 10780 8262 11130 3936 12341 3684 10626 6156 12936 13366 3300 14061 21056 12285 38164 602 14758 10208 322 5706 23400 3210 4108 12956 12546 35682 8904 13104 19264 5922 13566 3465 11235 12505 12726 9425 5796 10815 4242 37050 11270 933 3443 14400 12684 37004 620 323 20664 35420 13040 19026 14344 4635 302 13072 1540 20410 620 3575 21726 12040 4186 8748 9792 36656 13860 1655 6930 13995 13692 5688 315 6923 11988 36225 6510 3270 13201 3454 14950 11235 20288 12978 12628 6846 15134 1550 5372 12894 13202 8208 20034 7128 8428 5966 3322 11778 21630 12628 6405 1505 22968 3130 10302
