itemNumber 700
itemClassNumber 700
itemClass_widthVector 36 35 34 33 32 31 30 29 28 27 26 25 24 23 22 21 20 19 18 35 34 33 32 31 30 29 28 27 26 25 24 23 22 21 20 19 18 17 39 38 37 36 35 34 33 32 31 30 29 28 27 26 25 24 23 22 21 40 39 38 37 36 35 34 33 32 31 30 29 28 27 26 25 24 23 22 34 33 32 31 30 29 28 27 26 25 24 23 22 21 20 19 18 17 16 33 32 31 30 29 28 27 26 25 24 23 22 21 20 19 18 17 16 15 40 39 38 37 36 35 34 33 32 31 30 29 28 27 26 25 24 23 22 38 37 36 35 34 33 32 31 30 29 28 27 26 25 24 23 22 21 20 36 35 34 33 32 31 30 29 28 27 26 25 24 23 22 21 20 19 18 36 35 34 33 32 31 30 29 28 27 26 25 24 23 22 21 20 19 18 40 39 38 37 36 35 34 33 32 31 30 29 28 27 26 25 24 23 22 40 39 38 37 36 35 34 33 32 31 30 29 28 27 26 25 24 23 22 40 39 38 37 36 35 34 33 32 31 30 29 28 27 26 25 24 23 22 35 34 33 32 31 30 29 28 27 26 25 24 23 22 21 20 19 18 17 36 35 34 33 32 31 30 29 28 27 26 25 24 23 22 21 20 19 18 35 34 33 32 31 30 29 28 27 26 25 24 23 22 21 20 19 18 17 39 38 37 36 35 34 33 32 31 30 29 28 27 26 25 24 23 22 21 34 33 32 31 30 29 28 27 26 25 24 23 22 21 20 19 18 17 16 34 33 32 31 30 29 28 27 26 25 24 23 22 21 20 19 18 17 16 37 32 38 23 38 36 37 29 35 27 24 26 25 32 35 32 39 26 26 29 31 33 30 21 27 32 34 31 23 24 27 37 31 30 27 37 36 27 24 32 34 24 23 28 38 21 37 22 23 36 24 35 27 25 31 39 28 38 33 37 28 22 30 21 31 25 39 33 25 33 39 25 26 28 21 24 25 29 24 30 21 30 24 39 33 26 29 28 28 29 32 23 37 30 30 35 34 25 25 30 34 31 25 34 29 35 34 27 27 22 26 28 23 33 29 37 37 28 38 34 25 28 28 33 31 24 21 38 28 25 21 23 20 27 25 23 37 34 24 39 24 25 21 35 32 25 38 30 22 24 37 40 36 30 35 23 35 26 21 30 21 22 26 22 25 32 27 39 25 30 27 31 35 33 35 24 23 21 35 32 28 35 35 26 24 24 26 21 21 39 24 32 25 21 35 33 39 33 34 21 30 28 34 25 33 31 35 31 27 24 28 23 25 21 37 38 33 38 35 24 35 29 33 23 21 32 30 32 22 35 40 31 38 35 27 20 37 27 23 34 38 22 23 21 21 23 24 22 21 27 23 33 37 38 23 37 22 27 26 21 27 30 23 28 23 27 39 26 35 26 28 27 27 34 24 23 22 22 33 37 34 28 24 25 22 39 20 28 25 30 20 34 22 33 27 26 37 39 28 33 37 32 35 26 27 21 20 24 22 27 22 24 39 23 24 32 34 35 29 25 25 40 35 33 27 23 34 27 20 26 25 24 28 21 32 28 34 34 26
itemClass_lengthVector 32 5 7 56 38 2 24 112 33 66 22 8 33 18 29 106 15 4 90 21 25 19 4 22 31 6 27 146 52 68 5 12 56 2 124 10 25 45 106 36 102 34 91 17 1 9 46 30 48 13 40 37 26 14 10 38 2 22 41 119 8 68 13 35 15 7 45 6 89 136 3 3 6 28 49 7 35 47 42 64 8 28 7 47 8 37 22 4 113 81 40 6 69 8 34 34 2 11 23 53 105 5 18 43 2 54 118 57 7 25 16 30 76 21 8 44 71 3 6 44 27 24 19 9 21 2 3 129 90 48 37 59 56 4 78 45 4 65 76 40 25 23 10 20 6 3 40 130 12 20 62 37 29 83 13 2 7 96 39 58 7 50 2 50 1 39 67 30 106 5 16 38 25 17 11 12 7 75 60 3 8 77 191 18 22 3 1 10 84 38 140 11 40 13 34 36 29 20 101 30 42 14 18 2 21 49 1 87 12 47 24 4 66 51 3 28 13 5 7 13 4 145 69 14 144 27 28 8 79 1 43 6 87 66 45 13 3 46 12 46 51 4 56 42 60 22 18 111 16 18 39 8 116 32 40 51 35 3 100 5 38 49 3 2 6 28 71 32 12 1 40 34 4 83 64 21 52 45 51 45 23 3 24 93 2 3 28 80 67 18 8 36 67 165 24 8 33 5 74 25 9 28 6 16 35 9 21 17 1 29 26 67 6 16 97 13 15 1 66 29 49 119 84 3 144 16 37 15 15 33 2 106 5 3 1 32 47 13 71 4 64 89 28 13 12 44 22 50 27 29 20 3 93 14 44 8 6 73 20 132 62 33 3 4 106 5 7 57 23 3 7 28 8 33 3 8 113 5 7 32 65 23 39 112 5 23 3 57 24 29 107 34 56 23 67 22 8 8 7 18 24 25 18 106 65 33 16 4 106 30 37 18 38 7 29 112 32 67 31 39 4 8 105 33 3 32 19 4 3 19 38 4 29 18 65 3 29 29 21 18 32 3 34 19 6 24 33 32 23 65 33 111 14 32 33 67 1 37 34 32 65 37 24 32 55 65 6 38 9 22 16 18 66 29 2 32 5 31 9 7 39 30 23 22 1 112 28 3 7 65 32 14 105 4 9 29 105 32 37 18 33 30 29 15 38 23 17 32 32 16 18 7 32 57 112 6 14 1 33 14 66 4 14 18 105 28 24 22 4 32 33 23 112 1 25 3 19 29 4 2 112 8 1 39 9 107 29 9 5 4 32 106 112 34 3 3 24 6 3 57 5 32 21 23 17 2 112 55 112 21 106 8 16 18 4 4 31 25 6 55 106 37 32 37 15 5 3 67 1 16 55 33 112 32 2 33 5 55 21 15 25 6 14 30 14 15 105 17 107 15 9 106 38 4 6 14 8 14 9 19 4 23 66 107 7 106 23 6 32 3 18 22 9 33 37 19 106 16 106 1 55 55 67 17 18 14 33 4 65 32 113 4 25 16 38 7 7 56 6 67 24 56 112 55 9 21 3 4 30 105 8 14 106 33 107 105 1 3 7 21 32 29 32 6 23 21 28 24 23 5 17 30 105 65 4 113 22 2 2 34
itemClass_demand 1 1 1 1 1 1 1 1 1 1 1 1 1 1 1 1 1 1 1 1 1 1 1 1 1 1 1 1 1 1 1 1 1 1 1 1 1 1 1 1 1 1 1 1 1 1 1 1 1 1 1 1 1 1 1 1 1 1 1 1 1 1 1 1 1 1 1 1 1 1 1 1 1 1 1 1 1 1 1 1 1 1 1 1 1 1 1 1 1 1 1 1 1 1 1 1 1 1 1 1 1 1 1 1 1 1 1 1 1 1 1 1 1 1 1 1 1 1 1 1 1 1 1 1 1 1 1 1 1 1 1 1 1 1 1 1 1 1 1 1 1 1 1 1 1 1 1 1 1 1 1 1 1 1 1 1 1 1 1 1 1 1 1 1 1 1 1 1 1 1 1 1 1 1 1 1 1 1 1 1 1 1 1 1 1 1 1 1 1 1 1 1 1 1 1 1 1 1 1 1 1 1 1 1 1 1 1 1 1 1 1 1 1 1 1 1 1 1 1 1 1 1 1 1 1 1 1 1 1 1 1 1 1 1 1 1 1 1 1 1 1 1 1 1 1 1 1 1 1 1 1 1 1 1 1 1 1 1 1 1 1 1 1 1 1 1 1 1 1 1 1 1 1 1 1 1 1 1 1 1 1 1 1 1 1 1 1 1 1 1 1 1 1 1 1 1 1 1 1 1 1 1 1 1 1 1 1 1 1 1 1 1 1 1 1 1 1 1 1 1 1 1 1 1 1 1 1 1 1 1 1 1 1 1 1 1 1 1 1 1 1 1 1 1 1 1 1 1 1 1 1 1 1 1 1 1 1 1 1 1 1 1 1 1 1 1 1 1 1 1 1 1 1 1 1 1 1 1 1 1 1 1 1 1 1 1 1 1 1 1 1 1 1 1 1 1 1 1 1 1 1 1 1 1 1 1 1 1 1 1 1 1 1 1 1 1 1 1 1 1 1 1 1 1 1 1 1 1 1 1 1 1 1 1 1 1 1 1 1 1 1 1 1 1 1 1 1 1 1 1 1 1 1 1 1 1 1 1 1 1 1 1 1 1 1 1 1 1 1 1 1 1 1 1 1 1 1 1 1 1 1 1 1 1 1 1 1 1 1 1 1 1 1 1 1 1 1 1 1 1 1 1 1 1 1 1 1 1 1 1 1 1 1 1 1 1 1 1 1 1 1 1 1 1 1 1 1 1 1 1 1 1 1 1 1 1 1 1 1 1 1 1 1 1 1 1 1 1 1 1 1 1 1 1 1 1 1 1 1 1 1 1 1 1 1 1 1 1 1 1 1 1 1 1 1 1 1 1 1 1 1 1 1 1 1 1 1 1 1 1 1 1 1 1 1 1 1 1 1 1 1 1 1 1 1 1 1 1 1 1 1 1 1 1 1 1 1 1 1 1 1 1 1 1 1 1 1 1 1 1 1 1 1 1 1 1 1 1 1 1 1 1 1 1 1 1 1 1 1 1 1 1 1 1 1 1 1 1 1 1 1 1 1 1 1 1 1 1 1 1 1 1 1 1 1 1 1 1 1 1 1 1 1 1 1 1 1 1 1 1 1 1 1 1 1 1 1 1 1 1
binNumber 10000
binClassNumber 1
binClass_widthVector 700
binClass_lengthVector 700
binClass_disponibility 1000
itemClass_weight 11520 1800 2520 20160 13680 720 8640 40320 11880 23760 7920 2880 11880 6480 10440 38160 5400 1440 32400 7350 8750 6650 1400 7700 10850 2100 9450 51100 18200 23800 1750 4200 19600 700 43400 3500 8750 15750 41340 14040 39780 13260 35490 6630 390 3510 17940 11700 18720 5070 15600 14430 10140 5460 3900 14820 780 8800 16400 47600 3200 27200 5200 14000 6000 2800 18000 2400 35600 54400 1200 1200 2400 11200 19600 2800 11900 15980 14280 21760 2720 9520 2380 15980 2720 12580 7480 1360 38420 27540 13600 2040 23460 2720 11560 11220 660 3630 7590 17490 34650 1650 5940 14190 660 17820 38940 18810 2310 8250 5280 9900 25080 6930 3200 17600 28400 1200 2400 17600 10800 9600 7600 3600 8400 800 1200 51600 36000 19200 14800 23600 22400 1520 29640 17100 1520 24700 28880 15200 9500 8740 3800 7600 2280 1140 15200 49400 4560 7600 23560 14060 10440 29880 4680 720 2520 34560 14040 20880 2520 18000 720 18000 360 14040 24120 10800 38160 1800 5760 13680 9000 6120 3960 4320 2520 27000 21600 1080 2880 27720 68760 6480 7920 1080 360 3600 30240 13680 56000 4400 16000 5200 13600 14400 11600 8000 40400 12000 16800 5600 7200 800 8400 19600 400 34800 4800 18800 9600 1600 26400 20400 1200 11200 5200 2000 2800 5200 1600 58000 27600 5600 57600 10800 11200 3200 31600 400 17200 2400 34800 26400 18000 5200 1200 18400 4800 18400 20400 1600 22400 16800 24000 8800 7200 38850 5600 6300 13650 2800 40600 11200 14000 17850 12250 1050 35000 1750 13300 17150 1050 700 2100 9800 25560 11520 4320 360 14400 12240 1440 29880 23040 7560 18720 16200 18360 16200 8280 1080 8640 33480 720 1050 9800 28000 23450 6300 2800 12600 23450 57750 8400 2800 11550 1750 25900 8750 3150 9800 2100 5600 13650 3510 8190 6630 390 11310 10140 26130 2340 6240 37830 5070 5850 390 25740 11310 19110 46410 32760 1020 48960 5440 12580 5100 5100 11220 680 36040 1700 1020 340 10880 15980 4420 24140 1360 21760 30260 9520 4420 4080 14960 7480 17000 9180 9860 6800 1020 31620 4760 14960 2720 2040 24820 6800 44880 21080 11946 1173 1492 40598 1930 2709 22572 8878 1188 2709 10948 3144 12210 1170 3048 41132 1910 2611 12704 23790 8510 14352 42000 1965 8970 1089 20919 8808 10643 40981 13226 21560 8970 24455 8624 3104 3008 2632 6786 8976 9875 6966 38478 23855 12507 6256 1512 40598 11370 14060 6732 14630 2660 11455 42448 12256 26398 12214 14469 1560 2904 37905 12012 1140 12544 7258 1452 1107 7524 14098 1456 11397 6678 23985 1149 10933 10730 7623 7020 12704 1107 12478 7296 2334 8928 12012 12192 9108 25155 12936 40626 5152 12416 12474 24388 371 14430 12580 11904 23985 14615 9312 12096 20350 24895 2304 13870 3303 8426 6352 7110 26070 10991 762 11648 1840 11966 3402 2667 14859 11520 8809 8316 382 42336 10696 1092 2772 25025 12288 5544 40425 1520 3474 10643 39375 11552 14097 6516 13035 11220 10672 5865 15048 8418 6545 12512 11968 6080 6588 2555 12416 22059 43232 2358 5124 395 12870 5558 24354 1524 5096 6714 38535 10808 8712 8470 1536 12128 12012 8602 41664 374 9375 1185 7220 10614 1448 784 43904 3128 382 14313 3420 39590 10527 3294 1895 1516 12416 39432 41776 12954 1176 1170 8808 2238 1104 21945 1930 12096 7728 8832 6528 750 42784 20130 41216 7623 39114 3104 6352 6822 1480 1552 12183 9425 2238 20075 40174 13727 11712 13542 5850 1885 1095 25929 382 6144 21175 12573 42112 12000 734 12144 1895 19910 8190 5775 9500 2358 5180 11400 5376 5475 39480 6154 38948 5460 3420 40280 14668 1504 2364 5194 3144 5110 3294 7258 1560 8763 24882 40018 2639 39538 8648 2256 11744 1131 7146 7986 3456 12375 13394 7334 41658 5968 41976 397 21615 20570 25996 6358 7002 5544 12573 1472 24310 12224 43166 1580 9025 6016 14326 2590 2772 21112 2262 26063 8784 21448 41216 20955 3375 8001 1146 1568 11130 38955 3080 5390 40704 12903 38627 39900 372 1143 2625 7644 12576 11368 12672 2196 8418 7644 11004 9120 8579 1870 6511 11610 39900 24115 1540 44635 8426 730 780 12716
