itemNumber 400
itemClassNumber 400
itemClass_widthVector 26 25 24 23 22 21 20 19 18 17 16 15 14 13 12 29 28 27 26 25 24 23 22 21 20 19 18 17 16 15 29 28 27 26 25 24 23 22 21 20 19 18 17 16 15 29 28 27 26 25 24 23 22 21 20 19 18 17 16 15 24 23 22 21 20 19 18 17 16 15 14 13 12 11 10 24 23 22 21 20 19 18 17 16 15 14 13 12 11 10 29 28 27 26 25 24 23 22 21 20 19 18 17 16 15 25 24 23 22 21 20 19 18 17 16 15 14 13 12 11 29 28 27 26 25 24 23 22 21 20 19 18 17 16 15 26 25 24 23 22 21 20 19 18 17 16 15 14 13 12 23 22 21 20 19 18 17 16 15 14 13 12 11 10 9 29 28 27 26 25 24 23 22 21 20 19 18 17 16 15 29 28 27 26 25 24 23 22 21 20 19 18 17 16 15 26 25 24 23 22 21 20 19 18 17 16 15 14 13 12 23 22 21 20 19 18 17 16 15 14 13 12 11 10 9 15 23 26 19 25 27 18 26 16 23 21 19 25 24 25 28 21 24 23 26 24 25 19 18 18 26 23 19 23 25 24 20 14 28 18 16 27 17 27 26 22 20 18 15 16 24 19 18 23 29 27 24 28 28 18 14 27 27 25 17 15 24 21 28 26 28 27 18 23 20 26 24 29 26 23 22 29 29 17 19 25 20 15 24 23 19 18 23 25 27 20 26 20 14 26 17 26 18 15 25 21 24 15 14 15 15 23 21 15 24 18 16 26 28 20 25 25 26 20 23 26 16 18 24 18 24 25 25 15 28 24 25 22 17 28 21 23 19 17 25 27 20 24 16 18 19 17 20 19 26 19 22 15 25 24 28 14 23 16 28 15 27 20 18 26 27 20 19 25 17 25 16 17 14 17
itemClass_lengthVector 50 14 29 8 56 5 56 45 27 5 7 18 32 22 26 21 19 49 25 104 6 5 24 25 9 11 16 60 22 4 33 15 16 3 3 6 20 17 7 72 134 25 36 2 11 9 6 76 27 17 28 51 76 3 20 7 43 20 4 13 38 1 9 17 23 24 29 142 6 15 12 11 29 6 38 2 19 8 7 38 7 60 1 5 11 66 41 44 72 19 7 20 9 5 9 17 5 50 80 65 32 35 10 20 36 83 9 46 50 10 5 44 40 33 27 10 18 7 6 12 34 37 29 4 18 23 15 17 26 16 18 8 12 98 45 12 13 34 16 59 43 24 43 19 16 41 3 29 22 26 3 2 14 1 8 7 2 16 59 58 48 31 55 87 9 9 9 41 17 58 1 40 15 53 16 107 4 19 1 10 61 80 2 78 14 20 17 2 8 16 20 7 14 18 43 20 16 65 120 30 39 4 2 6 18 10 22 11 2 35 45 93 9 22 7 42 9 15 10 13 30 5 4 73 23 21 4 14 5 29 28 7 9 31 5 46 4 56 7 7 13 56 6 55 13 4 9 27 6 5 29 55 26 4 7 9 27 23 13 4 17 51 7 50 9 55 26 6 32 31 5 28 8 56 49 15 9 15 49 7 22 15 28 55 18 21 55 46 50 14 50 15 4 6 27 13 5 49 8 4 56 49 51 6 6 57 28 32 6 55 28 6 56 29 50 27 28 27 22 15 17 7 6 21 7 44 56 33 21 22 22 5 56 22 9 4 31 29 51 28 55 29 7 46 5 28 32 7 4 6 6 55 9 21 13 7 28 55 8 14 55 5 6 6 28 13 26 9 17 5 28 17 28 5 14 28 5 32 55 9 13 22 5 33 51 32 15 44 6 29 49 45 4 57 17 30 19 6 22 17
itemClass_demand 1 1 1 1 1 1 1 1 1 1 1 1 1 1 1 1 1 1 1 1 1 1 1 1 1 1 1 1 1 1 1 1 1 1 1 1 1 1 1 1 1 1 1 1 1 1 1 1 1 1 1 1 1 1 1 1 1 1 1 1 1 1 1 1 1 1 1 1 1 1 1 1 1 1 1 1 1 1 1 1 1 1 1 1 1 1 1 1 1 1 1 1 1 1 1 1 1 1 1 1 1 1 1 1 1 1 1 1 1 1 1 1 1 1 1 1 1 1 1 1 1 1 1 1 1 1 1 1 1 1 1 1 1 1 1 1 1 1 1 1 1 1 1 1 1 1 1 1 1 1 1 1 1 1 1 1 1 1 1 1 1 1 1 1 1 1 1 1 1 1 1 1 1 1 1 1 1 1 1 1 1 1 1 1 1 1 1 1 1 1 1 1 1 1 1 1 1 1 1 1 1 1 1 1 1 1 1 1 1 1 1 1 1 1 1 1 1 1 1 1 1 1 1 1 1 1 1 1 1 1 1 1 1 1 1 1 1 1 1 1 1 1 1 1 1 1 1 1 1 1 1 1 1 1 1 1 1 1 1 1 1 1 1 1 1 1 1 1 1 1 1 1 1 1 1 1 1 1 1 1 1 1 1 1 1 1 1 1 1 1 1 1 1 1 1 1 1 1 1 1 1 1 1 1 1 1 1 1 1 1 1 1 1 1 1 1 1 1 1 1 1 1 1 1 1 1 1 1 1 1 1 1 1 1 1 1 1 1 1 1 1 1 1 1 1 1 1 1 1 1 1 1 1 1 1 1 1 1 1 1 1 1 1 1 1 1 1 1 1 1 1 1 1 1 1 1 1 1 1 1 1 1 1 1 1 1 1 1 1 1 1 1 1 1 1 1 1 1 1 1
binNumber 10000
binClassNumber 1
binClass_widthVector 400
binClass_lengthVector 400
binClass_disponibility 1000
itemClass_weight 13000 3640 7540 2080 14560 1300 14560 11700 7020 1300 1820 4680 8320 5720 6760 6090 5510 14210 7250 30160 1740 1450 6960 7250 2610 3190 4640 17400 6380 1160 9570 4350 4640 870 870 1740 5800 4930 2030 20880 38860 7250 10440 580 3190 2610 1740 22040 7830 4930 8120 14790 22040 870 5800 2030 12470 5800 1160 3770 9120 240 2160 4080 5520 5760 6960 34080 1440 3600 2880 2640 6960 1440 9120 480 4560 1920 1680 9120 1680 14400 240 1200 2640 15840 9840 10560 17280 4560 2030 5800 2610 1450 2610 4930 1450 14500 23200 18850 9280 10150 2900 5800 10440 20750 2250 11500 12500 2500 1250 11000 10000 8250 6750 2500 4500 1750 1500 3000 9860 10730 8410 1160 5220 6670 4350 4930 7540 4640 5220 2320 3480 28420 13050 3120 3380 8840 4160 15340 11180 6240 11180 4940 4160 10660 780 7540 5720 6760 690 460 3220 230 1840 1610 460 3680 13570 13340 11040 7130 12650 20010 2070 2610 2610 11890 4930 16820 290 11600 4350 15370 4640 31030 1160 5510 290 2900 17690 23200 580 22620 4060 5800 4930 580 2320 4640 5800 2030 4060 5220 12470 5200 4160 16900 31200 7800 10140 1040 520 1560 4680 2600 5720 2860 520 9100 10350 21390 2070 5060 1610 9660 2070 3450 2300 2990 6900 1150 920 16790 5290 5922 1144 4018 1425 7685 7504 1876 2547 8184 1410 12834 1148 15008 1981 1960 3432 15792 1698 14740 3523 1052 2367 7128 1632 1365 8265 15455 7046 1052 1904 2394 7452 6141 3536 1056 4454 13770 2002 14000 2421 14960 7124 1716 9120 8711 1340 7644 2192 14784 13720 4065 2502 3960 13524 1897 5742 4065 7840 15290 4860 5544 14740 12098 13750 3724 13550 4230 1128 1596 7587 3601 1325 13475 2184 1060 16072 13573 14586 1710 1626 15390 7812 9152 1668 15345 7672 1668 15456 7946 14150 7641 7868 7641 5764 4125 4743 1855 1626 5880 2009 12452 15176 9174 5733 6270 6072 1365 14952 5896 2448 1112 8122 7859 14331 7364 14960 8323 1995 12328 1420 7868 9056 1988 1116 1662 1698 14795 2403 5733 3471 2002 7756 15565 2216 3752 14905 1390 1710 1584 7644 3666 6786 2574 4743 1355 7700 4522 8036 1330 3682 7476 1385 8864 14410 2448 3536 6072 1315 9009 14025 9152 4290 12628 1704 8033 13426 12330 1092 16245 4760 8580 5092 1584 5874 4505
