itemNumber 140
itemClassNumber 140
itemClass_widthVector 15 14 13 12 11 10 9 8 7 15 14 13 12 11 10 9 8 7 16 15 14 13 12 11 10 9 8 17 16 15 14 13 12 11 10 9 15 14 13 12 11 10 9 8 7 14 13 12 11 10 9 8 7 6 17 16 15 14 13 12 11 10 9 16 15 14 13 12 11 10 9 8 15 14 13 12 11 10 9 8 7 15 11 13 12 10 10 9 17 11 15 13 9 12 16 15 11 15 15 16 10 16 15 16 12 12 11 10 10 12 10 12 16 15 15 13 10 15 15 15 15 17 12 15 11 13 10 12 10 15 10 9 15 15 13 13 9 12 15 9
itemClass_lengthVector 39 11 10 42 19 1 12 5 1 10 15 10 59 6 2 8 4 26 8 34 18 12 12 3 18 32 3 6 12 21 37 13 17 1 3 30 2 7 11 8 23 24 30 33 2 27 34 9 29 12 7 12 4 6 16 19 37 14 5 6 23 6 14 27 21 20 9 4 13 1 2 43 21 4 2 17 14 25 3 27 27 10 2 20 2 13 11 6 40 1 10 42 6 18 40 10 1 10 9 39 11 38 10 40 1 1 1 11 11 1 11 1 38 11 9 18 13 12 9 12 9 38 18 12 2 41 12 2 13 10 11 6 9 11 20 42 5 1 10 6
itemClass_demand 1 1 1 1 1 1 1 1 1 1 1 1 1 1 1 1 1 1 1 1 1 1 1 1 1 1 1 1 1 1 1 1 1 1 1 1 1 1 1 1 1 1 1 1 1 1 1 1 1 1 1 1 1 1 1 1 1 1 1 1 1 1 1 1 1 1 1 1 1 1 1 1 1 1 1 1 1 1 1 1 1 1 1 1 1 1 1 1 1 1 1 1 1 1 1 1 1 1 1 1 1 1 1 1 1 1 1 1 1 1 1 1 1 1 1 1 1 1 1 1 1 1 1 1 1 1 1 1 1 1 1 1 1 1 1 1 1 1 1 1
binNumber 10000
binClassNumber 1
binClass_widthVector 140
binClass_lengthVector 140
binClass_disponibility 1000
itemClass_weight 5850 1650 1500 6300 2850 150 1800 750 150 1500 2250 1500 8850 900 300 1200 600 3900 1280 5440 2880 1920 1920 480 2880 5120 480 1020 2040 3570 6290 2210 2890 170 510 5100 300 1050 1650 1200 3450 3600 4500 4950 300 3780 4760 1260 4060 1680 980 1680 560 840 2720 3230 6290 2380 850 1020 3910 1020 2380 4320 3360 3200 1440 640 2080 160 320 6880 3150 600 300 2550 2100 3750 450 4050 4050 1530 328 3300 320 1976 1661 948 6400 160 1520 6342 936 2952 6440 1520 154 1590 1467 6201 1771 5776 1660 6640 153 160 161 1661 1672 152 1826 165 6042 1804 1458 2772 2093 1992 1368 1956 1386 6080 2844 1824 306 6765 1956 306 2132 1550 1694 990 1413 1738 3180 6678 780 166 1570 996
