itemNumber 150
itemClassNumber 150
itemClass_widthVector 16 15 14 13 12 11 10 9 8 15 14 13 12 11 10 9 8 7 14 13 12 11 10 9 8 7 6 19 18 17 16 15 14 13 12 11 16 15 14 13 12 11 10 9 8 18 17 16 15 14 13 12 11 10 17 16 15 14 13 12 11 10 9 19 18 17 16 15 14 13 12 11 16 15 14 13 12 11 10 9 8 12 14 13 15 10 16 16 10 18 15 12 12 16 13 16 15 10 17 18 15 12 12 10 11 11 15 18 10 14 10 10 10 10 13 12 15 10 11 16 14 14 10 17 15 13 18 14 14 16 15 18 17 13 10 13 14 15 14 13 17 17 16 13 14 17 16 17 13 12
itemClass_lengthVector 4 3 27 16 7 12 45 3 33 10 35 11 17 20 2 50 2 3 22 4 4 21 32 27 24 3 13 28 3 8 17 5 6 60 14 9 4 2 9 27 15 1 43 37 12 24 27 5 12 8 42 2 21 9 18 25 19 14 12 18 1 33 10 21 9 13 21 23 24 28 5 6 8 13 24 8 50 5 1 7 34 44 8 12 27 4 3 28 2 3 17 44 13 28 6 4 28 4 5 3 26 13 13 4 45 45 16 3 2 16 2 2 2 2 6 45 28 4 45 4 17 7 4 3 28 6 5 7 17 26 27 5 3 13 2 8 16 26 15 8 4 2 4 13 15 5 26 4 7 12
itemClass_demand 1 1 1 1 1 1 1 1 1 1 1 1 1 1 1 1 1 1 1 1 1 1 1 1 1 1 1 1 1 1 1 1 1 1 1 1 1 1 1 1 1 1 1 1 1 1 1 1 1 1 1 1 1 1 1 1 1 1 1 1 1 1 1 1 1 1 1 1 1 1 1 1 1 1 1 1 1 1 1 1 1 1 1 1 1 1 1 1 1 1 1 1 1 1 1 1 1 1 1 1 1 1 1 1 1 1 1 1 1 1 1 1 1 1 1 1 1 1 1 1 1 1 1 1 1 1 1 1 1 1 1 1 1 1 1 1 1 1 1 1 1 1 1 1 1 1 1 1 1 1
binNumber 10000
binClassNumber 1
binClass_widthVector 150
binClass_lengthVector 150
binClass_disponibility 1000
itemClass_weight 640 480 4320 2560 1120 1920 7200 480 5280 1500 5250 1650 2550 3000 300 7500 300 450 3080 560 560 2940 4480 3780 3360 420 1820 5320 570 1520 3230 950 1140 11400 2660 1710 640 320 1440 4320 2400 160 6880 5920 1920 4320 4860 900 2160 1440 7560 360 3780 1620 3060 4250 3230 2380 2040 3060 170 5610 1700 3990 1710 2470 3990 4370 4560 5320 950 1140 1280 2080 3840 1280 8000 800 160 1120 5440 7656 1392 2052 4698 676 507 4592 350 492 2754 7348 2119 4816 972 644 4760 648 855 489 4524 2262 2210 688 7920 7470 2784 522 344 2720 344 332 326 346 1044 7470 4956 652 7650 708 2924 1218 684 489 4760 978 810 1127 2805 4212 4671 810 483 2093 342 1328 2640 4524 2445 1320 688 342 660 2275 2565 825 4212 664 1225 2088
