itemNumber 80
itemClassNumber 80
itemClass_widthVector 12 11 10 9 8 7 6 10 9 8 7 6 5 4 11 10 9 8 7 6 5 12 11 10 9 8 7 6 13 12 11 10 9 8 7 11 10 9 8 7 6 5 11 10 9 8 7 6 5 8 9 10 12 9 8 13 8 13 13 9 11 11 12 8 10 10 10 13 12 9 12 8 14 13 8 13 10 9 8 13
itemClass_lengthVector 5 8 20 7 15 18 7 13 12 21 8 21 2 3 6 4 13 6 41 5 5 7 15 15 12 4 11 16 12 4 1 1 6 6 50 39 8 8 4 1 4 16 3 1 26 43 1 5 1 17 15 8 19 14 19 6 17 6 5 15 20 20 19 19 6 7 7 8 7 15 9 18 4 6 19 4 6 15 18 5
itemClass_demand 1 1 1 1 1 1 1 1 1 1 1 1 1 1 1 1 1 1 1 1 1 1 1 1 1 1 1 1 1 1 1 1 1 1 1 1 1 1 1 1 1 1 1 1 1 1 1 1 1 1 1 1 1 1 1 1 1 1 1 1 1 1 1 1 1 1 1 1 1 1 1 1 1 1 1 1 1 1 1 1
binNumber 10000
binClassNumber 1
binClass_widthVector 80
binClass_lengthVector 80
binClass_disponibility 1000
itemClass_weight 600 960 2400 840 1800 2160 840 1300 1200 2100 800 2100 200 300 660 440 1430 660 4510 550 550 840 1800 1800 1440 480 1320 1920 1560 520 130 130 780 780 6500 4290 880 880 440 110 440 1760 330 110 2860 4730 110 550 110 2091 1830 1032 2318 1806 2318 756 2125 792 640 1875 2460 2580 2318 2394 768 875 931 976 861 1845 1188 2322 488 732 2299 488 798 1905 2178 615
