itemNumber 170
itemClassNumber 170
itemClass_widthVector 17 16 15 14 13 12 11 10 9 8 17 16 15 14 13 12 11 10 9 8 18 17 16 15 14 13 12 11 10 9 16 15 14 13 12 11 10 9 8 7 15 14 13 12 11 10 9 8 7 6 19 18 17 16 15 14 13 12 11 10 16 15 14 13 12 11 10 9 8 7 17 16 15 14 13 12 11 10 9 8 20 19 18 17 16 15 14 13 12 11 15 14 13 12 11 10 9 8 7 6 10 16 16 19 15 13 18 14 12 17 17 13 16 17 12 10 18 16 18 10 10 14 16 10 18 11 19 10 14 11 11 12 16 15 18 17 18 17 15 18 16 13 13 19 19 14 15 14 17 17 17 13 17 17 19 16 16 16 16 17 14 10 12 13 13 15 12 19 16 10
itemClass_lengthVector 10 8 5 1 31 7 46 4 18 40 31 6 10 28 4 29 31 5 3 23 21 26 16 1 13 16 24 3 30 20 11 9 19 42 7 20 18 17 4 23 6 67 16 2 8 16 4 29 18 4 21 15 7 29 31 8 4 13 13 29 2 2 43 13 8 5 52 26 18 1 16 2 9 22 5 47 2 21 39 7 7 12 20 15 11 24 8 61 5 7 6 21 10 5 11 15 20 35 10 37 19 1 2 9 30 7 7 6 5 8 5 46 4 6 5 19 11 5 10 17 18 7 6 17 9 5 10 17 30 5 4 5 2 1 8 9 7 6 30 8 1 46 7 10 10 32 1 30 5 6 8 45 8 8 10 4 5 1 1 5 30 19 3 47 47 1 46 9 4 19
itemClass_demand 1 1 1 1 1 1 1 1 1 1 1 1 1 1 1 1 1 1 1 1 1 1 1 1 1 1 1 1 1 1 1 1 1 1 1 1 1 1 1 1 1 1 1 1 1 1 1 1 1 1 1 1 1 1 1 1 1 1 1 1 1 1 1 1 1 1 1 1 1 1 1 1 1 1 1 1 1 1 1 1 1 1 1 1 1 1 1 1 1 1 1 1 1 1 1 1 1 1 1 1 1 1 1 1 1 1 1 1 1 1 1 1 1 1 1 1 1 1 1 1 1 1 1 1 1 1 1 1 1 1 1 1 1 1 1 1 1 1 1 1 1 1 1 1 1 1 1 1 1 1 1 1 1 1 1 1 1 1 1 1 1 1 1 1 1 1 1 1 1 1
binNumber 10000
binClassNumber 1
binClass_widthVector 170
binClass_lengthVector 170
binClass_disponibility 1000
itemClass_weight 1700 1360 850 170 5270 1190 7820 680 3060 6800 5270 1020 1700 4760 680 4930 5270 850 510 3910 3780 4680 2880 180 2340 2880 4320 540 5400 3600 1760 1440 3040 6720 1120 3200 2880 2720 640 3680 900 10050 2400 300 1200 2400 600 4350 2700 600 3990 2850 1330 5510 5890 1520 760 2470 2470 5510 320 320 6880 2080 1280 800 8320 4160 2880 160 2720 340 1530 3740 850 7990 340 3570 6630 1190 1400 2400 4000 3000 2200 4800 1600 12200 1000 1400 900 3150 1500 750 1650 2250 3000 5250 1500 5550 3382 178 364 1674 5550 1246 1239 1026 865 1488 865 7958 684 1050 875 3249 2057 885 1800 3043 3096 1309 1122 2992 1575 940 1740 3009 5610 865 716 935 376 184 1448 1656 1218 1050 5340 1408 187 8142 1274 1850 1870 5568 179 5370 915 1086 1408 7695 1424 1480 1790 696 880 187 187 855 5130 3553 522 8836 8319 175 8050 1656 732 3382
