itemNumber 70
itemClassNumber 70
itemClass_widthVector 12 11 10 9 8 7 13 12 11 10 9 8 10 9 8 7 6 5 13 12 11 10 9 8 12 11 10 9 8 7 10 9 8 7 6 5 14 9 10 13 12 11 11 13 11 14 13 10 13 10 9 13 14 10 10 12 13 13 13 9 11 12 12 12 9 12 12 12 13 11
itemClass_lengthVector 15 6 11 16 13 9 10 11 3 12 14 20 22 5 1 10 3 29 3 16 3 25 7 16 9 31 1 5 16 8 3 43 1 5 2 16 14 13 15 15 12 11 11 16 11 14 7 17 16 16 12 6 15 17 16 11 5 7 5 14 12 11 12 7 13 11 11 12 7 12
itemClass_demand 1 1 1 1 1 1 1 1 1 1 1 1 1 1 1 1 1 1 1 1 1 1 1 1 1 1 1 1 1 1 1 1 1 1 1 1 1 1 1 1 1 1 1 1 1 1 1 1 1 1 1 1 1 1 1 1 1 1 1 1 1 1 1 1 1 1 1 1 1 1
binNumber 10000
binClassNumber 1
binClass_widthVector 70
binClass_lengthVector 70
binClass_disponibility 1000
itemClass_weight 1800 720 1320 1920 1560 1080 1300 1430 390 1560 1820 2600 2200 500 100 1000 300 2900 390 2080 390 3250 910 2080 1080 3720 120 600 1920 960 300 4300 100 500 200 1600 1764 1729 1875 1860 1476 1375 1463 2112 1452 1694 875 2091 2128 1968 1464 738 1845 2193 2048 1397 645 882 625 1708 1596 1408 1512 896 1703 1419 1441 1512 882 1548
