itemNumber 400
itemClassNumber 400
itemClass_widthVector 29 28 27 26 25 24 23 22 21 20 19 18 17 16 15 27 26 25 24 23 22 21 20 19 18 17 16 15 14 13 29 28 27 26 25 24 23 22 21 20 19 18 17 16 15 24 23 22 21 20 19 18 17 16 15 14 13 12 11 10 26 25 24 23 22 21 20 19 18 17 16 15 14 13 12 29 28 27 26 25 24 23 22 21 20 19 18 17 16 15 26 25 24 23 22 21 20 19 18 17 16 15 14 13 12 23 22 21 20 19 18 17 16 15 14 13 12 11 10 9 24 23 22 21 20 19 18 17 16 15 14 13 12 11 10 24 23 22 21 20 19 18 17 16 15 14 13 12 11 10 28 27 26 25 24 23 22 21 20 19 18 17 16 15 14 27 26 25 24 23 22 21 20 19 18 17 16 15 14 13 27 26 25 24 23 22 21 20 19 18 17 16 15 14 13 29 28 27 26 25 24 23 22 21 20 19 18 17 16 15 28 27 26 25 24 23 22 21 20 19 18 17 16 15 14 17 19 20 27 27 21 23 22 28 30 29 21 23 26 21 17 19 19 30 23 30 27 24 23 27 23 22 19 18 18 18 28 20 19 31 28 21 23 20 32 22 21 21 27 19 19 21 21 20 20 24 21 31 26 19 30 20 18 23 29 17 28 31 29 18 29 27 22 26 18 21 22 19 17 27 29 29 26 27 27 25 20 28 28 22 25 26 23 30 30 20 29 31 30 21 22 19 31 27 18 22 31 30 25 25 31 28 30 21 29 22 24 20 31 20 22 21 18 29 28 27 27 26 21 26 30 29 27 24 28 20 31 20 26 28 23 23 20 31 23 22 17 25 30 21 20 21 21 26 29 25 18 18 30 23 27 22 21 30 30 23 24 19 22 21 24 29 18 22 23 29 28 19 20 25
itemClass_lengthVector 12 37 50 3 38 24 28 20 39 25 1 73 24 21 5 15 85 26 59 1 64 8 6 31 14 16 6 5 22 42 7 2 78 10 60 14 97 18 31 1 14 12 14 41 1 40 4 55 38 19 39 15 9 10 13 23 84 13 21 17 73 65 19 37 50 2 3 3 3 54 5 11 12 33 30 16 16 26 22 19 87 4 65 37 10 11 37 18 29 3 16 8 12 14 4 183 8 77 1 8 12 17 6 5 29 18 15 10 98 1 2 3 3 35 2 56 15 39 68 35 39 1 19 11 11 95 29 33 16 27 47 19 28 6 19 3 94 27 39 4 29 2 28 44 18 4 2 94 2 10 17 14 21 7 57 73 53 35 1 27 29 11 20 24 11 104 6 9 12 12 4 81 47 29 27 3 1 28 36 1 2 4 10 19 10 27 64 4 33 65 11 54 13 31 53 2 52 2 6 16 5 8 111 28 13 20 32 9 85 11 3 40 3 45 9 15 4 38 38 14 109 1 10 65 6 22 72 1 23 2 1 21 24 4 50 37 1 20 39 25 21 23 24 13 20 51 37 29 38 39 40 40 72 21 20 20 50 73 74 11 50 1 40 2 13 25 1 2 39 24 25 1 2 2 1 29 1 37 24 74 37 73 23 40 3 22 37 12 2 23 36 24 26 25 23 1 25 25 22 4 3 38 24 38 25 25 2 39 2 24 29 23 19 37 13 74 49 37 36 1 26 24 13 37 24 38 11 38 24 23 11 3 50 2 4 38 38 1 36 1 26 1 23 4 51 37 4 29 2 29 49 4 38 29 2 73 13 73 25 37 25 25 2 36 21 39 22 27 50 25 1 2 26 39 37 24 22 25 51 24 37 25 24 51 11 38 20 23 26 1 40 2 21 26 26 38 2 72 1 27
itemClass_demand 1 1 1 1 1 1 1 1 1 1 1 1 1 1 1 1 1 1 1 1 1 1 1 1 1 1 1 1 1 1 1 1 1 1 1 1 1 1 1 1 1 1 1 1 1 1 1 1 1 1 1 1 1 1 1 1 1 1 1 1 1 1 1 1 1 1 1 1 1 1 1 1 1 1 1 1 1 1 1 1 1 1 1 1 1 1 1 1 1 1 1 1 1 1 1 1 1 1 1 1 1 1 1 1 1 1 1 1 1 1 1 1 1 1 1 1 1 1 1 1 1 1 1 1 1 1 1 1 1 1 1 1 1 1 1 1 1 1 1 1 1 1 1 1 1 1 1 1 1 1 1 1 1 1 1 1 1 1 1 1 1 1 1 1 1 1 1 1 1 1 1 1 1 1 1 1 1 1 1 1 1 1 1 1 1 1 1 1 1 1 1 1 1 1 1 1 1 1 1 1 1 1 1 1 1 1 1 1 1 1 1 1 1 1 1 1 1 1 1 1 1 1 1 1 1 1 1 1 1 1 1 1 1 1 1 1 1 1 1 1 1 1 1 1 1 1 1 1 1 1 1 1 1 1 1 1 1 1 1 1 1 1 1 1 1 1 1 1 1 1 1 1 1 1 1 1 1 1 1 1 1 1 1 1 1 1 1 1 1 1 1 1 1 1 1 1 1 1 1 1 1 1 1 1 1 1 1 1 1 1 1 1 1 1 1 1 1 1 1 1 1 1 1 1 1 1 1 1 1 1 1 1 1 1 1 1 1 1 1 1 1 1 1 1 1 1 1 1 1 1 1 1 1 1 1 1 1 1 1 1 1 1 1 1 1 1 1 1 1 1 1 1 1 1 1 1 1 1 1 1 1 1 1 1 1 1 1 1 1 1 1 1 1 1 1 1 1 1 1 1
binNumber 10000
binClassNumber 1
binClass_widthVector 400
binClass_lengthVector 400
binClass_disponibility 1000
itemClass_weight 3480 10730 14500 870 11020 6960 8120 5800 11310 7250 290 21170 6960 6090 1450 4050 22950 7020 15930 270 17280 2160 1620 8370 3780 4320 1620 1350 5940 11340 2030 580 22620 2900 17400 4060 28130 5220 8990 290 4060 3480 4060 11890 290 9600 960 13200 9120 4560 9360 3600 2160 2400 3120 5520 20160 3120 5040 4080 18980 16900 4940 9620 13000 520 780 780 780 14040 1300 2860 3120 8580 7800 4640 4640 7540 6380 5510 25230 1160 18850 10730 2900 3190 10730 5220 8410 870 4160 2080 3120 3640 1040 47580 2080 20020 260 2080 3120 4420 1560 1300 7540 4140 3450 2300 22540 230 460 690 690 8050 460 12880 3450 8970 15640 8050 9360 240 4560 2640 2640 22800 6960 7920 3840 6480 11280 4560 6720 1440 4560 720 22560 6480 9360 960 6960 480 6720 10560 4320 960 480 22560 480 2400 4760 3920 5880 1960 15960 20440 14840 9800 280 7560 8120 3080 5600 6720 3080 28080 1620 2430 3240 3240 1080 21870 12690 7830 7290 810 270 7560 9720 270 540 1080 2700 5130 2700 7290 17280 1080 8910 17550 2970 14580 3510 8370 14310 580 15080 580 1740 4640 1450 2320 32190 8120 3770 5800 9280 2610 24650 3190 840 11200 840 12600 2520 4200 1120 10640 10640 3920 30520 280 2800 18200 1680 6952 22824 302 7291 596 314 6594 7584 1256 14950 10804 311 5820 11817 7850 6657 7176 7584 3822 6380 15606 10878 9164 11438 11700 12200 12280 22104 6216 5820 5940 14950 21681 22940 3399 15300 303 11760 608 3861 7450 312 614 11700 7056 7975 292 634 586 305 8584 291 11100 7416 23236 11285 21754 7245 11800 933 6468 10878 3672 598 6785 11160 7344 7930 7425 6854 298 7725 7725 6798 1216 942 12122 7464 11400 7725 7600 600 11934 638 7416 9164 6992 5890 11507 4121 22348 15092 11470 11412 317 8242 7512 3952 11766 6984 11970 3421 11628 7128 6831 3344 906 15750 634 1168 11514 11552 314 11160 307 7826 297 6923 1200 14841 11359 1256 8932 586 9251 15190 1272 11894 8845 596 22995 3926 22192 7925 11507 7425 7400 590 10764 6237 12402 6732 8127 14550 7475 314 588 7748 11583 11470 7680 6666 7300 16218 7152 10952 7500 7032 15555 3487 11476 6140 7360 7826 316 12640 586 6174 7826 7696 11172 624 21744 292 8613
