itemNumber 120
itemClassNumber 120
itemClass_widthVector 15 14 13 12 11 10 9 8 14 13 12 11 10 9 8 7 16 15 14 13 12 11 10 9 16 15 14 13 12 11 10 9 14 13 12 11 10 9 8 7 13 12 11 10 9 8 7 6 17 16 15 14 13 12 11 10 15 14 13 12 11 10 9 8 12 12 12 12 15 11 12 12 15 10 10 12 13 15 17 12 16 14 13 10 10 14 15 14 13 14 17 12 10 10 10 12 11 15 16 16 14 12 10 14 10 13 13 10 17 10 15 15 14 13 12 12 14 12 12 12
itemClass_lengthVector 25 5 31 9 1 21 16 12 4 2 15 18 37 22 2 20 5 8 5 10 6 30 23 33 4 32 42 10 22 8 1 1 9 3 33 17 20 21 7 10 6 43 27 2 1 13 6 22 5 21 12 15 16 8 2 41 49 1 9 8 16 28 1 8 1 1 2 22 32 21 20 21 5 16 16 2 1 30 26 20 25 30 1 16 17 9 32 10 8 10 26 1 17 15 17 1 20 6 26 5 30 1 16 10 16 2 9 15 24 17 30 31 31 8 22 1 10 1 21 21
itemClass_demand 1 1 1 1 1 1 1 1 1 1 1 1 1 1 1 1 1 1 1 1 1 1 1 1 1 1 1 1 1 1 1 1 1 1 1 1 1 1 1 1 1 1 1 1 1 1 1 1 1 1 1 1 1 1 1 1 1 1 1 1 1 1 1 1 1 1 1 1 1 1 1 1 1 1 1 1 1 1 1 1 1 1 1 1 1 1 1 1 1 1 1 1 1 1 1 1 1 1 1 1 1 1 1 1 1 1 1 1 1 1 1 1 1 1 1 1 1 1 1 1
binNumber 10000
binClassNumber 1
binClass_widthVector 120
binClass_lengthVector 120
binClass_disponibility 1000
itemClass_weight 3750 750 4650 1350 150 3150 2400 1800 560 280 2100 2520 5180 3080 280 2800 800 1280 800 1600 960 4800 3680 5280 640 5120 6720 1600 3520 1280 160 160 1260 420 4620 2380 2800 2940 980 1400 780 5590 3510 260 130 1690 780 2860 850 3570 2040 2550 2720 1360 340 6970 7350 150 1350 1200 2400 4200 150 1200 164 163 304 3630 5088 3192 3180 3381 805 2560 2416 320 158 4620 4186 3120 4125 4560 156 2448 2635 1485 5120 1520 1208 1580 4160 153 2618 2280 2788 166 3200 984 4186 760 4620 158 2416 1520 2544 304 1368 2310 3648 2822 4590 4960 4991 1208 3366 162 1520 162 3444 3171
