itemNumber 120
itemClassNumber 120
itemClass_widthVector 14 13 12 11 10 9 8 7 14 13 12 11 10 9 8 7 16 15 14 13 12 11 10 9 15 14 13 12 11 10 9 8 14 13 12 11 10 9 8 7 15 14 13 12 11 10 9 8 16 15 14 13 12 11 10 9 16 15 14 13 12 11 10 9 13 12 9 10 9 11 11 15 14 13 13 10 11 12 14 14 15 16 9 11 16 9 14 9 13 9 14 10 15 12 15 16 10 13 15 16 16 9 11 10 14 12 12 16 15 10 15 10 13 10 14 13 12 14 16 15
itemClass_lengthVector 24 2 8 4 21 3 52 6 26 21 18 9 13 8 9 16 45 7 17 5 2 18 5 21 21 4 2 54 2 5 14 18 61 9 15 17 2 2 1 13 12 15 19 24 13 18 16 3 17 18 15 1 3 34 3 29 19 2 34 19 5 20 17 4 5 3 51 3 51 22 20 23 7 8 8 3 22 5 8 2 3 24 53 20 24 53 9 53 5 51 1 3 24 20 1 25 4 3 3 25 25 53 20 4 2 3 5 25 1 3 1 3 7 4 2 4 3 7 24 24
itemClass_demand 1 1 1 1 1 1 1 1 1 1 1 1 1 1 1 1 1 1 1 1 1 1 1 1 1 1 1 1 1 1 1 1 1 1 1 1 1 1 1 1 1 1 1 1 1 1 1 1 1 1 1 1 1 1 1 1 1 1 1 1 1 1 1 1 1 1 1 1 1 1 1 1 1 1 1 1 1 1 1 1 1 1 1 1 1 1 1 1 1 1 1 1 1 1 1 1 1 1 1 1 1 1 1 1 1 1 1 1 1 1 1 1 1 1 1 1 1 1 1 1
binNumber 10000
binClassNumber 1
binClass_widthVector 120
binClass_lengthVector 120
binClass_disponibility 1000
itemClass_weight 3360 280 1120 560 2940 420 7280 840 3640 2940 2520 1260 1820 1120 1260 2240 7200 1120 2720 800 320 2880 800 3360 3150 600 300 8100 300 750 2100 2700 8540 1260 2100 2380 280 280 140 1820 1800 2250 2850 3600 1950 2700 2400 450 2720 2880 2400 160 480 5440 480 4640 3040 320 5440 3040 800 3200 2720 640 770 429 7752 423 7803 3388 2900 3289 994 1200 1176 456 3190 750 1136 292 426 3672 7897 3040 3432 7632 1341 8162 740 7701 147 450 3456 2820 145 3775 580 450 444 3725 3625 8056 3020 564 288 423 740 3700 146 435 154 465 1057 600 284 576 462 1022 3456 3696
