itemNumber 100
itemClassNumber 100
itemClass_widthVector 11 10 9 8 7 6 5 4 11 10 9 8 7 6 5 4 13 12 11 10 9 8 7 6 14 13 12 11 10 9 8 7 13 12 11 10 9 8 7 6 13 12 11 10 9 8 7 6 12 11 10 9 8 7 6 5 13 12 11 10 9 8 7 6 8 7 8 12 9 7 10 9 7 8 10 8 10 11 11 8 8 7 8 11 13 13 8 7 12 12 13 11 12 10 9 10 6 11 9 10
itemClass_lengthVector 14 20 1 5 2 11 46 1 3 10 41 1 20 19 3 3 14 4 7 25 14 7 10 19 1 3 8 12 8 23 15 30 22 16 14 5 1 2 35 5 3 6 14 35 2 5 20 15 9 6 11 34 1 19 8 12 4 4 19 7 2 5 25 34 3 12 3 13 4 11 1 5 12 1 1 3 1 20 20 3 2 10 3 19 15 15 2 10 20 21 15 21 20 1 4 2 46 21 4 1
itemClass_demand 1 1 1 1 1 1 1 1 1 1 1 1 1 1 1 1 1 1 1 1 1 1 1 1 1 1 1 1 1 1 1 1 1 1 1 1 1 1 1 1 1 1 1 1 1 1 1 1 1 1 1 1 1 1 1 1 1 1 1 1 1 1 1 1 1 1 1 1 1 1 1 1 1 1 1 1 1 1 1 1 1 1 1 1 1 1 1 1 1 1 1 1 1 1 1 1 1 1 1 1
binNumber 10000
binClassNumber 1
binClass_widthVector 100
binClass_lengthVector 100
binClass_disponibility 1000
itemClass_weight 1540 2200 110 550 220 1210 5060 110 330 1100 4510 110 2200 2090 330 330 1820 520 910 3250 1820 910 1300 2470 140 420 1120 1680 1120 3220 2100 4200 2860 2080 1820 650 130 260 4550 650 390 780 1820 4550 260 650 2600 1950 1080 720 1320 4080 120 2280 960 1440 520 520 2470 910 260 650 3250 4420 363 1452 354 1443 460 1331 113 605 1404 112 118 333 112 2260 2440 333 244 1140 345 2185 1695 1725 232 1150 2380 2415 1680 2478 2360 119 484 224 5566 2373 448 120
