itemNumber 60
itemClassNumber 60
itemClass_widthVector 10 9 8 7 6 5 10 9 8 7 6 5 10 9 8 7 6 5 12 11 10 9 8 7 9 8 7 6 5 4 9 8 7 6 5 4 8 9 12 11 7 10 11 8 12 10 7 7 10 7 8 8 9 9 11 12 8 9 7 11
itemClass_lengthVector 17 14 5 18 5 1 10 5 19 7 15 4 2 16 32 3 3 4 3 4 2 15 33 3 23 2 8 4 17 6 21 14 10 11 2 2 19 4 17 16 5 13 16 18 17 14 5 5 14 5 19 19 5 6 18 17 18 4 5 16
itemClass_demand 1 1 1 1 1 1 1 1 1 1 1 1 1 1 1 1 1 1 1 1 1 1 1 1 1 1 1 1 1 1 1 1 1 1 1 1 1 1 1 1 1 1 1 1 1 1 1 1 1 1 1 1 1 1 1 1 1 1 1 1
binNumber 10000
binClassNumber 1
binClass_widthVector 60
binClass_lengthVector 60
binClass_disponibility 1000
itemClass_weight 1700 1400 500 1800 500 100 1000 500 1900 700 1500 400 200 1600 3200 300 300 400 360 480 240 1800 3960 360 2070 180 720 360 1530 540 1890 1260 900 990 180 180 1938 412 1819 1712 545 1313 1664 1854 1802 1512 550 555 1470 505 1919 1919 555 648 1998 1887 1854 424 535 1680
