itemNumber 60
itemClassNumber 60
itemClass_widthVector 10 9 8 7 6 5 10 9 8 7 6 5 12 11 10 9 8 7 10 9 8 7 6 5 9 8 7 6 5 4 9 8 7 6 5 4 8 10 11 10 10 9 10 10 10 8 8 7 11 11 12 7 11 9 9 8 11 9 11 8
itemClass_lengthVector 6 3 7 17 19 8 13 12 7 5 21 2 27 4 3 24 1 1 7 18 15 3 11 6 5 5 28 1 13 8 19 4 13 19 2 3 18 3 7 2 3 7 4 4 3 17 16 19 7 5 7 19 5 7 7 16 7 7 5 16
itemClass_demand 1 1 1 1 1 1 1 1 1 1 1 1 1 1 1 1 1 1 1 1 1 1 1 1 1 1 1 1 1 1 1 1 1 1 1 1 1 1 1 1 1 1 1 1 1 1 1 1 1 1 1 1 1 1 1 1 1 1 1 1
binNumber 10000
binClassNumber 1
binClass_widthVector 60
binClass_lengthVector 60
binClass_disponibility 1000
itemClass_weight 600 300 700 1700 1900 800 1300 1200 700 500 2100 200 3240 480 360 2880 120 120 700 1800 1500 300 1100 600 450 450 2520 90 1170 720 1710 360 1170 1710 180 270 1890 327 742 212 321 749 408 416 303 1870 1712 2033 735 555 721 2090 515 735 707 1760 721 714 540 1632
