itemNumber 300
itemClassNumber 300
itemClass_widthVector 25 24 23 22 21 20 19 18 17 16 15 14 13 22 21 20 19 18 17 16 15 14 13 12 11 10 24 23 22 21 20 19 18 17 16 15 14 13 12 23 22 21 20 19 18 17 16 15 14 13 12 11 22 21 20 19 18 17 16 15 14 13 12 11 10 21 20 19 18 17 16 15 14 13 12 11 10 9 22 21 20 19 18 17 16 15 14 13 12 11 10 25 24 23 22 21 20 19 18 17 16 15 14 13 25 24 23 22 21 20 19 18 17 16 15 14 13 23 22 21 20 19 18 17 16 15 14 13 12 11 23 22 21 20 19 18 17 16 15 14 13 12 11 22 21 20 19 18 17 16 15 14 13 12 11 10 23 22 21 20 19 18 17 16 15 14 13 12 11 27 26 25 20 16 20 22 23 24 27 23 20 24 19 16 16 24 17 18 16 23 24 26 17 24 26 25 17 19 22 17 21 17 26 19 17 25 15 23 23 24 28 16 20 26 17 23 23 15 27 24 17 19 16 28 18 17 17 23 21 18 28 16 16 20 17 27 22 15 26 16 28 20 24 27 24 21 26 24 28 21 18 17 24 17 18 16 23 25 25 23 21 19 28 25 16 19 18 22 19 26 26 19 25 27 26 25 24 23 27 23 21 23 19 21 24 25 22 19 16 15 24 27 26 27 16 18 17 27 19 17
itemClass_lengthVector 46 3 50 3 34 76 6 33 25 1 7 5 11 15 47 38 26 30 27 3 35 29 8 6 31 5 9 56 22 62 8 14 21 2 6 51 20 15 14 10 2 32 45 10 38 19 54 22 10 8 26 24 73 11 53 20 9 22 5 1 46 6 6 3 45 8 24 7 41 19 20 19 79 24 11 3 14 31 11 5 20 7 23 5 12 14 39 96 24 27 17 17 27 79 5 13 1 2 47 30 7 15 15 42 16 22 1 27 4 26 84 58 16 13 3 11 19 5 65 27 70 29 2 6 22 44 2 11 9 8 17 14 17 4 7 57 35 38 20 68 1 12 10 7 41 56 6 9 12 12 27 58 37 5 5 25 2 4 29 10 20 3 50 18 4 33 65 11 51 2 47 51 34 7 32 34 77 2 3 4 6 51 25 6 8 49 2 24 6 75 49 50 1 4 50 3 6 33 35 1 75 7 47 33 8 3 4 76 76 34 47 8 34 46 1 33 35 6 45 50 6 26 8 47 1 6 8 35 7 25 47 8 6 7 7 3 76 6 3 5 45 5 35 45 51 6 4 49 45 7 1 1 51 6 1 7 4 3 4 76 6 26 46 50 7 34 1 75 32 3 47 26 49 3 2 4 35 34 47 33 75 2 34 6 2 2 34 33 6 6 2 47 47 2 6 2 6 45 26 1
itemClass_demand 1 1 1 1 1 1 1 1 1 1 1 1 1 1 1 1 1 1 1 1 1 1 1 1 1 1 1 1 1 1 1 1 1 1 1 1 1 1 1 1 1 1 1 1 1 1 1 1 1 1 1 1 1 1 1 1 1 1 1 1 1 1 1 1 1 1 1 1 1 1 1 1 1 1 1 1 1 1 1 1 1 1 1 1 1 1 1 1 1 1 1 1 1 1 1 1 1 1 1 1 1 1 1 1 1 1 1 1 1 1 1 1 1 1 1 1 1 1 1 1 1 1 1 1 1 1 1 1 1 1 1 1 1 1 1 1 1 1 1 1 1 1 1 1 1 1 1 1 1 1 1 1 1 1 1 1 1 1 1 1 1 1 1 1 1 1 1 1 1 1 1 1 1 1 1 1 1 1 1 1 1 1 1 1 1 1 1 1 1 1 1 1 1 1 1 1 1 1 1 1 1 1 1 1 1 1 1 1 1 1 1 1 1 1 1 1 1 1 1 1 1 1 1 1 1 1 1 1 1 1 1 1 1 1 1 1 1 1 1 1 1 1 1 1 1 1 1 1 1 1 1 1 1 1 1 1 1 1 1 1 1 1 1 1 1 1 1 1 1 1 1 1 1 1 1 1 1 1 1 1 1 1 1 1 1 1 1 1 1 1 1 1 1 1 1 1 1 1 1 1
binNumber 10000
binClassNumber 1
binClass_widthVector 300
binClass_lengthVector 300
binClass_disponibility 1000
itemClass_weight 11500 750 12500 750 8500 19000 1500 8250 6250 250 1750 1250 2750 3300 10340 8360 5720 6600 5940 660 7700 6380 1760 1320 6820 1100 2160 13440 5280 14880 1920 3360 5040 480 1440 12240 4800 3600 3360 2300 460 7360 10350 2300 8740 4370 12420 5060 2300 1840 5980 5520 16060 2420 11660 4400 1980 4840 1100 220 10120 1320 1320 660 9900 1680 5040 1470 8610 3990 4200 3990 16590 5040 2310 630 2940 6510 2420 1100 4400 1540 5060 1100 2640 3080 8580 21120 5280 5940 3740 4250 6750 19750 1250 3250 250 500 11750 7500 1750 3750 3750 10500 4000 5500 250 6750 1000 6500 21000 14500 4000 3250 750 2750 4750 1150 14950 6210 16100 6670 460 1380 5060 10120 460 2530 2070 1840 3910 3220 3910 920 1610 13110 8050 8740 4600 15640 230 2760 2300 1540 9020 12320 1320 1980 2640 2640 5940 12760 8140 1100 1100 5500 460 920 6670 2300 4600 690 11500 4140 920 7590 14950 2530 11730 508 11938 13566 8738 1925 8448 8840 20174 512 810 1028 1650 13617 6525 1554 2072 13181 534 6072 1572 19350 13279 13250 265 1096 12950 756 1626 8283 9205 274 19650 1932 11938 8415 2072 789 1060 20900 20748 9282 12126 2136 8704 11822 255 9042 8995 1620 12105 13300 1578 6604 2112 12079 258 1632 2136 9100 1778 6475 12267 2024 1590 1792 1757 780 20444 1644 795 1290 12060 1380 9590 12420 12801 1542 1100 12446 11745 1890 261 276 13158 1548 269 1883 1056 822 1044 19684 1572 6994 12374 13450 1778 8908 276 19800 8640 813 12878 6812 13132 810 542 1072 9660 9282 12408 9108 20100 502 9112 1596 510 516 8908 8646 1542 1602 534 12737 12878 540 1602 522 1542 11565 6630 260
