itemNumber 180
itemClassNumber 180
itemClass_widthVector 17 16 15 14 13 12 11 10 9 8 16 15 14 13 12 11 10 9 8 7 18 17 16 15 14 13 12 11 10 9 20 19 18 17 16 15 14 13 12 11 19 18 17 16 15 14 13 12 11 10 18 17 16 15 14 13 12 11 10 9 18 17 16 15 14 13 12 11 10 9 19 18 17 16 15 14 13 12 11 10 16 15 14 13 12 11 10 9 8 7 19 18 17 16 15 14 13 12 11 10 15 18 10 17 17 16 19 15 17 13 12 10 12 16 12 11 16 12 11 18 15 15 10 17 11 13 14 17 13 12 17 17 19 19 16 16 14 10 10 15 19 12 18 19 10 13 12 19 15 17 18 16 17 16 14 15 18 16 19 14 14 11 13 15 10 17 19 10 18 10 17 15 10 19 14 13 10 17 14 14
itemClass_lengthVector 6 22 24 17 11 4 22 40 13 21 41 36 25 7 4 16 18 2 20 11 2 29 86 1 5 6 5 7 12 27 30 3 35 5 31 12 6 46 6 6 18 8 82 8 3 1 10 39 7 4 18 11 23 58 10 1 38 8 9 4 7 9 1 34 3 18 4 59 33 12 11 15 4 10 27 51 2 12 20 28 11 13 58 11 1 18 6 34 7 21 10 14 4 15 78 11 10 11 17 10 10 23 13 23 24 18 7 18 24 4 21 12 23 16 39 41 16 39 40 21 12 17 13 21 39 23 4 23 3 40 23 24 5 7 23 25 10 14 12 17 5 22 23 7 14 23 39 7 16 24 23 25 24 24 4 12 5 23 7 5 5 40 4 10 13 24 6 14 22 12 25 12 14 5 4 4 12 22 4 12
itemClass_demand 1 1 1 1 1 1 1 1 1 1 1 1 1 1 1 1 1 1 1 1 1 1 1 1 1 1 1 1 1 1 1 1 1 1 1 1 1 1 1 1 1 1 1 1 1 1 1 1 1 1 1 1 1 1 1 1 1 1 1 1 1 1 1 1 1 1 1 1 1 1 1 1 1 1 1 1 1 1 1 1 1 1 1 1 1 1 1 1 1 1 1 1 1 1 1 1 1 1 1 1 1 1 1 1 1 1 1 1 1 1 1 1 1 1 1 1 1 1 1 1 1 1 1 1 1 1 1 1 1 1 1 1 1 1 1 1 1 1 1 1 1 1 1 1 1 1 1 1 1 1 1 1 1 1 1 1 1 1 1 1 1 1 1 1 1 1 1 1 1 1 1 1 1 1 1 1 1 1 1 1
binNumber 10000
binClassNumber 1
binClass_widthVector 180
binClass_lengthVector 180
binClass_disponibility 1000
itemClass_weight 1020 3740 4080 2890 1870 680 3740 6800 2210 3570 6560 5760 4000 1120 640 2560 2880 320 3200 1760 360 5220 15480 180 900 1080 900 1260 2160 4860 6000 600 7000 1000 6200 2400 1200 9200 1200 1200 3420 1520 15580 1520 570 190 1900 7410 1330 760 3240 1980 4140 10440 1800 180 6840 1440 1620 720 1260 1620 180 6120 540 3240 720 10620 5940 2160 2090 2850 760 1900 5130 9690 380 2280 3800 5320 1760 2080 9280 1760 160 2880 960 5440 1120 3360 1900 2660 760 2850 14820 2090 1900 2090 3230 1900 1750 4140 2366 4117 4512 3240 1218 3348 4464 748 3780 2196 4324 2816 7137 7011 2848 6981 7000 3591 2172 2941 2262 3948 6747 4140 700 3956 543 7400 3956 4344 865 1246 4209 4425 1860 2478 2184 3009 900 4136 4301 1253 2590 4002 6825 1239 2912 4368 3956 4650 4440 4320 732 2196 910 4025 1211 930 920 6920 708 1790 2353 4488 1074 2590 3784 2184 4625 2112 2604 885 684 724 2256 3938 716 2256
