itemNumber 120
itemClassNumber 120
itemClass_widthVector 14 13 12 11 10 9 8 7 14 13 12 11 10 9 8 7 16 15 14 13 12 11 10 9 15 14 13 12 11 10 9 8 16 15 14 13 12 11 10 9 13 12 11 10 9 8 7 6 17 16 15 14 13 12 11 10 15 14 13 12 11 10 9 8 12 15 15 15 10 11 10 13 12 11 13 13 15 14 11 16 12 14 10 10 11 13 14 10 9 15 16 14 13 12 14 11 9 13 13 10 15 12 10 12 10 16 12 14 9 15 15 12 10 10 10 12 9 13 15 9
itemClass_lengthVector 16 35 9 28 12 12 5 3 2 20 14 35 13 1 1 34 13 39 5 18 3 34 3 5 28 5 4 26 2 15 23 17 12 3 38 15 8 12 7 25 13 20 21 2 5 16 29 14 3 49 3 2 17 17 15 14 6 7 20 28 11 9 22 17 12 15 35 34 12 13 11 27 12 11 28 8 17 9 12 16 28 34 11 11 13 28 8 13 4 15 17 35 28 11 8 13 4 8 28 12 35 13 11 12 12 16 29 34 4 16 36 28 11 11 11 12 6 29 36 5
itemClass_demand 1 1 1 1 1 1 1 1 1 1 1 1 1 1 1 1 1 1 1 1 1 1 1 1 1 1 1 1 1 1 1 1 1 1 1 1 1 1 1 1 1 1 1 1 1 1 1 1 1 1 1 1 1 1 1 1 1 1 1 1 1 1 1 1 1 1 1 1 1 1 1 1 1 1 1 1 1 1 1 1 1 1 1 1 1 1 1 1 1 1 1 1 1 1 1 1 1 1 1 1 1 1 1 1 1 1 1 1 1 1 1 1 1 1 1 1 1 1 1 1
binNumber 10000
binClassNumber 1
binClass_widthVector 120
binClass_lengthVector 120
binClass_disponibility 1000
itemClass_weight 2240 4900 1260 3920 1680 1680 700 420 280 2800 1960 4900 1820 140 140 4760 2080 6240 800 2880 480 5440 480 800 4200 750 600 3900 300 2250 3450 2550 1920 480 6080 2400 1280 1920 1120 4000 1690 2600 2730 260 650 2080 3770 1820 510 8330 510 340 2890 2890 2550 2380 900 1050 3000 4200 1650 1350 3300 2550 1704 2115 5005 4930 1788 1937 1628 4023 1860 1661 3976 1152 2448 1287 1836 2384 4144 5202 1551 1705 1950 4144 1128 2015 616 2130 2397 4935 4256 1562 1208 1937 620 1176 4088 1740 5040 1833 1606 1740 1836 2304 4437 4930 612 2256 5508 4340 1672 1628 1562 1728 876 4089 5148 775
