itemNumber 50
itemClassNumber 50
itemClass_widthVector 8 7 6 5 4 3 8 7 6 5 4 3 8 7 6 5 4 3 9 8 7 6 5 4 9 8 7 6 5 4 8 7 6 5 4 3 9 8 9 8 8 6 8 9 8 9 6 9 9 7
itemClass_lengthVector 8 15 19 3 3 2 28 8 8 2 1 3 8 4 22 4 9 3 10 8 2 13 9 8 17 2 8 6 1 16 2 18 17 1 1 11 8 16 7 14 15 2 16 7 16 8 3 9 7 18
itemClass_demand 1 1 1 1 1 1 1 1 1 1 1 1 1 1 1 1 1 1 1 1 1 1 1 1 1 1 1 1 1 1 1 1 1 1 1 1 1 1 1 1 1 1 1 1 1 1 1 1 1 1
binNumber 10000
binClassNumber 1
binClass_widthVector 50
binClass_lengthVector 50
binClass_disponibility 1000
itemClass_weight 640 1200 1520 240 240 160 2240 640 640 160 80 240 640 320 1760 320 720 240 900 720 180 1170 810 720 1530 180 720 540 90 1440 160 1440 1360 80 80 880 648 1392 588 1204 1260 178 1312 574 1296 680 258 738 574 1566
