itemNumber 190
itemClassNumber 190
itemClass_widthVector 19 18 17 16 15 14 13 12 11 10 19 18 17 16 15 14 13 12 11 10 20 19 18 17 16 15 14 13 12 11 18 17 16 15 14 13 12 11 10 9 17 16 15 14 13 12 11 10 9 8 21 20 19 18 17 16 15 14 13 12 18 17 16 15 14 13 12 11 10 9 19 18 17 16 15 14 13 12 11 10 22 21 20 19 18 17 16 15 14 13 17 16 15 14 13 12 11 10 9 8 18 13 18 18 21 17 15 20 16 21 19 19 15 18 19 14 12 20 18 20 13 12 16 18 13 20 13 21 12 16 13 13 14 18 17 20 19 20 19 17 20 18 15 15 21 21 16 17 16 19 19 19 15 19 18 14 14 12 18 18 18 19 16 12 14 15 15 17 14 21 18 13 18 13 14 16 20 19 20 17 16 20 16 13 14 19 18 17 19 14
itemClass_lengthVector 10 8 5 1 31 7 46 4 18 60 31 6 38 4 29 31 5 3 28 15 47 17 13 4 12 24 3 30 29 11 11 9 19 4 45 20 18 17 29 18 16 57 7 35 33 18 9 5 8 2 21 13 9 21 10 27 1 13 13 62 4 18 17 7 1 13 65 26 18 21 16 11 74 1 1 21 20 19 12 15 7 12 7 13 15 40 44 8 12 32 22 5 10 31 12 8 35 1 54 12 5 19 1 2 9 30 7 7 6 10 8 5 46 4 6 5 19 11 5 10 17 18 7 6 17 9 5 10 17 30 5 4 5 2 1 8 9 7 6 30 8 1 46 7 10 10 32 1 30 5 6 8 45 8 1 3 46 19 5 1 1 5 30 19 3 47 47 1 46 9 4 19 2 3 3 8 10 4 8 1 30 10 32 17 3 4 6 1 6 46
itemClass_demand 1 1 1 1 1 1 1 1 1 1 1 1 1 1 1 1 1 1 1 1 1 1 1 1 1 1 1 1 1 1 1 1 1 1 1 1 1 1 1 1 1 1 1 1 1 1 1 1 1 1 1 1 1 1 1 1 1 1 1 1 1 1 1 1 1 1 1 1 1 1 1 1 1 1 1 1 1 1 1 1 1 1 1 1 1 1 1 1 1 1 1 1 1 1 1 1 1 1 1 1 1 1 1 1 1 1 1 1 1 1 1 1 1 1 1 1 1 1 1 1 1 1 1 1 1 1 1 1 1 1 1 1 1 1 1 1 1 1 1 1 1 1 1 1 1 1 1 1 1 1 1 1 1 1 1 1 1 1 1 1 1 1 1 1 1 1 1 1 1 1 1 1 1 1 1 1 1 1 1 1 1 1 1 1 1 1 1 1 1 1
binNumber 10000
binClassNumber 1
binClass_widthVector 190
binClass_lengthVector 190
binClass_disponibility 1000
itemClass_weight 1900 1520 950 190 5890 1330 8740 760 3420 11400 5890 1140 7220 760 5510 5890 950 570 5320 2850 9400 3400 2600 800 2400 4800 600 6000 5800 2200 1980 1620 3420 720 8100 3600 3240 3060 5220 3240 2720 9690 1190 5950 5610 3060 1530 850 1360 340 4410 2730 1890 4410 2100 5670 210 2730 2730 13020 720 3240 3060 1260 180 2340 11700 4680 3240 3780 3040 2090 14060 190 190 3990 3800 3610 2280 2850 1540 2640 1540 2860 3300 8800 9680 1760 2640 7040 3740 850 1700 5270 2040 1360 5950 170 9180 2040 1040 3762 198 404 1854 6150 1386 1379 1260 1930 1648 965 8878 764 1170 975 3629 2277 985 2000 3383 3456 1449 1242 3332 1755 1040 1940 3349 6210 965 796 1035 416 204 1608 1836 1358 1170 5940 1568 207 9062 1414 2050 2070 6208 199 5970 1015 1206 1568 8595 1680 194 624 8832 3686 980 207 207 955 5730 3933 582 9776 9259 195 8970 1836 812 3990 384 597 606 1584 2020 812 1656 193 6090 2000 6176 3417 630 828 1254 192 1164 8786
