itemNumber 160
itemClassNumber 160
itemClass_widthVector 19 18 17 16 15 14 13 12 11 18 17 16 15 14 13 12 11 10 17 16 15 14 13 12 11 10 9 19 18 17 16 15 14 13 12 11 18 17 16 15 14 13 12 11 10 16 15 14 13 12 11 10 9 8 18 17 16 15 14 13 12 11 10 16 15 14 13 12 11 10 9 8 19 18 17 16 15 14 13 12 11 19 16 17 18 17 17 17 16 15 19 16 19 16 19 18 13 19 13 14 19 16 16 16 17 16 15 19 13 19 19 15 14 15 14 16 18 14 18 17 18 17 13 19 16 21 18 13 18 14 18 17 17 19 13 20 19 15 20 19 13 18 17 19 20 19 16 16 19 16 19 16 16 18 19 20 15 19 14 17
itemClass_lengthVector 4 23 29 8 34 23 19 7 13 1 1 32 9 11 2 19 6 79 17 21 5 25 10 7 66 4 5 6 9 31 20 26 12 17 3 36 31 32 2 24 2 28 13 3 25 24 14 33 17 5 39 8 17 3 9 4 8 40 43 33 16 1 6 28 6 10 10 42 10 6 33 15 29 9 33 4 7 22 17 2 37 23 24 35 30 34 35 35 22 24 28 35 30 35 30 28 6 28 6 7 24 22 34 22 35 34 20 28 6 23 23 19 7 18 7 23 29 6 29 33 8 34 8 29 24 4 28 8 7 7 8 33 35 28 7 3 22 18 3 24 6 29 7 23 24 28 24 24 30 35 24 35 23 30 24 24 19 24 18 9
itemClass_demand 1 1 1 1 1 1 1 1 1 1 1 1 1 1 1 1 1 1 1 1 1 1 1 1 1 1 1 1 1 1 1 1 1 1 1 1 1 1 1 1 1 1 1 1 1 1 1 1 1 1 1 1 1 1 1 1 1 1 1 1 1 1 1 1 1 1 1 1 1 1 1 1 1 1 1 1 1 1 1 1 1 1 1 1 1 1 1 1 1 1 1 1 1 1 1 1 1 1 1 1 1 1 1 1 1 1 1 1 1 1 1 1 1 1 1 1 1 1 1 1 1 1 1 1 1 1 1 1 1 1 1 1 1 1 1 1 1 1 1 1 1 1 1 1 1 1 1 1 1 1 1 1 1 1 1 1 1 1 1 1
binNumber 10000
binClassNumber 1
binClass_widthVector 160
binClass_lengthVector 160
binClass_disponibility 1000
itemClass_weight 760 4370 5510 1520 6460 4370 3610 1330 2470 180 180 5760 1620 1980 360 3420 1080 14220 2890 3570 850 4250 1700 1190 11220 680 850 1140 1710 5890 3800 4940 2280 3230 570 6840 5580 5760 360 4320 360 5040 2340 540 4500 3840 2240 5280 2720 800 6240 1280 2720 480 1620 720 1440 7200 7740 5940 2880 180 1080 4480 960 1600 1600 6720 1600 960 5280 2400 5510 1710 6270 760 1330 4180 3230 380 7030 4600 4944 7035 6180 6970 7070 7140 4444 4968 5768 7140 6000 6895 6300 5376 1152 5488 1224 1470 4752 4466 7072 4268 7315 6936 4100 5852 1260 4669 4623 3762 1421 3600 1337 4600 5626 1152 5974 6336 1560 7140 1528 6032 4968 808 5572 1664 1428 1421 1544 6897 7000 5824 1428 597 4422 3708 594 4800 1260 5597 1421 4807 5040 5404 4944 4608 5850 6965 4776 6930 4508 6030 4632 4752 3819 4992 3672 1737
