itemNumber 200
itemClassNumber 200
itemClass_widthVector 19 18 17 16 15 14 13 12 11 10 9 17 16 15 14 13 12 11 10 9 8 7 17 16 15 14 13 12 11 10 9 8 7 19 18 17 16 15 14 13 12 11 10 9 19 18 17 16 15 14 13 12 11 10 9 16 15 14 13 12 11 10 9 8 7 6 19 18 17 16 15 14 13 12 11 10 9 16 15 14 13 12 11 10 9 8 7 6 19 18 17 16 15 14 13 12 11 10 9 20 19 18 17 16 15 14 13 12 11 10 19 18 17 16 15 14 13 12 11 10 9 13 14 13 17 15 17 17 21 20 20 11 15 21 13 16 21 19 20 20 13 14 11 21 12 14 21 17 12 19 12 17 13 14 12 21 21 20 15 20 11 18 21 17 18 13 11 14 16 17 18 11 11 20 19 18 18 18 15 19 15 11 16 20 14 20 16 11 18 20 12 11 11 19 18 18 14 13 19 15
itemClass_lengthVector 25 7 19 30 51 16 3 9 16 11 13 11 7 1 14 71 28 7 6 18 24 13 5 8 31 13 16 24 8 13 5 38 39 43 11 42 20 18 5 8 12 3 33 5 8 21 39 14 25 22 16 12 25 12 6 21 5 19 37 23 49 3 11 4 8 20 20 4 19 16 9 16 45 48 6 1 16 1 10 7 53 3 5 33 21 22 36 9 14 4 22 21 18 2 12 14 60 32 1 9 19 1 1 66 48 9 21 8 13 5 16 5 9 49 15 5 30 15 35 8 13 15 4 9 30 2 31 51 24 26 8 10 3 24 8 51 24 6 25 6 16 4 10 25 16 9 25 51 15 6 16 50 16 8 17 24 24 7 15 6 12 18 26 50 29 16 12 9 17 30 19 11 10 6 7 31 19 18 15 7 3 12 51 24 4 7 17 10 30 6 16 12 11 19 20 30 2 9 20 16
itemClass_demand 1 1 1 1 1 1 1 1 1 1 1 1 1 1 1 1 1 1 1 1 1 1 1 1 1 1 1 1 1 1 1 1 1 1 1 1 1 1 1 1 1 1 1 1 1 1 1 1 1 1 1 1 1 1 1 1 1 1 1 1 1 1 1 1 1 1 1 1 1 1 1 1 1 1 1 1 1 1 1 1 1 1 1 1 1 1 1 1 1 1 1 1 1 1 1 1 1 1 1 1 1 1 1 1 1 1 1 1 1 1 1 1 1 1 1 1 1 1 1 1 1 1 1 1 1 1 1 1 1 1 1 1 1 1 1 1 1 1 1 1 1 1 1 1 1 1 1 1 1 1 1 1 1 1 1 1 1 1 1 1 1 1 1 1 1 1 1 1 1 1 1 1 1 1 1 1 1 1 1 1 1 1 1 1 1 1 1 1 1 1 1 1 1 1 1 1 1 1 1 1
binNumber 10000
binClassNumber 1
binClass_widthVector 200
binClass_lengthVector 200
binClass_disponibility 1000
itemClass_weight 4750 1330 3610 5700 9690 3040 570 1710 3040 2090 2470 1870 1190 170 2380 12070 4760 1190 1020 3060 4080 2210 850 1360 5270 2210 2720 4080 1360 2210 850 6460 6630 8170 2090 7980 3800 3420 950 1520 2280 570 6270 950 1520 3990 7410 2660 4750 4180 3040 2280 4750 2280 1140 3360 800 3040 5920 3680 7840 480 1760 640 1280 3200 3800 760 3610 3040 1710 3040 8550 9120 1140 190 3040 160 1600 1120 8480 480 800 5280 3360 3520 5760 1440 2660 760 4180 3990 3420 380 2280 2660 11400 6080 190 1800 3800 200 200 13200 9600 1800 4200 1600 2600 1000 3040 950 1710 9310 2850 950 5700 2850 6650 1520 2470 3090 772 1800 5880 412 6231 10302 4944 5044 1592 2020 603 4944 1664 10404 4728 1164 5225 1164 3344 840 1990 4800 3104 1719 5200 10659 3135 1260 3120 10450 3264 1664 3434 5040 4800 1470 3135 1236 2508 3762 5252 9600 5916 3312 2412 1845 3383 6030 3990 2211 1930 1212 1442 6169 3705 3672 3135 1407 618 2400 10098 4608 780 1344 3315 1970 5850 1158 3104 2424 2233 3857 4160 5790 392 1782 4140 3152
