itemNumber 100
itemClassNumber 100
itemClass_widthVector 12 11 10 9 8 7 6 5 11 10 9 8 7 6 5 4 12 11 10 9 8 7 6 5 13 12 11 10 9 8 7 6 13 12 11 10 9 8 7 6 13 12 11 10 9 8 7 6 14 13 12 11 10 9 8 7 12 11 10 9 8 7 6 5 9 11 10 7 13 13 9 12 12 13 13 12 8 13 11 7 8 7 10 9 13 7 14 12 8 9 9 8 9 8 7 13 8 10 12 12
itemClass_lengthVector 5 16 35 19 3 4 6 12 22 1 18 8 6 13 4 28 24 30 4 8 6 15 8 5 36 10 17 1 1 1 19 15 35 4 1 22 17 12 8 1 7 1 6 11 49 10 12 4 5 3 15 24 8 37 6 2 17 4 3 9 15 19 28 5 4 35 20 6 15 5 3 34 36 6 5 15 3 17 34 7 4 5 19 4 4 5 6 36 3 2 4 4 2 4 7 5 3 20 17 34
itemClass_demand 1 1 1 1 1 1 1 1 1 1 1 1 1 1 1 1 1 1 1 1 1 1 1 1 1 1 1 1 1 1 1 1 1 1 1 1 1 1 1 1 1 1 1 1 1 1 1 1 1 1 1 1 1 1 1 1 1 1 1 1 1 1 1 1 1 1 1 1 1 1 1 1 1 1 1 1 1 1 1 1 1 1 1 1 1 1 1 1 1 1 1 1 1 1 1 1 1 1 1 1
binNumber 10000
binClassNumber 1
binClass_widthVector 100
binClass_lengthVector 100
binClass_disponibility 1000
itemClass_weight 600 1920 4200 2280 360 480 720 1440 2420 110 1980 880 660 1430 440 3080 2880 3600 480 960 720 1800 960 600 4680 1300 2210 130 130 130 2470 1950 4550 520 130 2860 2210 1560 1040 130 910 130 780 1430 6370 1300 1560 520 700 420 2100 3360 1120 5180 840 280 2040 480 360 1080 1800 2280 3360 600 500 4375 2500 768 1830 645 387 4250 4716 786 615 1920 372 2074 4420 875 516 605 2318 496 492 620 768 4464 381 254 488 484 250 484 854 665 363 2560 2057 4250
