itemNumber 700
itemClassNumber 700
itemClass_widthVector 37 36 35 34 33 32 31 30 29 28 27 26 25 24 23 22 21 20 19 34 33 32 31 30 29 28 27 26 25 24 23 22 21 20 19 18 17 16 33 32 31 30 29 28 27 26 25 24 23 22 21 20 19 18 17 16 15 36 35 34 33 32 31 30 29 28 27 26 25 24 23 22 21 20 19 18 37 36 35 34 33 32 31 30 29 28 27 26 25 24 23 22 21 20 19 34 33 32 31 30 29 28 27 26 25 24 23 22 21 20 19 18 17 16 34 33 32 31 30 29 28 27 26 25 24 23 22 21 20 19 18 17 16 35 34 33 32 31 30 29 28 27 26 25 24 23 22 21 20 19 18 17 39 38 37 36 35 34 33 32 31 30 29 28 27 26 25 24 23 22 21 37 36 35 34 33 32 31 30 29 28 27 26 25 24 23 22 21 20 19 35 34 33 32 31 30 29 28 27 26 25 24 23 22 21 20 19 18 17 39 38 37 36 35 34 33 32 31 30 29 28 27 26 25 24 23 22 21 40 39 38 37 36 35 34 33 32 31 30 29 28 27 26 25 24 23 22 39 38 37 36 35 34 33 32 31 30 29 28 27 26 25 24 23 22 21 38 37 36 35 34 33 32 31 30 29 28 27 26 25 24 23 22 21 20 40 39 38 37 36 35 34 33 32 31 30 29 28 27 26 25 24 23 22 37 36 35 34 33 32 31 30 29 28 27 26 25 24 23 22 21 20 19 39 38 37 36 35 34 33 32 31 30 29 28 27 26 25 24 23 22 21 37 36 35 34 33 32 31 30 29 28 27 26 25 24 23 22 21 20 19 29 30 38 31 36 24 32 27 22 35 32 38 29 31 36 34 29 41 30 24 41 23 40 34 25 38 32 25 25 30 22 26 29 38 36 22 26 25 23 25 33 33 25 23 23 23 27 28 22 23 24 34 33 24 32 38 33 32 38 32 27 30 30 21 30 29 29 39 40 34 38 36 27 39 21 35 36 36 23 38 32 36 28 35 34 34 24 36 33 34 25 31 36 24 23 28 37 38 28 33 35 28 24 23 36 21 35 28 34 32 32 32 30 34 23 28 28 30 27 30 29 27 34 39 28 31 22 39 33 37 32 34 40 29 27 37 30 22 38 35 32 40 27 29 30 31 25 27 37 37 26 33 38 27 30 25 29 38 26 25 31 39 26 27 26 39 32 34 31 29 40 22 37 38 37 34 37 38 36 25 35 25 36 28 39 23 23 28 37 35 31 37 38 36 35 26 23 25 34 40 36 30 22 33 25 34 36 36 27 35 31 39 27 31 40 32 25 34 25 25 34 27 26 29 28 23 39 41 29 30 37 22 30 22 32 26 30 39 24 24 36 34 37 38 33 24 40 35 41 30 34 26 24 24 35 23 34 22 22 23 27 38 24 22 24 25 40 33 28 35 33 25 39 33 35 35 36 32 26 31 28 22 30 30 29 31 39 32 39 38 39 37 25 31 28 36 36 36 34 23 27 33 32 37 27 23 23 31 35 26 33 31 36 37 21 25 28 23 32 22 22 33 38 27 24 29 30 40 31 32 26 23 28 40 24 35 39 36 31
itemClass_lengthVector 81 131 17 8 76 8 43 5 61 1 19 17 6 29 22 55 5 8 108 81 88 15 54 3 62 15 1 7 37 34 15 76 25 2 42 12 73 58 45 19 20 3 76 75 24 198 14 12 7 18 1 1 66 5 24 87 5 3 58 116 54 19 6 67 4 6 6 10 15 140 7 14 76 19 37 43 120 41 79 107 31 38 2 53 8 54 10 28 10 21 18 24 19 16 21 58 93 10 14 3 54 146 4 47 1 49 1 5 6 23 70 27 18 71 128 43 98 52 18 61 15 38 8 5 10 4 12 23 70 26 40 34 15 124 29 3 66 5 20 2 18 31 107 34 21 34 29 8 58 82 5 24 165 19 6 30 1 20 4 12 6 51 66 118 8 4 22 11 121 11 25 46 18 3 25 34 15 17 14 196 31 29 17 2 102 69 22 7 41 12 49 63 12 35 29 37 54 12 33 16 68 29 71 22 30 28 56 28 28 23 16 97 1 3 52 54 10 47 74 6 61 50 35 51 14 68 13 25 70 1 8 19 28 22 67 8 1 22 38 39 45 47 29 187 8 58 3 22 47 63 22 3 96 39 17 4 5 11 50 19 71 37 13 48 58 75 9 11 13 30 7 67 15 37 16 34 68 19 46 156 95 10 41 12 14 8 46 37 16 29 13 13 52 57 57 7 47 17 118 33 2 19 31 98 128 16 91 1 7 18 26 18 4 18 44 17 100 15 3 44 31 55 64 32 9 39 62 5 85 33 3 115 28 38 25 57 44 44 2 51 25 3 14 11 107 32 17 56 10 19 7 151 41 81 26 39 31 17 6 8 27 18 2 16 4 18 21 62 18 4 8 62 8 1 60 7 7 19 81 62 6 81 54 130 42 54 131 42 28 30 62 4 5 2 7 76 4 7 55 54 55 43 8 56 7 5 55 5 6 6 4 5 44 5 22 5 17 43 60 132 61 28 2 60 9 62 20 18 131 82 8 81 8 30 17 9 76 9 9 6 7 4 8 20 75 7 4 23 75 6 44 21 60 75 22 54 18 8 9 7 8 9 6 56 56 7 9 43 7 43 4 60 60 1 44 8 20 18 62 30 1 18 17 77 132 16 60 4 82 44 8 43 7 131 16 17 8 61 5 16 43 60 82 28 1 62 60 22 29 8 75 28 6 130 6 62 23 19 81 28 56 1 132 29 16 6 130 42 7 6 17 82 8 7 80 7 76 76 9 76 22 7 55 16 18 81 56 7 7 17 7 5 76 17 8 76 23 7 56 5 82 9 60 6 4 21 9 18 7 28 42 61 18 18 5 132 6 23 42 29 30 9 7 30 18 18 56 81 80 19 1 130 6 18 7 61 6 19 130 23 54 7 44 9 8 42 23 80 43 80 60 75 30 6 55 7 6 7 9 6 6 7 80 23 7 22 29 132 42 5 9 44 28 80 4 9 7 75 62 23 2 18 6 61 1 17 61 131 62 131 80 81 17 21 2 18 17 9 7 76 55 16 42 61 76 7 6 9 60 77 23 44 1 17 16 9 29 20 5 4 6 6 5 16 5 23 20 60 130 4 6 28 5 19 130 55 75 131 9 4
itemClass_demand 1 1 1 1 1 1 1 1 1 1 1 1 1 1 1 1 1 1 1 1 1 1 1 1 1 1 1 1 1 1 1 1 1 1 1 1 1 1 1 1 1 1 1 1 1 1 1 1 1 1 1 1 1 1 1 1 1 1 1 1 1 1 1 1 1 1 1 1 1 1 1 1 1 1 1 1 1 1 1 1 1 1 1 1 1 1 1 1 1 1 1 1 1 1 1 1 1 1 1 1 1 1 1 1 1 1 1 1 1 1 1 1 1 1 1 1 1 1 1 1 1 1 1 1 1 1 1 1 1 1 1 1 1 1 1 1 1 1 1 1 1 1 1 1 1 1 1 1 1 1 1 1 1 1 1 1 1 1 1 1 1 1 1 1 1 1 1 1 1 1 1 1 1 1 1 1 1 1 1 1 1 1 1 1 1 1 1 1 1 1 1 1 1 1 1 1 1 1 1 1 1 1 1 1 1 1 1 1 1 1 1 1 1 1 1 1 1 1 1 1 1 1 1 1 1 1 1 1 1 1 1 1 1 1 1 1 1 1 1 1 1 1 1 1 1 1 1 1 1 1 1 1 1 1 1 1 1 1 1 1 1 1 1 1 1 1 1 1 1 1 1 1 1 1 1 1 1 1 1 1 1 1 1 1 1 1 1 1 1 1 1 1 1 1 1 1 1 1 1 1 1 1 1 1 1 1 1 1 1 1 1 1 1 1 1 1 1 1 1 1 1 1 1 1 1 1 1 1 1 1 1 1 1 1 1 1 1 1 1 1 1 1 1 1 1 1 1 1 1 1 1 1 1 1 1 1 1 1 1 1 1 1 1 1 1 1 1 1 1 1 1 1 1 1 1 1 1 1 1 1 1 1 1 1 1 1 1 1 1 1 1 1 1 1 1 1 1 1 1 1 1 1 1 1 1 1 1 1 1 1 1 1 1 1 1 1 1 1 1 1 1 1 1 1 1 1 1 1 1 1 1 1 1 1 1 1 1 1 1 1 1 1 1 1 1 1 1 1 1 1 1 1 1 1 1 1 1 1 1 1 1 1 1 1 1 1 1 1 1 1 1 1 1 1 1 1 1 1 1 1 1 1 1 1 1 1 1 1 1 1 1 1 1 1 1 1 1 1 1 1 1 1 1 1 1 1 1 1 1 1 1 1 1 1 1 1 1 1 1 1 1 1 1 1 1 1 1 1 1 1 1 1 1 1 1 1 1 1 1 1 1 1 1 1 1 1 1 1 1 1 1 1 1 1 1 1 1 1 1 1 1 1 1 1 1 1 1 1 1 1 1 1 1 1 1 1 1 1 1 1 1 1 1 1 1 1 1 1 1 1 1 1 1 1 1 1 1 1 1 1 1 1 1 1 1 1 1 1 1 1 1 1 1 1 1 1 1 1 1 1 1 1 1 1 1 1 1 1 1 1 1 1 1 1 1 1 1 1 1 1 1 1 1 1 1 1 1 1 1 1 1 1 1 1 1 1 1 1 1 1 1 1 1 1 1 1 1 1 1 1 1 1 1 1 1 1 1 1 1 1 1 1 1 1 1 1 1 1 1 1 1 1 1 1 1 1 1 1 1 1
binNumber 10000
binClassNumber 1
binClass_widthVector 700
binClass_lengthVector 700
binClass_disponibility 1000
itemClass_weight 29970 48470 6290 2960 28120 2960 15910 1850 22570 370 7030 6290 2220 10730 8140 20350 1850 2960 39960 27540 29920 5100 18360 1020 21080 5100 340 2380 12580 11560 5100 25840 8500 680 14280 4080 24820 19720 14850 6270 6600 990 25080 24750 7920 65340 4620 3960 2310 5940 330 330 21780 1650 7920 28710 1650 1080 20880 41760 19440 6840 2160 24120 1440 2160 2160 3600 5400 50400 2520 5040 27360 6840 13320 15480 44400 15170 29230 39590 11470 14060 740 19610 2960 19980 3700 10360 3700 7770 6660 8880 7030 5920 7770 19720 31620 3400 4760 1020 18360 49640 1360 15980 340 16660 340 1700 2040 7820 23800 9180 6120 24140 43520 14620 33320 17680 6120 20740 5100 12920 2720 1700 3400 1360 4080 7820 23800 8840 13600 11560 5100 43400 10150 1050 23100 1750 7000 700 6300 10850 37450 11900 7350 11900 10150 2800 20300 28700 1750 8400 64350 7410 2340 11700 390 7800 1560 4680 2340 19890 25740 46020 3120 1560 8580 4290 47190 4290 9750 17020 6660 1110 9250 12580 5550 6290 5180 72520 11470 10730 6290 740 37740 25530 8140 2590 15170 4440 17150 22050 4200 12250 10150 12950 18900 4200 11550 5600 23800 10150 24850 7700 10500 9800 19600 9800 9800 8970 6240 37830 390 1170 20280 21060 3900 18330 28860 2340 23790 19500 13650 19890 5460 26520 5070 9750 28000 400 3200 7600 11200 8800 26800 3200 400 8800 15200 15600 18000 18800 11600 74800 3200 23200 1200 8580 18330 24570 8580 1170 37440 15210 6630 1560 1950 4290 19500 7410 27690 14430 5070 18720 22620 29250 3420 4180 4940 11400 2660 25460 5700 14060 6080 12920 25840 7220 17480 59280 36100 3800 15580 4560 5320 3200 18400 14800 6400 11600 5200 5200 20800 22800 22800 2800 18800 6800 47200 13200 800 7600 12400 39200 47360 5920 33670 370 2590 6660 9620 6660 1480 6660 16280 6290 37000 5550 1110 16280 11470 20350 23680 12480 3510 15210 24180 1950 33150 12870 1170 44850 10920 14820 9750 22230 17160 17160 780 19890 9750 1170 5180 4070 39590 11840 6290 20720 3700 7030 2590 55870 15170 29970 9620 14430 11470 6290 2220 2960 9990 6984 750 6016 1552 6966 8421 23622 7110 1540 3168 25048 3224 394 23880 2849 2723 7657 31185 24800 2226 30375 20628 52000 15624 20736 52138 16170 10752 12180 24738 1488 1935 806 2744 30628 1608 2674 22440 20520 21230 17372 3216 22400 2765 1885 22440 1960 2262 2238 1552 1910 16412 1880 8338 1965 6528 17157 24360 49500 22997 11340 764 23580 3492 25048 7960 6894 49387 31078 3032 30699 3248 11670 6817 3357 29640 3609 3537 2388 2653 1496 3128 7800 29175 2695 1604 9039 29250 2238 17600 8148 22500 27825 8294 20034 6984 3248 3636 2618 3208 3537 2412 21112 22568 2807 3492 17501 2716 17243 1600 22980 22800 405 17116 3064 7640 6894 25048 11460 385 6948 6596 28875 53460 6448 23460 1604 31734 17160 3184 16082 2604 52269 6400 6732 3224 23973 1930 6192 17458 23100 30504 11004 393 23126 23760 8206 11252 3264 28575 10556 2376 52650 2238 23560 9016 7144 30699 11004 22176 393 48972 10875 6048 2334 52260 16632 2709 2370 6749 32472 3088 2779 30560 2793 29564 30020 3582 28500 8316 2744 21835 6160 7146 31671 22400 2667 2702 6494 2821 2025 30096 6409 3160 29944 9246 2716 21392 1900 33374 3555 23700 2388 1544 7917 3375 6984 2835 11312 16632 22997 6840 6822 1985 52272 2424 8947 16590 11716 11670 3348 2856 12180 7326 6984 22456 32238 32080 7638 397 48750 2352 7344 2716 22814 2442 7125 49920 9338 20790 2737 17028 3528 3032 16800 8763 32160 17544 32480 24120 28500 11310 2436 21175 2660 2316 2674 3357 2418 2436 2646 30720 9154 2737 8558 11774 50820 16590 1980 3663 17072 10724 31760 1524 3564 2723 28050 25110 9338 790 7056 2286 23424 408 6460 22753 52400 24552 49911 30320 31914 6817 8526 790 7110 6511 3456 2681 28956 21835 6416 16380 23485 29336 2597 2226 3528 23040 28952 9246 17732 397 6800 6240 3402 11513 7880 1855 1552 2376 2250 1950 6352 1945 8924 8140 23700 51740 1632 2304 10808 2025 7372 50310 21670 29250 48994 3573 1496
