itemNumber 600
itemClassNumber 600
itemClass_widthVector 31 30 29 28 27 26 25 24 23 22 21 20 19 18 17 16 15 14 31 30 29 28 27 26 25 24 23 22 21 20 19 18 17 16 15 14 33 32 31 30 29 28 27 26 25 24 23 22 21 20 19 18 17 16 31 30 29 28 27 26 25 24 23 22 21 20 19 18 17 16 15 14 36 35 34 33 32 31 30 29 28 27 26 25 24 23 22 21 20 19 36 35 34 33 32 31 30 29 28 27 26 25 24 23 22 21 20 19 36 35 34 33 32 31 30 29 28 27 26 25 24 23 22 21 20 19 36 35 34 33 32 31 30 29 28 27 26 25 24 23 22 21 20 19 32 31 30 29 28 27 26 25 24 23 22 21 20 19 18 17 16 15 30 29 28 27 26 25 24 23 22 21 20 19 18 17 16 15 14 13 37 36 35 34 33 32 31 30 29 28 27 26 25 24 23 22 21 20 29 28 27 26 25 24 23 22 21 20 19 18 17 16 15 14 13 12 35 34 33 32 31 30 29 28 27 26 25 24 23 22 21 20 19 18 36 35 34 33 32 31 30 29 28 27 26 25 24 23 22 21 20 19 29 28 27 26 25 24 23 22 21 20 19 18 17 16 15 14 13 12 36 35 34 33 32 31 30 29 28 27 26 25 24 23 22 21 20 19 34 33 32 31 30 29 28 27 26 25 24 23 22 21 20 19 18 17 32 31 30 29 28 27 26 25 24 23 22 21 20 19 18 17 16 15 23 21 27 26 17 26 30 18 26 21 24 26 34 24 28 30 20 19 31 31 30 29 19 26 27 23 22 19 30 28 31 16 31 30 34 24 31 22 21 19 23 31 16 28 16 23 33 24 24 16 24 19 22 31 26 22 25 16 24 30 31 30 16 26 34 23 26 28 24 21 21 21 25 31 24 24 16 24 34 25 30 25 18 30 19 24 20 25 27 19 26 29 31 35 27 31 31 29 28 21 17 17 28 20 27 31 26 23 24 29 19 20 24 18 24 18 16 23 22 24 27 28 19 23 27 26 34 29 31 30 24 33 23 30 34 23 24 20 26 31 26 34 18 23 16 18 30 18 28 20 25 33 29 20 21 29 32 26 17 30 31 20 34 21 18 31 17 18 20 26 19 17 18 24 20 31 16 17 18 33 27 27 29 17 32 26 31 17 35 19 19 21 18 25 31 29 22 33 25 19 18 32 35 19 31 25 21 23 18 16 32 18 22 31 28 29 17 31 17 32 20 24 27 32 22 34 29 17 27 23 28 31 32 21 34 20 26 19 31 23 21 31 16 22 28 23 24 31 26 32 24 25 25 18 31 23 18 24 34 26 17 27 24 25 17 32 16 27 18 20 29 20 32 20 31 17
itemClass_lengthVector 10 13 4 3 2 73 117 6 11 87 65 42 16 59 33 14 12 33 36 53 22 57 10 71 127 4 4 19 11 11 25 42 29 13 28 38 58 75 72 6 155 8 19 31 13 56 4 20 8 7 36 7 9 16 72 41 51 8 1 17 66 6 14 4 18 4 28 23 113 43 32 59 32 5 24 104 61 3 77 23 76 32 20 5 57 10 8 21 32 10 18 84 5 92 7 5 93 30 22 32 12 12 32 61 7 5 71 12 117 20 2 32 3 45 22 21 13 24 42 6 2 28 124 18 33 48 13 2 26 6 47 17 7 1 47 27 53 38 19 121 8 30 7 131 65 1 49 73 33 36 9 55 4 40 36 8 52 6 14 74 1 44 21 52 2 2 18 9 122 24 1 1 23 36 32 69 146 7 28 7 33 17 16 64 16 16 21 28 1 42 5 48 17 120 107 8 8 33 8 84 50 35 5 50 8 26 18 41 83 3 38 49 15 29 36 22 54 34 39 33 10 11 42 34 100 30 17 33 39 31 20 57 1 15 5 116 2 7 65 23 37 30 18 85 31 23 8 50 42 5 26 27 14 11 52 34 10 19 70 4 77 13 79 10 120 46 24 2 2 13 4 171 28 1 81 28 56 30 20 18 24 12 51 6 9 5 50 6 21 26 22 3 29 55 13 5 92 12 86 69 21 20 5 18 26 77 32 145 51 10 13 4 10 1 59 13 27 37 8 3 30 53 79 25 86 16 72 118 13 10 2 14 5 15 65 116 10 86 1 3 16 34 14 13 3 3 33 12 5 42 43 60 4 1 12 12 12 2 11 11 13 66 15 58 66 2 13 72 12 41 13 87 66 11 65 33 43 12 10 43 87 11 12 2 4 2 13 118 11 86 6 117 11 17 17 42 88 3 88 87 12 12 13 88 3 11 14 3 58 11 59 11 118 58 116 3 3 9 118 14 3 73 118 15 12 13 116 60 118 2 10 86 12 1 60 59 87 14 64 34 12 66 64 10 74 118 59 88 6 12 9 1 13 3 12 9 43 4 11 43 11 60 7 14 5 10 13 41 13 34 5 14 72 15 88 11 3 59 17 3 12 12 15 4 2 60 14 16 34 13 14 13 17 6 34 15 33 10 16 3 12 11 33 11 74 5 73 11 14 6 13 13 10 58 34 17 14 12 5 2 42 9 5 60 33 3 11 60 3 86 43 88 15 12 10 33 64 3 118 4 11 2 15 14 59 11 74 13 64 13 74 12 6 64 72 14 4 16 14 59 10 59 14 65 43 5 13 65 3 66 65 14 11 3 11 88 5 13 5 88 33 65 14 116 11 116 66 7 13 12 11 117 15 17 72 60 10 60 5 12
itemClass_demand 1 1 1 1 1 1 1 1 1 1 1 1 1 1 1 1 1 1 1 1 1 1 1 1 1 1 1 1 1 1 1 1 1 1 1 1 1 1 1 1 1 1 1 1 1 1 1 1 1 1 1 1 1 1 1 1 1 1 1 1 1 1 1 1 1 1 1 1 1 1 1 1 1 1 1 1 1 1 1 1 1 1 1 1 1 1 1 1 1 1 1 1 1 1 1 1 1 1 1 1 1 1 1 1 1 1 1 1 1 1 1 1 1 1 1 1 1 1 1 1 1 1 1 1 1 1 1 1 1 1 1 1 1 1 1 1 1 1 1 1 1 1 1 1 1 1 1 1 1 1 1 1 1 1 1 1 1 1 1 1 1 1 1 1 1 1 1 1 1 1 1 1 1 1 1 1 1 1 1 1 1 1 1 1 1 1 1 1 1 1 1 1 1 1 1 1 1 1 1 1 1 1 1 1 1 1 1 1 1 1 1 1 1 1 1 1 1 1 1 1 1 1 1 1 1 1 1 1 1 1 1 1 1 1 1 1 1 1 1 1 1 1 1 1 1 1 1 1 1 1 1 1 1 1 1 1 1 1 1 1 1 1 1 1 1 1 1 1 1 1 1 1 1 1 1 1 1 1 1 1 1 1 1 1 1 1 1 1 1 1 1 1 1 1 1 1 1 1 1 1 1 1 1 1 1 1 1 1 1 1 1 1 1 1 1 1 1 1 1 1 1 1 1 1 1 1 1 1 1 1 1 1 1 1 1 1 1 1 1 1 1 1 1 1 1 1 1 1 1 1 1 1 1 1 1 1 1 1 1 1 1 1 1 1 1 1 1 1 1 1 1 1 1 1 1 1 1 1 1 1 1 1 1 1 1 1 1 1 1 1 1 1 1 1 1 1 1 1 1 1 1 1 1 1 1 1 1 1 1 1 1 1 1 1 1 1 1 1 1 1 1 1 1 1 1 1 1 1 1 1 1 1 1 1 1 1 1 1 1 1 1 1 1 1 1 1 1 1 1 1 1 1 1 1 1 1 1 1 1 1 1 1 1 1 1 1 1 1 1 1 1 1 1 1 1 1 1 1 1 1 1 1 1 1 1 1 1 1 1 1 1 1 1 1 1 1 1 1 1 1 1 1 1 1 1 1 1 1 1 1 1 1 1 1 1 1 1 1 1 1 1 1 1 1 1 1 1 1 1 1 1 1 1 1 1 1 1 1 1 1 1 1 1 1 1 1 1 1 1 1 1 1 1 1 1 1 1 1 1 1 1 1 1 1 1 1 1 1 1 1 1 1 1 1 1 1 1 1 1 1 1 1 1 1 1 1 1 1 1 1 1 1 1 1 1 1 1 1 1 1
binNumber 10000
binClassNumber 1
binClass_widthVector 600
binClass_lengthVector 600
binClass_disponibility 1000
itemClass_weight 3100 4030 1240 930 620 22630 36270 1860 3410 26970 20150 13020 4960 18290 10230 4340 3720 10230 11160 16430 6820 17670 3100 22010 39370 1240 1240 5890 3410 3410 7750 13020 8990 4030 8680 11780 19140 24750 23760 1980 51150 2640 6270 10230 4290 18480 1320 6600 2640 2310 11880 2310 2970 5280 22320 12710 15810 2480 310 5270 20460 1860 4340 1240 5580 1240 8680 7130 35030 13330 9920 18290 11520 1800 8640 37440 21960 1080 27720 8280 27360 11520 7200 1800 20520 3600 2880 7560 11520 3600 6480 30240 1800 33120 2520 1800 33480 10800 7920 11520 4320 4320 11520 21960 2520 1800 25560 4320 42120 7200 720 11520 1080 16200 7920 7560 4680 8640 15120 2160 720 10080 44640 6480 11880 17280 4680 720 9360 2160 16920 6120 2520 360 16920 9720 19080 13680 6840 43560 2880 10800 2520 47160 20800 320 15680 23360 10560 11520 2880 17600 1280 12800 11520 2560 16640 1920 4480 23680 320 14080 6300 15600 600 600 5400 2700 36600 7200 300 300 6900 10800 9600 20700 43800 2100 8400 2100 12210 6290 5920 23680 5920 5920 7770 10360 370 15540 1850 17760 6290 44400 39590 2960 2960 12210 2320 24360 14500 10150 1450 14500 2320 7540 5220 11890 24070 870 11020 14210 4350 8410 10440 6380 18900 11900 13650 11550 3500 3850 14700 11900 35000 10500 5950 11550 13650 10850 7000 19950 350 5250 1800 41760 720 2520 23400 8280 13320 10800 6480 30600 11160 8280 2880 18000 15120 1800 9360 9720 4060 3190 15080 9860 2900 5510 20300 1160 22330 3770 22910 2900 34800 13340 6960 580 580 3770 1440 61560 10080 360 29160 10080 20160 10800 7200 6480 8640 4320 18360 2160 3240 1800 18000 2160 7140 8840 7480 1020 9860 18700 4420 1700 31280 4080 29240 23460 7140 6800 1700 6120 8840 26180 10240 46400 16320 3200 4160 1280 3200 320 18880 4160 8640 11840 2560 960 9600 16960 25280 8000 27950 5072 22464 40356 4316 3220 650 4494 1700 4905 20670 36076 3350 27606 335 942 5056 10574 4466 4394 1026 969 10824 3912 1610 13188 13889 19680 1268 338 4092 3972 4068 678 3476 3630 4251 21582 4755 19256 22506 678 4277 24120 4044 12915 4381 28536 20526 3641 20475 11220 13588 4104 3320 14448 28884 3520 3828 628 1312 630 4095 39884 3762 29412 2004 36855 3421 5355 5321 13566 27368 993 29656 27753 3852 4056 4368 27456 1005 3674 4760 960 18676 3619 19883 3762 39648 18502 36192 1023 966 2826 39294 4718 984 22922 37288 4935 3816 4355 37932 20520 40356 666 3390 28208 4044 323 19200 20119 28188 4564 20608 10676 3888 22506 20416 3140 24050 38940 18408 27808 1992 4020 2997 320 4108 978 4008 3024 14018 1312 3498 13717 3751 19800 2233 4508 1640 3270 4121 13694 4290 10880 1620 4606 24408 4920 27368 3685 1014 19883 5338 933 3996 3996 4890 1284 662 19620 4718 5312 10880 4186 4368 4186 5389 1956 11356 5070 11286 3110 4992 1005 3840 3432 11088 3718 24568 1605 22776 3586 4410 1908 4121 4043 3280 19198 10914 5491 4480 3864 1660 654 14280 2943 1615 19140 10428 942 3685 19140 957 28896 13975 29304 4740 4080 3340 10362 20288 978 39648 1340 3421 670 4920 4550 19824 3509 25160 4368 20160 4199 23902 3876 1890 20032 24552 4704 1320 5456 4368 18880 3340 18762 4438 20345 14706 1660 4173 20800 1008 22044 21710 4564 3619 963 3509 28776 1640 4212 1660 27544 10296 20865 4508 37004 3740 39440 21978 2177 4251 3792 3553 38142 4965 5491 23760 20040 3170 19920 1615 4068
