itemNumber 170
itemClassNumber 170
itemClass_widthVector 15 14 13 12 11 10 9 8 7 6 19 18 17 16 15 14 13 12 11 10 19 18 17 16 15 14 13 12 11 10 16 15 14 13 12 11 10 9 8 7 17 16 15 14 13 12 11 10 9 8 17 16 15 14 13 12 11 10 9 8 17 16 15 14 13 12 11 10 9 8 15 14 13 12 11 10 9 8 7 6 18 17 16 15 14 13 12 11 10 9 17 16 15 14 13 12 11 10 9 8 10 9 13 12 16 10 12 13 14 16 10 17 10 14 14 17 9 15 13 9 9 15 13 14 9 14 8 13 14 12 17 14 15 13 10 8 8 8 9 8 16 11 16 15 12 17 13 8 10 10 14 8 13 15 13 12 17 12 11 12 8 13 14 14 9 9 12 16 15 9
itemClass_lengthVector 31 27 9 1 13 11 9 1 18 50 22 3 28 18 27 6 9 37 6 14 8 15 4 4 1 34 6 1 56 41 25 41 35 6 5 6 4 3 28 17 6 62 10 11 3 3 14 12 25 24 1 6 23 35 8 19 38 4 17 19 9 32 34 10 10 36 13 9 2 15 23 4 7 18 16 19 23 11 44 5 24 9 24 9 29 13 1 5 25 31 16 4 5 58 11 27 18 26 1 4 10 1 12 14 31 9 12 12 2 27 9 31 10 1 1 30 1 10 1 1 2 10 13 8 1 8 17 13 9 12 30 9 28 14 8 17 19 17 1 19 26 11 28 9 10 30 2 19 8 10 2 19 1 27 1 12 30 14 10 12 18 2 9 2 2 2 11 31 8 1
itemClass_demand 1 1 1 1 1 1 1 1 1 1 1 1 1 1 1 1 1 1 1 1 1 1 1 1 1 1 1 1 1 1 1 1 1 1 1 1 1 1 1 1 1 1 1 1 1 1 1 1 1 1 1 1 1 1 1 1 1 1 1 1 1 1 1 1 1 1 1 1 1 1 1 1 1 1 1 1 1 1 1 1 1 1 1 1 1 1 1 1 1 1 1 1 1 1 1 1 1 1 1 1 1 1 1 1 1 1 1 1 1 1 1 1 1 1 1 1 1 1 1 1 1 1 1 1 1 1 1 1 1 1 1 1 1 1 1 1 1 1 1 1 1 1 1 1 1 1 1 1 1 1 1 1 1 1 1 1 1 1 1 1 1 1 1 1 1 1 1 1 1 1
binNumber 10000
binClassNumber 1
binClass_widthVector 170
binClass_lengthVector 170
binClass_disponibility 1000
itemClass_weight 4650 4050 1350 150 1950 1650 1350 150 2700 7500 4180 570 5320 3420 5130 1140 1710 7030 1140 2660 1520 2850 760 760 190 6460 1140 190 10640 7790 4000 6560 5600 960 800 960 640 480 4480 2720 1020 10540 1700 1870 510 510 2380 2040 4250 4080 170 1020 3910 5950 1360 3230 6460 680 2890 3230 1530 5440 5780 1700 1700 6120 2210 1530 340 2550 3450 600 1050 2700 2400 2850 3450 1650 6600 750 4320 1620 4320 1620 5220 2340 180 900 4500 5580 2720 680 850 9860 1870 4590 3060 4420 170 680 1510 151 1896 2212 4774 1440 1812 1920 302 4401 1413 4898 1580 153 152 4920 153 1650 162 161 304 1550 1976 1280 162 1256 2686 2106 1458 1848 4770 1413 4564 2156 1224 2669 2983 2754 153 3002 4316 1782 4452 1386 1610 4710 324 3021 1224 1660 310 3040 156 4104 163 1896 4560 2212 1520 1968 2970 332 1431 308 302 328 1683 4898 1272 163
