itemNumber 90
itemClassNumber 90
itemClass_widthVector 13 12 11 10 9 8 7 13 12 11 10 9 8 7 13 12 11 10 9 8 7 12 11 10 9 8 7 6 14 13 12 11 10 9 8 13 12 11 10 9 8 7 12 11 10 9 8 7 6 15 15 14 10 14 15 12 14 10 12 10 9 10 9 11 14 10 9 10 13 13 13 13 14 12 13 9 15 9 10 15 13 10 9 12 12 14 9 14 14 12
itemClass_lengthVector 13 11 37 5 13 2 9 2 19 47 11 1 4 6 26 4 12 15 10 9 14 11 19 3 8 25 5 19 1 2 6 19 22 38 2 26 9 9 29 8 6 3 2 6 5 19 28 3 27 13 13 10 14 10 14 37 12 13 4 12 1 12 3 5 12 13 2 13 12 11 10 37 12 38 36 3 12 2 14 14 10 13 3 37 4 13 2 14 14 6
itemClass_demand 1 1 1 1 1 1 1 1 1 1 1 1 1 1 1 1 1 1 1 1 1 1 1 1 1 1 1 1 1 1 1 1 1 1 1 1 1 1 1 1 1 1 1 1 1 1 1 1 1 1 1 1 1 1 1 1 1 1 1 1 1 1 1 1 1 1 1 1 1 1 1 1 1 1 1 1 1 1 1 1 1 1 1 1 1 1 1 1 1 1
binNumber 10000
binClassNumber 1
binClass_widthVector 90
binClass_lengthVector 90
binClass_disponibility 1000
itemClass_weight 1690 1430 4810 650 1690 260 1170 260 2470 6110 1430 130 520 780 3380 520 1560 1950 1300 1170 1820 1320 2280 360 960 3000 600 2280 139 278 834 2641 3058 5282 278 3380 1170 1170 3770 1040 780 390 240 720 600 2280 3360 360 3240 1742 1703 1440 1834 1350 2016 4884 1572 1820 576 1596 134 1596 423 685 1572 1846 274 1807 1596 1485 1320 4958 1620 5016 4896 420 1632 262 1932 1904 1380 1846 429 5217 572 1820 280 1848 1890 822
