itemNumber 300
itemClassNumber 300
itemClass_widthVector 22 21 20 19 18 17 16 15 14 13 12 11 10 26 25 24 23 22 21 20 19 18 17 16 15 14 21 20 19 18 17 16 15 14 13 12 11 10 9 23 22 21 20 19 18 17 16 15 14 13 12 11 22 21 20 19 18 17 16 15 14 13 12 11 10 24 23 22 21 20 19 18 17 16 15 14 13 12 24 23 22 21 20 19 18 17 16 15 14 13 12 24 23 22 21 20 19 18 17 16 15 14 13 12 25 24 23 22 21 20 19 18 17 16 15 14 13 22 21 20 19 18 17 16 15 14 13 12 11 10 21 20 19 18 17 16 15 14 13 12 11 10 9 25 24 23 22 21 20 19 18 17 16 15 14 13 21 20 19 18 17 16 15 14 13 12 11 10 9 20 18 22 14 16 15 13 22 13 20 14 19 12 23 16 17 22 13 12 22 18 14 25 16 13 19 13 15 20 13 21 20 13 24 14 19 13 18 15 24 19 14 21 22 14 18 14 17 15 13 21 16 15 16 24 20 24 15 16 16 18 13 16 14 17 25 12 15 19 14 16 18 14 13 25 22 23 19 15 19 16 24 22 16 12 14 19 18 13 15 20 14 15 20 20 24 18 24 14 19 22 19 13 23 16 23 14 16 13 12 18 17 20 17 16 22 17 20 13 17 17 17 23 22 17 16 14 19 13 25 18
itemClass_lengthVector 2 10 2 2 37 65 19 26 37 22 7 49 22 12 40 10 34 53 3 19 43 3 40 3 25 15 16 7 22 11 28 106 12 23 16 10 10 6 33 3 26 38 39 81 10 22 28 16 3 15 7 12 8 1 8 20 6 4 81 3 7 6 88 51 17 13 43 3 38 33 3 27 16 22 18 27 12 45 16 9 6 34 44 6 38 12 38 16 50 26 5 20 31 37 12 3 3 72 16 28 31 8 33 6 50 60 11 16 37 3 18 25 29 24 1 7 19 21 17 16 5 11 51 29 15 44 42 32 14 3 7 1 13 3 23 9 3 38 45 10 60 23 65 6 8 7 31 55 45 10 1 1 37 30 14 55 42 4 1 55 5 20 17 14 27 45 48 17 5 1 18 11 6 26 37 6 2 50 1 23 37 50 11 37 25 2 7 49 1 20 21 1 38 8 65 49 23 1 7 2 38 50 9 22 37 48 20 36 10 38 23 2 2 22 20 7 20 37 8 1 36 22 37 9 2 11 37 37 38 64 49 37 22 19 2 50 23 38 23 36 19 23 48 2 3 1 65 37 37 36 11 10 25 48 8 36 65 50 38 38 23 37 38 2 3 18 11 22 37 3 37 48 9 25 3 6 38 7 48 18 18 37 27 27 9 26 36 6 18 19 27 3 1 18 27 6 66 8 3 65
itemClass_demand 1 1 1 1 1 1 1 1 1 1 1 1 1 1 1 1 1 1 1 1 1 1 1 1 1 1 1 1 1 1 1 1 1 1 1 1 1 1 1 1 1 1 1 1 1 1 1 1 1 1 1 1 1 1 1 1 1 1 1 1 1 1 1 1 1 1 1 1 1 1 1 1 1 1 1 1 1 1 1 1 1 1 1 1 1 1 1 1 1 1 1 1 1 1 1 1 1 1 1 1 1 1 1 1 1 1 1 1 1 1 1 1 1 1 1 1 1 1 1 1 1 1 1 1 1 1 1 1 1 1 1 1 1 1 1 1 1 1 1 1 1 1 1 1 1 1 1 1 1 1 1 1 1 1 1 1 1 1 1 1 1 1 1 1 1 1 1 1 1 1 1 1 1 1 1 1 1 1 1 1 1 1 1 1 1 1 1 1 1 1 1 1 1 1 1 1 1 1 1 1 1 1 1 1 1 1 1 1 1 1 1 1 1 1 1 1 1 1 1 1 1 1 1 1 1 1 1 1 1 1 1 1 1 1 1 1 1 1 1 1 1 1 1 1 1 1 1 1 1 1 1 1 1 1 1 1 1 1 1 1 1 1 1 1 1 1 1 1 1 1 1 1 1 1 1 1 1 1 1 1 1 1 1 1 1 1 1 1 1 1 1 1 1 1 1 1 1 1 1 1
binNumber 10000
binClassNumber 1
binClass_widthVector 300
binClass_lengthVector 300
binClass_disponibility 1000
itemClass_weight 440 2200 440 440 8140 14300 4180 5720 8140 4840 1540 10780 4840 3120 10400 2600 8840 13780 780 4940 11180 780 10400 780 6500 3900 3360 1470 4620 2310 5880 22260 2520 4830 3360 2100 2100 1260 6930 690 5980 8740 8970 18630 2300 5060 6440 3680 690 3450 1610 2760 1760 220 1760 4400 1320 880 17820 660 1540 1320 19360 11220 3740 3120 10320 720 9120 7920 720 6480 3840 5280 4320 6480 2880 10800 3840 2160 1440 8160 10560 1440 9120 2880 9120 3840 12000 6240 1200 4800 7440 8880 2880 720 720 17280 3840 6720 7440 1920 7920 1440 12500 15000 2750 4000 9250 750 4500 6250 7250 6000 250 1750 4750 4620 3740 3520 1100 2420 11220 6380 3300 9680 9240 7040 3080 660 1470 210 2730 630 4830 1890 630 7980 9450 2100 12600 4830 13650 1500 2000 1750 7750 13750 11250 2500 250 250 9250 7500 3500 13750 8820 840 210 11550 1050 4200 3570 2940 5670 9450 10080 3570 1050 228 4284 2431 1392 5824 8769 1350 448 11250 231 5198 8214 11450 2574 8806 5775 442 1554 11711 229 4520 4956 231 9196 1824 14820 11662 5543 237 1659 486 8588 12000 2133 4950 8843 11616 4660 8532 2240 8550 5405 466 450 4928 4480 1596 4540 8177 1832 225 8280 4972 8658 2097 442 2431 8251 8658 9006 15040 11270 8954 5302 4522 480 11750 5589 8930 5336 8604 4560 5428 11568 482 687 221 15730 8695 8695 8532 2574 2420 5925 11184 1920 8208 14495 11750 8588 8816 5359 8732 9234 484 693 4086 2486 5280 8325 696 8288 10704 2079 5550 681 1458 8778 1680 10944 4230 4104 8399 6237 6129 1989 6214 8136 1326 4302 4237 5967 711 224 3978 6183 1398 15114 1824 678 15080
