itemNumber 110
itemClassNumber 110
itemClass_widthVector 15 14 13 12 11 10 9 8 14 13 12 11 10 9 8 7 13 12 11 10 9 8 7 6 15 14 13 12 11 10 9 8 14 13 12 11 10 9 8 7 13 12 11 10 9 8 7 6 13 12 11 10 9 8 7 6 13 12 11 10 9 8 7 6 12 14 16 14 11 13 10 13 14 15 16 12 17 16 15 15 11 13 14 15 15 14 16 12 13 13 16 15 13 16 13 14 12 17 10 17 15 15 10 16 15 10 16 12 14 14
itemClass_lengthVector 14 18 16 1 12 9 4 36 10 7 1 39 23 18 5 7 24 2 1 14 29 11 6 23 9 25 5 4 33 2 27 5 8 15 1 9 28 1 29 19 6 10 8 2 32 22 11 19 5 7 15 11 6 12 10 44 11 9 3 58 8 4 10 7 10 2 15 15 9 1 4 2 2 16 17 9 14 14 17 17 8 12 1 17 15 17 18 8 13 13 17 19 1 17 1 1 11 14 4 15 17 15 5 17 17 5 14 10 1 2
itemClass_demand 1 1 1 1 1 1 1 1 1 1 1 1 1 1 1 1 1 1 1 1 1 1 1 1 1 1 1 1 1 1 1 1 1 1 1 1 1 1 1 1 1 1 1 1 1 1 1 1 1 1 1 1 1 1 1 1 1 1 1 1 1 1 1 1 1 1 1 1 1 1 1 1 1 1 1 1 1 1 1 1 1 1 1 1 1 1 1 1 1 1 1 1 1 1 1 1 1 1 1 1 1 1 1 1 1 1 1 1 1 1
binNumber 10000
binClassNumber 1
binClass_widthVector 110
binClass_lengthVector 110
binClass_disponibility 1000
itemClass_weight 2100 2700 2400 150 1800 1350 600 5400 1400 980 140 5460 3220 2520 700 980 3120 260 130 1820 3770 1430 780 2990 1350 3750 750 600 4950 300 4050 750 1120 2100 140 1260 3920 140 4060 2660 780 1300 1040 260 4160 2860 1430 2470 650 910 1950 1430 780 1560 1300 5720 1430 1170 390 7540 1040 520 1300 910 1590 310 2490 2325 1404 152 620 330 332 2608 2652 1404 2268 2240 2822 2737 1328 1908 162 2788 2430 2652 2880 1248 2080 1963 2652 2888 152 2652 164 153 1782 2226 648 2310 2720 2460 825 2822 2754 815 2254 1640 160 326
