itemNumber 500
itemClassNumber 500
itemClass_widthVector 30 29 28 27 26 25 24 23 22 21 20 19 18 17 16 15 33 32 31 30 29 28 27 26 25 24 23 22 21 20 19 18 32 31 30 29 28 27 26 25 24 23 22 21 20 19 18 17 33 32 31 30 29 28 27 26 25 24 23 22 21 20 19 18 33 32 31 30 29 28 27 26 25 24 23 22 21 20 19 18 30 29 28 27 26 25 24 23 22 21 20 19 18 17 16 15 30 29 28 27 26 25 24 23 22 21 20 19 18 17 16 15 31 30 29 28 27 26 25 24 23 22 21 20 19 18 17 16 34 33 32 31 30 29 28 27 26 25 24 23 22 21 20 19 31 30 29 28 27 26 25 24 23 22 21 20 19 18 17 16 28 27 26 25 24 23 22 21 20 19 18 17 16 15 14 13 28 27 26 25 24 23 22 21 20 19 18 17 16 15 14 13 33 32 31 30 29 28 27 26 25 24 23 22 21 20 19 18 32 31 30 29 28 27 26 25 24 23 22 21 20 19 18 17 30 29 28 27 26 25 24 23 22 21 20 19 18 17 16 15 32 31 30 29 28 27 26 25 24 23 22 21 20 19 18 17 32 32 21 26 23 30 28 25 31 19 22 19 17 31 27 20 21 30 17 24 21 30 25 22 29 19 23 30 20 26 27 31 29 27 17 24 32 27 24 20 32 29 28 19 28 20 31 17 28 29 29 25 21 31 29 23 25 28 24 23 24 22 18 31 23 25 26 24 28 21 31 31 34 23 20 24 25 24 20 25 19 30 30 24 22 20 27 26 29 27 23 24 19 30 28 33 27 32 32 25 25 27 29 19 26 20 22 23 23 24 32 25 18 30 21 20 17 22 18 26 18 24 30 23 18 23 20 25 22 31 31 30 34 23 24 27 26 21 19 21 18 25 19 26 20 20 31 26 25 20 25 30 29 26 18 21 29 26 18 29 24 26 25 31 19 28 28 30 32 20 32 33 20 19 19 17 21 23 19 18 28 24 26 24 20 17 18 25 30 27 26 28 31 24 25 20 23 32 23 27 28 30 25 29 21 18 29 23 30 18 28 25 17 30 25 34 20 22 27 21 27 19 21 25 28 31 17 32 30 24 27 25 31 23 17 20 18 17 22 22 32 17 20 22
itemClass_lengthVector 22 25 2 24 23 60 73 47 29 10 10 31 51 8 41 44 3 40 1 87 12 19 47 26 21 27 53 4 23 68 47 22 38 7 57 37 21 11 2 20 11 11 75 33 23 17 36 101 1 10 49 49 30 17 41 6 13 88 26 82 31 11 44 2 8 58 41 18 64 2 42 15 51 2 7 11 7 101 65 8 20 36 67 8 1 69 15 36 11 43 55 18 43 42 29 7 24 7 17 20 3 20 54 25 16 3 42 41 21 164 42 1 23 21 23 108 6 8 43 48 81 17 29 54 8 11 14 6 16 27 156 27 9 2 27 2 12 20 58 21 8 45 49 21 102 22 5 39 40 13 6 29 69 13 3 71 1 44 20 23 110 31 21 34 16 30 11 14 54 24 22 59 4 2 42 26 25 31 4 13 49 67 40 46 48 5 8 63 9 6 77 9 4 41 22 34 92 6 12 20 2 88 49 85 3 8 12 22 15 5 13 79 29 35 40 4 6 24 32 112 21 30 26 29 73 34 33 16 99 14 10 15 19 120 3 10 16 27 7 4 56 10 61 11 25 11 49 20 1 9 16 149 44 10 8 20 25 26 30 74 30 25 25 30 1 51 10 50 40 25 73 30 11 25 41 30 9 24 30 10 1 7 9 3 50 47 72 23 23 61 40 28 26 74 30 51 26 2 61 51 25 51 24 42 24 25 3 29 30 21 24 28 72 23 30 30 48 11 40 2 9 47 74 29 24 32 21 2 22 11 50 47 28 46 30 73 7 1 3 10 10 32 24 46 24 60 11 9 50 25 25 21 72 24 24 28 47 60 1 52 74 50 11 30 10 47 25 48 7 25 31 52 40 11 40 48 42 29 24 28 8 10 50 74 11 25 21 3 23 11 28 24 59 9 9 30 42 47 51 48 32 52 22 48 29 50 72 3 2 74 40 30 1 46 40 23 9 48 46 2 9 23 61 25 21 51 23 22 50 7 51 42 32 28 50 7 60 28 46 30 50 42 8 29 2 72 48 59 26 48 46 31 9 23 9 74 60 25 74 23 32 8 3 11 1 8 23 73 41 23 47 23 31 11 59 10 72 51 30 29 61 3 42 23 24 10 59 46 1 30 41 31 40 41 10 11 22 42 52 11
itemClass_demand 1 1 1 1 1 1 1 1 1 1 1 1 1 1 1 1 1 1 1 1 1 1 1 1 1 1 1 1 1 1 1 1 1 1 1 1 1 1 1 1 1 1 1 1 1 1 1 1 1 1 1 1 1 1 1 1 1 1 1 1 1 1 1 1 1 1 1 1 1 1 1 1 1 1 1 1 1 1 1 1 1 1 1 1 1 1 1 1 1 1 1 1 1 1 1 1 1 1 1 1 1 1 1 1 1 1 1 1 1 1 1 1 1 1 1 1 1 1 1 1 1 1 1 1 1 1 1 1 1 1 1 1 1 1 1 1 1 1 1 1 1 1 1 1 1 1 1 1 1 1 1 1 1 1 1 1 1 1 1 1 1 1 1 1 1 1 1 1 1 1 1 1 1 1 1 1 1 1 1 1 1 1 1 1 1 1 1 1 1 1 1 1 1 1 1 1 1 1 1 1 1 1 1 1 1 1 1 1 1 1 1 1 1 1 1 1 1 1 1 1 1 1 1 1 1 1 1 1 1 1 1 1 1 1 1 1 1 1 1 1 1 1 1 1 1 1 1 1 1 1 1 1 1 1 1 1 1 1 1 1 1 1 1 1 1 1 1 1 1 1 1 1 1 1 1 1 1 1 1 1 1 1 1 1 1 1 1 1 1 1 1 1 1 1 1 1 1 1 1 1 1 1 1 1 1 1 1 1 1 1 1 1 1 1 1 1 1 1 1 1 1 1 1 1 1 1 1 1 1 1 1 1 1 1 1 1 1 1 1 1 1 1 1 1 1 1 1 1 1 1 1 1 1 1 1 1 1 1 1 1 1 1 1 1 1 1 1 1 1 1 1 1 1 1 1 1 1 1 1 1 1 1 1 1 1 1 1 1 1 1 1 1 1 1 1 1 1 1 1 1 1 1 1 1 1 1 1 1 1 1 1 1 1 1 1 1 1 1 1 1 1 1 1 1 1 1 1 1 1 1 1 1 1 1 1 1 1 1 1 1 1 1 1 1 1 1 1 1 1 1 1 1 1 1 1 1 1 1 1 1 1 1 1 1 1 1 1 1 1 1 1 1 1 1 1 1 1 1 1 1 1 1 1 1 1 1 1 1 1 1 1 1 1 1 1 1 1 1 1 1
binNumber 10000
binClassNumber 1
binClass_widthVector 500
binClass_lengthVector 500
binClass_disponibility 1000
itemClass_weight 6600 7500 600 7200 6900 18000 21900 14100 8700 3000 3000 9300 15300 2400 12300 13200 990 13200 330 28710 3960 6270 15510 8580 6930 8910 17490 1320 7590 22440 15510 7260 12160 2240 18240 11840 6720 3520 640 6400 3520 3520 24000 10560 7360 5440 11520 32320 330 3300 16170 16170 9900 5610 13530 1980 4290 29040 8580 27060 10230 3630 14520 660 2640 19140 13530 5940 21120 660 13860 4950 16830 660 2310 3630 2310 33330 21450 2640 6000 10800 20100 2400 300 20700 4500 10800 3300 12900 16500 5400 12900 12600 8700 2100 7200 2100 5100 6000 900 6000 16200 7500 4800 900 12600 12300 6300 49200 12600 300 7130 6510 7130 33480 1860 2480 13330 14880 25110 5270 8990 16740 2480 3410 4340 1860 5440 9180 53040 9180 3060 680 9180 680 4080 6800 19720 7140 2720 15300 16660 7140 31620 6820 1550 12090 12400 4030 1860 8990 21390 4030 930 22010 310 13640 6200 7130 30800 8680 5880 9520 4480 8400 3080 3920 15120 6720 6160 16520 1120 560 11760 7280 7000 8680 1120 3640 13720 18760 11200 12880 13440 1400 2240 17640 2520 1680 21560 2520 1320 13530 7260 11220 30360 1980 3960 6600 660 29040 16170 28050 990 2640 3960 7260 4800 1600 4160 25280 9280 11200 12800 1280 1920 7680 10240 35840 6720 9600 8320 9280 21900 10200 9900 4800 29700 4200 3000 4500 5700 36000 900 3000 4800 8100 2100 1200 17920 3200 19520 3520 8000 3520 15680 6400 320 2880 5120 47680 14080 3200 2560 6400 7975 8034 9030 24198 9540 8025 8200 9840 321 15861 3070 15250 12960 7600 23798 9390 3344 7800 13243 9510 2844 7800 9870 3070 306 2310 2718 909 15650 14664 22464 7544 7245 19093 12160 9212 8606 22718 9780 16830 8450 658 19032 15963 7575 16116 7704 12936 7464 7975 939 8903 9570 6804 7512 8988 22248 7314 9930 9630 15264 3443 12640 640 2979 14899 23088 9309 7728 9632 6741 626 6644 3333 16200 14194 9240 14720 9600 22411 2219 315 945 3190 3250 10592 7392 15134 7872 19200 3553 2781 16550 8250 8025 6489 21744 7416 7344 8736 14429 19440 315 16380 23162 15250 3410 9420 3040 14946 7975 14880 2170 7575 10044 16120 12480 3432 12920 15840 13230 9019 7896 8736 2496 3130 16300 24198 3366 8150 6678 993 6969 3586 8484 7896 18939 2916 2772 9750 13650 14617 16116 14544 10048 17056 7238 14448 8729 16500 23328 966 626 22866 12400 9630 325 14536 12160 7061 2907 14784 14398 636 2952 7590 19825 7825 6846 16626 7567 6930 16000 2142 15759 13482 10144 8932 15350 2121 19380 9044 14674 9030 15350 13692 2416 9164 620 22320 14544 17995 8372 15408 14858 9610 2925 7567 2889 22940 19320 7675 23014 7268 10080 2432 915 3366 302 2432 6992 22703 13161 7199 15040 7360 9982 3399 18290 3180 22392 16320 9750 8932 19337 921 13398 7475 7584 3110 18231 14904 318 9540 13530 9424 12880 13325 3060 3465 7172 13020 16640 3366
