itemNumber 500
itemClassNumber 500
itemClass_widthVector 33 32 31 30 29 28 27 26 25 24 23 22 21 20 19 18 32 31 30 29 28 27 26 25 24 23 22 21 20 19 18 17 34 33 32 31 30 29 28 27 26 25 24 23 22 21 20 19 34 33 32 31 30 29 28 27 26 25 24 23 22 21 20 19 28 27 26 25 24 23 22 21 20 19 18 17 16 15 14 13 30 29 28 27 26 25 24 23 22 21 20 19 18 17 16 15 33 32 31 30 29 28 27 26 25 24 23 22 21 20 19 18 32 31 30 29 28 27 26 25 24 23 22 21 20 19 18 17 34 33 32 31 30 29 28 27 26 25 24 23 22 21 20 19 28 27 26 25 24 23 22 21 20 19 18 17 16 15 14 13 33 32 31 30 29 28 27 26 25 24 23 22 21 20 19 18 30 29 28 27 26 25 24 23 22 21 20 19 18 17 16 15 32 31 30 29 28 27 26 25 24 23 22 21 20 19 18 17 29 28 27 26 25 24 23 22 21 20 19 18 17 16 15 14 27 26 25 24 23 22 21 20 19 18 17 16 15 14 13 12 31 30 29 28 27 26 25 24 23 22 21 20 19 18 17 16 34 22 28 22 34 25 27 23 27 28 26 20 33 23 34 27 34 27 33 35 27 26 21 33 32 34 36 30 33 34 24 21 22 29 34 31 23 26 33 20 28 33 32 34 34 30 36 33 23 23 33 35 23 30 29 28 20 23 31 20 22 22 35 32 33 25 31 28 36 23 31 35 28 25 28 25 35 35 29 33 20 21 29 30 21 36 34 25 31 26 23 23 28 37 28 30 29 25 30 24 28 34 23 29 21 35 35 27 24 26 26 32 31 28 20 30 32 25 24 32 23 30 32 35 27 33 32 24 24 28 22 30 25 25 32 21 24 31 30 21 35 32 25 24 29 25 30 25 29 26 28 25 37 25 26 23 36 31 35 20 22 25 26 23 37 35 31 27 33 36 23 25 36 28 32 31 25 29 22 20 29 34 31 24 21 24 28 24 26 27 29 36 30 34 23 35 24 26 29 33 27 23 35 32 23 34 24 28 25 22 32 21 24 25 35 25 35 31 29 32 24 30 30 34 28 30 35 21 23 29 32 23 34 28 27 28 24 22 24 34 33 21 30 34
itemClass_lengthVector 39 14 12 38 4 56 1 45 2 20 12 55 23 145 21 13 12 49 23 29 7 12 5 20 137 26 34 8 69 9 24 36 27 15 18 29 11 15 62 43 4 42 32 14 88 30 35 35 14 9 21 56 13 19 23 105 3 67 10 19 41 4 86 10 2 41 22 7 20 5 58 45 30 20 35 40 7 85 37 46 6 29 16 58 128 4 30 25 63 16 40 14 33 8 24 6 2 24 45 60 62 9 2 84 31 17 74 5 25 11 10 39 4 7 50 11 1 50 29 28 7 58 33 71 24 17 8 102 67 6 48 47 14 67 39 34 6 10 39 60 22 4 1 36 39 5 6 18 7 51 7 3 5 15 7 11 80 85 60 101 35 24 2 37 6 45 8 49 23 11 34 52 68 15 27 64 34 32 10 16 54 48 68 1 42 70 36 11 25 3 20 30 49 12 59 5 16 31 50 7 46 7 22 51 47 92 2 4 22 10 5 44 11 26 98 10 70 32 48 4 16 32 7 65 1 26 37 29 3 8 11 1 34 69 41 52 14 14 126 34 14 30 8 9 19 8 17 51 83 45 123 11 29 18 29 6 38 145 46 146 39 54 19 145 45 1 11 22 38 56 38 44 13 19 37 12 45 19 145 11 13 40 14 3 38 38 11 20 146 46 13 39 55 2 15 20 1 38 39 39 39 1 13 12 54 54 37 39 55 5 56 45 22 146 55 20 144 146 38 4 14 13 38 2 14 146 37 12 3 20 1 20 38 38 45 12 20 22 45 56 20 15 38 56 55 12 146 144 1 40 2 1 45 13 1 24 1 13 145 1 144 13 12 21 56 20 13 12 38 44 20 3 12 11 12 13 56 1 37 14 1 13 13 56 54 2 24 55 12 19 12 21 12 3 5 21 15 37 12 55 45 12 57 55 45 21 45 19 38 13 2 144 39 5 11 22 145 11 3 145 38 14 55 21 39 39 144 12 38 2 3 38 13 1 146 21 45 13 4 23 144 22 1 22 1 44 57 40 5 14 145 14 55 20 1 13 1 146 38 12 22 15 13 2 56 145 12 144 56 54 11 21 40 5 57 11 24 55 2 38 3 3 38 20 144 56 3 146 38 1 3 2 11 145 56 39 13 144 55 39
itemClass_demand 1 1 1 1 1 1 1 1 1 1 1 1 1 1 1 1 1 1 1 1 1 1 1 1 1 1 1 1 1 1 1 1 1 1 1 1 1 1 1 1 1 1 1 1 1 1 1 1 1 1 1 1 1 1 1 1 1 1 1 1 1 1 1 1 1 1 1 1 1 1 1 1 1 1 1 1 1 1 1 1 1 1 1 1 1 1 1 1 1 1 1 1 1 1 1 1 1 1 1 1 1 1 1 1 1 1 1 1 1 1 1 1 1 1 1 1 1 1 1 1 1 1 1 1 1 1 1 1 1 1 1 1 1 1 1 1 1 1 1 1 1 1 1 1 1 1 1 1 1 1 1 1 1 1 1 1 1 1 1 1 1 1 1 1 1 1 1 1 1 1 1 1 1 1 1 1 1 1 1 1 1 1 1 1 1 1 1 1 1 1 1 1 1 1 1 1 1 1 1 1 1 1 1 1 1 1 1 1 1 1 1 1 1 1 1 1 1 1 1 1 1 1 1 1 1 1 1 1 1 1 1 1 1 1 1 1 1 1 1 1 1 1 1 1 1 1 1 1 1 1 1 1 1 1 1 1 1 1 1 1 1 1 1 1 1 1 1 1 1 1 1 1 1 1 1 1 1 1 1 1 1 1 1 1 1 1 1 1 1 1 1 1 1 1 1 1 1 1 1 1 1 1 1 1 1 1 1 1 1 1 1 1 1 1 1 1 1 1 1 1 1 1 1 1 1 1 1 1 1 1 1 1 1 1 1 1 1 1 1 1 1 1 1 1 1 1 1 1 1 1 1 1 1 1 1 1 1 1 1 1 1 1 1 1 1 1 1 1 1 1 1 1 1 1 1 1 1 1 1 1 1 1 1 1 1 1 1 1 1 1 1 1 1 1 1 1 1 1 1 1 1 1 1 1 1 1 1 1 1 1 1 1 1 1 1 1 1 1 1 1 1 1 1 1 1 1 1 1 1 1 1 1 1 1 1 1 1 1 1 1 1 1 1 1 1 1 1 1 1 1 1 1 1 1 1 1 1 1 1 1 1 1 1 1 1 1 1 1 1 1 1 1 1 1 1 1 1 1 1 1 1 1 1 1 1 1 1 1 1 1 1 1 1 1 1 1 1 1 1 1
binNumber 10000
binClassNumber 1
binClass_widthVector 500
binClass_lengthVector 500
binClass_disponibility 1000
itemClass_weight 12870 4620 3960 12540 1320 18480 330 14850 660 6600 3960 18150 7590 47850 6930 4290 3840 15680 7360 9280 2240 3840 1600 6400 43840 8320 10880 2560 22080 2880 7680 11520 9180 5100 6120 9860 3740 5100 21080 14620 1360 14280 10880 4760 29920 10200 11900 11900 4760 3060 7140 19040 4420 6460 7820 35700 1020 22780 3400 6460 13940 1360 29240 3400 560 11480 6160 1960 5600 1400 16240 12600 8400 5600 9800 11200 1960 23800 10360 12880 1800 8700 4800 17400 38400 1200 9000 7500 18900 4800 12000 4200 9900 2400 7200 1800 660 7920 14850 19800 20460 2970 660 27720 10230 5610 24420 1650 8250 3630 3300 12870 1280 2240 16000 3520 320 16000 9280 8960 2240 18560 10560 22720 7680 5440 2560 32640 22780 2040 16320 15980 4760 22780 13260 11560 2040 3400 13260 20400 7480 1360 340 12240 10920 1400 1680 5040 1960 14280 1960 840 1400 4200 1960 3080 22400 23800 16800 28280 11550 7920 660 12210 1980 14850 2640 16170 7590 3630 11220 17160 22440 4950 8910 21120 10200 9600 3000 4800 16200 14400 20400 300 12600 21000 10800 3300 7500 900 6000 9000 15680 3840 18880 1600 5120 9920 16000 2240 14720 2240 7040 16320 15040 29440 640 1280 6380 2900 1450 12760 3190 7540 28420 2900 20300 9280 13920 1160 4640 9280 2030 18850 270 7020 9990 7830 810 2160 2970 270 9180 18630 11070 14040 3780 3780 34020 9180 4340 9300 2480 2790 5890 2480 5270 15810 25730 13950 38130 3410 8990 5580 8990 1860 13794 50460 15456 48910 13533 19656 6289 48865 15840 331 3663 7898 12730 18760 13680 15840 4732 6574 12321 4212 15750 6517 52780 3817 4719 13720 5096 1074 13300 13604 3784 7200 49640 16376 4693 14079 18535 690 5085 7100 352 13338 13923 14196 13728 354 4693 4020 18306 17928 12802 13221 19800 1670 20048 15210 7986 50516 18260 7260 49104 51392 13186 1396 4830 4719 13072 688 5054 52122 13468 4368 1002 6720 336 6880 12882 13186 15615 4068 6760 7920 15030 18872 6840 5085 13034 19096 18700 4236 50662 49824 331 14520 690 363 15480 4381 337 8208 350 4537 49590 348 50688 4706 4128 7434 19320 7180 4368 4188 13224 14784 7000 1092 4164 3938 4008 4407 18592 338 12358 4760 357 4355 4641 18592 19062 678 8328 19910 4200 6422 4140 7350 4032 1008 1800 7035 5415 13357 4020 18920 15795 3972 19437 18260 16245 7539 15750 6688 13794 4407 680 48672 13611 1700 3861 7392 51765 3641 1044 51185 12996 4900 18315 6951 13104 13260 49824 4284 13680 728 1056 13300 4537 360 48764 7056 15795 4654 1440 7889 51408 7656 364 7436 332 14916 19608 14360 1780 5012 49590 5096 19800 6900 349 4433 358 51684 13528 4164 7766 5250 4472 724 20216 48430 4008 49536 19376 19602 3696 7329 13520 1700 20406 3872 8688 18425 708 13186 1011 1047 12958 7140 51552 19152 1008 51538 13490 332 1041 682 3795 50605 19880 13884 4485 51120 18205 13728
