itemNumber 160
itemClassNumber 160
itemClass_widthVector 17 16 15 14 13 12 11 10 9 16 15 14 13 12 11 10 9 8 18 17 16 15 14 13 12 11 10 16 15 14 13 12 11 10 9 8 19 18 17 16 15 14 13 12 11 19 18 17 16 15 14 13 12 11 19 18 17 16 15 14 13 12 11 19 18 17 16 15 14 13 12 11 17 16 15 14 13 12 11 10 9 12 16 19 19 16 18 13 18 11 15 12 18 12 14 13 13 13 11 18 16 14 13 16 17 17 14 15 13 14 18 12 16 17 16 13 15 18 19 12 18 17 12 16 16 15 14 18 15 17 15 17 19 11 13 17 18 15 16 16 18 15 12 17 12 13 17 12 11 14 16 16 14 18 16 14 18 17 19 12
itemClass_lengthVector 1 7 17 75 11 4 10 31 4 8 48 1 52 4 14 9 6 18 31 17 1 27 10 23 20 1 30 23 5 17 49 2 17 18 10 19 4 40 8 7 1 69 10 2 19 15 37 42 16 14 6 12 4 14 24 22 1 12 7 75 1 8 10 18 11 12 2 5 18 9 14 71 28 21 16 2 13 8 11 9 52 32 76 1 2 74 7 11 2 30 75 11 8 30 10 5 9 11 32 1 18 5 4 76 7 7 3 76 4 10 2 9 76 7 18 11 12 6 1 31 6 7 32 18 74 10 3 1 10 6 75 8 1 30 3 16 8 74 74 16 8 12 30 17 11 5 17 9 30 5 75 76 12 8 75 3 8 17 1 11
itemClass_demand 1 1 1 1 1 1 1 1 1 1 1 1 1 1 1 1 1 1 1 1 1 1 1 1 1 1 1 1 1 1 1 1 1 1 1 1 1 1 1 1 1 1 1 1 1 1 1 1 1 1 1 1 1 1 1 1 1 1 1 1 1 1 1 1 1 1 1 1 1 1 1 1 1 1 1 1 1 1 1 1 1 1 1 1 1 1 1 1 1 1 1 1 1 1 1 1 1 1 1 1 1 1 1 1 1 1 1 1 1 1 1 1 1 1 1 1 1 1 1 1 1 1 1 1 1 1 1 1 1 1 1 1 1 1 1 1 1 1 1 1 1 1 1 1 1 1 1 1 1 1 1 1 1 1 1 1 1 1 1 1
binNumber 10000
binClassNumber 1
binClass_widthVector 160
binClass_lengthVector 160
binClass_disponibility 1000
itemClass_weight 170 1190 2890 12750 1870 680 1700 5270 680 1280 7680 160 8320 640 2240 1440 960 2880 5580 3060 180 4860 1800 4140 3600 180 5400 3680 800 2720 7840 320 2720 2880 1600 3040 760 7600 1520 1330 190 13110 1900 380 3610 2850 7030 7980 3040 2660 1140 2280 760 2660 4560 4180 190 2280 1330 14250 190 1520 1900 3420 2090 2280 380 950 3420 1710 2660 13490 4760 3570 2720 340 2210 1360 1870 1530 8840 6016 13528 184 350 12802 1232 1925 354 5490 13275 2046 1440 5490 1770 905 1566 2068 5536 176 3222 910 720 13300 1288 1225 519 13604 740 1800 346 1593 13376 1246 3312 2068 2172 1032 181 5673 1110 1316 5728 3240 12802 1730 540 181 1740 1026 13425 1368 186 5610 528 2880 1400 13394 13616 2864 1472 2256 5430 2907 1892 875 3111 1602 5610 890 13950 13756 2064 1408 13500 519 1408 3009 182 2068
