itemNumber 130
itemClassNumber 130
itemClass_widthVector 14 13 12 11 10 9 8 7 6 16 15 14 13 12 11 10 9 8 13 12 11 10 9 8 7 6 5 16 15 14 13 12 11 10 9 8 17 16 15 14 13 12 11 10 9 14 13 12 11 10 9 8 7 6 13 12 11 10 9 8 7 6 5 14 13 12 11 10 9 8 7 6 13 12 11 10 9 8 7 6 5 12 12 10 12 14 9 11 14 8 9 14 9 15 10 8 15 14 16 15 13 8 15 9 13 8 13 14 10 14 15 14 11 13 16 8 8 14 10 13 10 15 14 13 15 10 8 15 13 9
itemClass_lengthVector 16 12 17 12 14 4 18 10 27 23 23 18 8 15 9 4 22 8 12 9 21 18 7 12 32 5 14 48 3 1 19 12 9 20 1 17 7 4 11 52 1 9 8 26 12 3 32 6 24 10 10 13 16 16 11 4 1 14 9 5 10 55 21 10 42 5 5 44 2 5 13 4 37 17 6 3 2 2 17 23 23 13 15 4 14 12 19 15 18 11 17 16 18 15 5 9 12 16 16 11 12 10 13 18 13 10 17 17 4 16 12 13 14 18 17 11 11 17 3 18 3 11 17 17 17 3 11 11 13 19
itemClass_demand 1 1 1 1 1 1 1 1 1 1 1 1 1 1 1 1 1 1 1 1 1 1 1 1 1 1 1 1 1 1 1 1 1 1 1 1 1 1 1 1 1 1 1 1 1 1 1 1 1 1 1 1 1 1 1 1 1 1 1 1 1 1 1 1 1 1 1 1 1 1 1 1 1 1 1 1 1 1 1 1 1 1 1 1 1 1 1 1 1 1 1 1 1 1 1 1 1 1 1 1 1 1 1 1 1 1 1 1 1 1 1 1 1 1 1 1 1 1 1 1 1 1 1 1 1 1 1 1 1 1
binNumber 10000
binClassNumber 1
binClass_widthVector 130
binClass_lengthVector 130
binClass_disponibility 1000
itemClass_weight 2240 1680 2380 1680 1960 560 2520 1400 3780 3680 3680 2880 1280 2400 1440 640 3520 1280 1560 1170 2730 2340 910 1560 4160 650 1820 7680 480 160 3040 1920 1440 3200 160 2720 1190 680 1870 8840 170 1530 1360 4420 2040 420 4480 840 3360 1400 1400 1820 2240 2240 1430 520 130 1820 1170 650 1300 7150 2730 1400 5880 700 700 6160 280 700 1820 560 4810 2210 780 390 260 260 2210 2990 2990 1898 2295 604 2072 1692 2907 2310 2700 1705 2448 2272 2682 2265 775 1269 1800 2272 2464 1617 1728 1420 1937 2556 2015 1530 2431 2618 608 2272 1788 1911 2142 2718 2533 1705 1617 2567 426 2610 453 1661 2482 2550 2601 429 1683 1661 2002 2945
