itemNumber 170
itemClassNumber 170
itemClass_widthVector 17 16 15 14 13 12 11 10 9 8 16 15 14 13 12 11 10 9 8 7 20 19 18 17 16 15 14 13 12 11 16 15 14 13 12 11 10 9 8 7 17 16 15 14 13 12 11 10 9 8 17 16 15 14 13 12 11 10 9 8 16 15 14 13 12 11 10 9 8 7 16 15 14 13 12 11 10 9 8 7 17 16 15 14 13 12 11 10 9 8 18 17 16 15 14 13 12 11 10 9 13 13 17 11 18 15 13 19 19 15 12 14 11 16 13 11 13 15 16 11 16 15 12 14 13 15 17 16 11 13 10 18 19 10 14 11 17 16 19 12 10 19 10 18 11 10 16 11 17 17 19 17 10 12 16 14 17 17 18 13 17 19 12 16 13 18 17 13 12 12
itemClass_lengthVector 30 32 6 4 15 2 3 9 19 50 21 60 12 20 6 7 19 1 20 4 13 6 7 4 9 63 18 7 9 34 19 18 33 12 5 13 14 8 39 9 12 4 25 25 50 8 4 1 16 25 15 63 8 3 9 14 41 6 8 3 63 1 1 16 3 1 43 4 19 19 26 7 48 5 2 30 23 17 1 11 30 30 35 9 30 2 7 18 5 4 16 2 8 22 7 37 28 30 16 4 2 3 6 10 32 5 2 31 30 15 4 2 10 3 4 9 2 14 6 10 4 15 8 2 1 5 7 3 8 1 20 30 30 19 2 10 33 5 31 3 19 30 18 29 8 20 5 8 6 32 29 6 19 10 5 15 7 7 29 2 7 31 10 4 4 31 31 2 3 4
itemClass_demand 1 1 1 1 1 1 1 1 1 1 1 1 1 1 1 1 1 1 1 1 1 1 1 1 1 1 1 1 1 1 1 1 1 1 1 1 1 1 1 1 1 1 1 1 1 1 1 1 1 1 1 1 1 1 1 1 1 1 1 1 1 1 1 1 1 1 1 1 1 1 1 1 1 1 1 1 1 1 1 1 1 1 1 1 1 1 1 1 1 1 1 1 1 1 1 1 1 1 1 1 1 1 1 1 1 1 1 1 1 1 1 1 1 1 1 1 1 1 1 1 1 1 1 1 1 1 1 1 1 1 1 1 1 1 1 1 1 1 1 1 1 1 1 1 1 1 1 1 1 1 1 1 1 1 1 1 1 1 1 1 1 1 1 1 1 1 1 1 1 1
binNumber 10000
binClassNumber 1
binClass_widthVector 170
binClass_lengthVector 170
binClass_disponibility 1000
itemClass_weight 5100 5440 1020 680 2550 340 510 1530 3230 8500 3360 9600 1920 3200 960 1120 3040 160 3200 640 2600 1200 1400 800 1800 12600 3600 1400 1800 6800 3040 2880 5280 1920 800 2080 2240 1280 6240 1440 2040 680 4250 4250 8500 1360 680 170 2720 4250 2550 10710 1360 510 1530 2380 6970 1020 1360 510 10080 160 160 2560 480 160 6880 640 3040 3040 4160 1120 7680 800 320 4800 3680 2720 160 1760 5100 5100 5950 1530 5100 340 1190 3060 850 680 2880 360 1440 3960 1260 6660 5040 5400 2880 720 352 561 1110 1840 5920 925 344 5735 5550 2775 704 362 1770 522 724 1611 356 2520 1050 1780 712 2745 1464 362 186 865 1253 537 1488 188 3480 5340 5430 3439 342 1840 6072 865 5828 531 3325 5610 3366 5365 1408 3560 905 1504 1086 5984 5365 1038 3268 1760 870 2670 1288 1246 5278 362 1316 5332 1760 740 732 5518 5487 346 516 736
