itemNumber 700
itemClassNumber 700
itemClass_widthVector 38 37 36 35 34 33 32 31 30 29 28 27 26 25 24 23 22 21 20 40 39 38 37 36 35 34 33 32 31 30 29 28 27 26 25 24 23 22 40 39 38 37 36 35 34 33 32 31 30 29 28 27 26 25 24 23 22 37 36 35 34 33 32 31 30 29 28 27 26 25 24 23 22 21 20 19 38 37 36 35 34 33 32 31 30 29 28 27 26 25 24 23 22 21 20 36 35 34 33 32 31 30 29 28 27 26 25 24 23 22 21 20 19 18 40 39 38 37 36 35 34 33 32 31 30 29 28 27 26 25 24 23 22 33 32 31 30 29 28 27 26 25 24 23 22 21 20 19 18 17 16 15 39 38 37 36 35 34 33 32 31 30 29 28 27 26 25 24 23 22 21 37 36 35 34 33 32 31 30 29 28 27 26 25 24 23 22 21 20 19 36 35 34 33 32 31 30 29 28 27 26 25 24 23 22 21 20 19 18 36 35 34 33 32 31 30 29 28 27 26 25 24 23 22 21 20 19 18 33 32 31 30 29 28 27 26 25 24 23 22 21 20 19 18 17 16 15 37 36 35 34 33 32 31 30 29 28 27 26 25 24 23 22 21 20 19 37 36 35 34 33 32 31 30 29 28 27 26 25 24 23 22 21 20 19 38 37 36 35 34 33 32 31 30 29 28 27 26 25 24 23 22 21 20 35 34 33 32 31 30 29 28 27 26 25 24 23 22 21 20 19 18 17 37 36 35 34 33 32 31 30 29 28 27 26 25 24 23 22 21 20 19 33 32 31 30 29 28 27 26 25 24 23 22 21 20 19 18 17 16 15 39 41 38 36 25 36 30 24 26 40 39 22 28 22 39 41 41 25 22 27 41 39 39 34 27 28 23 34 33 35 26 35 36 37 40 36 25 32 32 30 23 30 23 24 39 38 31 35 28 22 25 34 30 33 31 33 27 31 28 34 24 33 36 37 31 39 32 32 35 31 24 34 28 28 26 33 31 26 28 27 25 40 28 25 38 27 23 38 31 38 34 38 30 28 31 26 29 25 23 38 29 35 28 26 37 23 36 27 39 41 35 29 27 27 39 30 35 35 34 32 34 28 23 40 23 23 24 24 27 28 38 35 37 28 39 30 35 28 26 33 30 25 30 29 39 39 27 29 35 26 32 24 34 28 35 29 33 31 38 34 36 27 32 22 40 34 31 41 40 30 42 24 38 29 38 26 41 25 30 28 29 26 27 33 38 30 37 25 30 35 39 29 29 29 23 26 34 23 25 39 28 28 37 33 39 28 25 38 30 27 26 34 22 31 38 39 27 42 31 26 39 33 28 40 30 38 29 29 28 37 39 39 35 32 33 27 39 37 29 30 29 23 36 23 27 24 26 36 27 31 38 37 37 38 27 41 28 25 40 36 29 26 37 37 35 24 35 22 33 40 25 42 33 34 37 40 38 37 26 37 30 34 33 36 33 40 37 42 29 31 25 25 30 25 31 37 26 33 40 30 31 23 30 23 25 37 36 40 39 29 32 31 34 40 39 39 29 27 41 40 35 25 30 33 35 24 34 25 28 34 32 24 42 40 31 34 25 30 30
itemClass_lengthVector 21 8 129 68 4 30 5 39 14 53 97 8 138 4 3 21 5 37 16 14 1 9 44 13 45 22 21 69 218 9 1 21 7 10 8 116 43 29 12 95 12 32 6 26 62 1 5 11 13 123 5 14 122 58 57 3 43 119 10 6 10 34 11 41 13 128 34 4 4 30 1 22 41 6 170 16 54 6 7 16 20 73 53 61 31 22 31 27 12 61 35 17 19 132 23 24 71 17 28 37 18 29 70 64 25 89 11 10 30 72 33 2 40 30 18 26 74 8 73 67 87 10 21 9 20 7 8 16 8 158 16 73 1 1 37 6 14 89 25 28 102 84 24 49 138 8 24 25 14 14 3 15 23 54 41 10 140 12 31 4 9 19 44 25 43 34 90 65 22 3 31 1 20 20 45 15 61 46 12 66 12 76 9 46 108 9 19 37 69 29 29 46 19 54 4 12 14 9 22 20 42 42 49 35 26 226 12 18 21 20 17 8 89 41 3 47 26 1 18 53 47 62 49 17 12 35 103 52 16 26 18 64 27 93 9 11 17 8 28 4 8 3 10 18 112 65 163 95 21 20 55 5 57 61 62 63 1 85 41 7 33 12 4 7 31 40 35 54 14 49 9 4 19 54 76 38 5 14 27 50 128 65 37 9 13 12 56 1 37 144 73 45 17 38 23 25 5 53 21 13 56 9 48 24 9 81 1 160 5 27 24 17 23 23 9 72 5 66 3 5 98 62 10 1 142 132 17 18 6 1 37 24 14 48 6 12 54 63 34 47 11 33 76 131 17 26 26 1 31 8 7 18 16 17 15 1 25 169 60 13 43 8 9 69 4 3 67 8 21 3 7 20 36 137 38 20 7 21 2 38 138 22 130 22 4 3 138 6 40 15 4 21 30 29 31 8 30 2 53 39 9 37 54 6 21 20 68 97 4 7 36 5 4 98 39 54 6 5 98 4 30 22 4 4 69 54 21 53 13 6 96 38 13 4 4 4 39 54 4 137 4 21 9 139 4 67 2 4 4 13 7 31 5 52 138 53 2 137 20 6 7 139 38 8 21 3 37 69 5 8 7 4 7 5 4 129 52 3 6 38 13 38 7 38 9 37 38 6 21 3 4 3 4 31 7 69 53 30 5 4 5 98 2 96 137 130 8 4 9 3 4 38 36 39 138 39 7 40 15 7 29 68 4 15 37 22 38 13 21 8 54 21 5 7 8 67 22 7 21 97 4 7 4 138 13 8 54 5 6 97 4 22 97 139 9 36 5 5 37 6 8 138 5 67 13 22 5 21 8 98 3 3 40 38 97 129 9 2 20 13 20 8 6 7 130 52 129 98 138 7 67 22 130 40 38 14 137 67 30 7 53 96 5 29 37 139 21 5 5 138 52 4 29 30 130 3 9 8 5 130 4 96 4 3 67 4 38 4 37 5 7 4 21 4 39 4 128 8 128 5 4 9 38 15 29 4 21 128 21 7 13 2 4 96 2 96 31 5 5 8 8 98 36 7 36 20 3 4 8 128 97 53 54 31 20 21 8 7 3 20 130 30 22 54 4 4 37 39 4 3 38 14 37 20 129 14 29 6 8 7
itemClass_demand 1 1 1 1 1 1 1 1 1 1 1 1 1 1 1 1 1 1 1 1 1 1 1 1 1 1 1 1 1 1 1 1 1 1 1 1 1 1 1 1 1 1 1 1 1 1 1 1 1 1 1 1 1 1 1 1 1 1 1 1 1 1 1 1 1 1 1 1 1 1 1 1 1 1 1 1 1 1 1 1 1 1 1 1 1 1 1 1 1 1 1 1 1 1 1 1 1 1 1 1 1 1 1 1 1 1 1 1 1 1 1 1 1 1 1 1 1 1 1 1 1 1 1 1 1 1 1 1 1 1 1 1 1 1 1 1 1 1 1 1 1 1 1 1 1 1 1 1 1 1 1 1 1 1 1 1 1 1 1 1 1 1 1 1 1 1 1 1 1 1 1 1 1 1 1 1 1 1 1 1 1 1 1 1 1 1 1 1 1 1 1 1 1 1 1 1 1 1 1 1 1 1 1 1 1 1 1 1 1 1 1 1 1 1 1 1 1 1 1 1 1 1 1 1 1 1 1 1 1 1 1 1 1 1 1 1 1 1 1 1 1 1 1 1 1 1 1 1 1 1 1 1 1 1 1 1 1 1 1 1 1 1 1 1 1 1 1 1 1 1 1 1 1 1 1 1 1 1 1 1 1 1 1 1 1 1 1 1 1 1 1 1 1 1 1 1 1 1 1 1 1 1 1 1 1 1 1 1 1 1 1 1 1 1 1 1 1 1 1 1 1 1 1 1 1 1 1 1 1 1 1 1 1 1 1 1 1 1 1 1 1 1 1 1 1 1 1 1 1 1 1 1 1 1 1 1 1 1 1 1 1 1 1 1 1 1 1 1 1 1 1 1 1 1 1 1 1 1 1 1 1 1 1 1 1 1 1 1 1 1 1 1 1 1 1 1 1 1 1 1 1 1 1 1 1 1 1 1 1 1 1 1 1 1 1 1 1 1 1 1 1 1 1 1 1 1 1 1 1 1 1 1 1 1 1 1 1 1 1 1 1 1 1 1 1 1 1 1 1 1 1 1 1 1 1 1 1 1 1 1 1 1 1 1 1 1 1 1 1 1 1 1 1 1 1 1 1 1 1 1 1 1 1 1 1 1 1 1 1 1 1 1 1 1 1 1 1 1 1 1 1 1 1 1 1 1 1 1 1 1 1 1 1 1 1 1 1 1 1 1 1 1 1 1 1 1 1 1 1 1 1 1 1 1 1 1 1 1 1 1 1 1 1 1 1 1 1 1 1 1 1 1 1 1 1 1 1 1 1 1 1 1 1 1 1 1 1 1 1 1 1 1 1 1 1 1 1 1 1 1 1 1 1 1 1 1 1 1 1 1 1 1 1 1 1 1 1 1 1 1 1 1 1 1 1 1 1 1 1 1 1 1 1 1 1 1 1 1 1 1 1 1 1 1 1 1 1 1 1 1 1 1 1 1 1 1 1 1 1 1 1 1 1 1 1 1 1 1 1 1 1 1 1 1 1 1 1 1 1 1 1 1 1 1 1 1 1 1 1 1 1 1 1 1 1 1 1 1 1 1 1 1 1 1 1 1 1 1 1 1 1 1 1 1 1 1 1 1 1 1
binNumber 10000
binClassNumber 1
binClass_widthVector 700
binClass_lengthVector 700
binClass_disponibility 1000
itemClass_weight 7980 3040 49020 25840 1520 11400 1900 14820 5320 20140 36860 3040 52440 1520 1140 7980 1900 14060 6080 5600 400 3600 17600 5200 18000 8800 8400 27600 87200 3600 400 8400 2800 4000 3200 46400 17200 11600 4800 38000 4800 12800 2400 10400 24800 400 2000 4400 5200 49200 2000 5600 48800 23200 22800 1200 17200 44030 3700 2220 3700 12580 4070 15170 4810 47360 12580 1480 1480 11100 370 8140 15170 2220 62900 5920 20520 2280 2660 6080 7600 27740 20140 23180 11780 8360 11780 10260 4560 23180 13300 6460 7220 50160 8740 8640 25560 6120 10080 13320 6480 10440 25200 23040 9000 32040 3960 3600 10800 25920 11880 720 14400 10800 7200 10400 29600 3200 29200 26800 34800 4000 8400 3600 8000 2800 3200 6400 3200 63200 6400 29200 400 330 12210 1980 4620 29370 8250 9240 33660 27720 7920 16170 45540 2640 7920 8250 4620 4620 990 4950 8970 21060 15990 3900 54600 4680 12090 1560 3510 7410 17160 9750 16770 13260 35100 25350 8580 1170 12090 370 7400 7400 16650 5550 22570 17020 4440 24420 4440 28120 3330 17020 39960 3330 7030 13690 25530 10730 10440 16560 6840 19440 1440 4320 5040 3240 7920 7200 15120 15120 17640 12600 9360 81360 4320 6480 7560 7200 6120 2880 32040 14760 1080 16920 9360 360 6480 19080 16920 22320 17640 6120 4320 12600 37080 18720 5280 8580 5940 21120 8910 30690 2970 3630 5610 2640 9240 1320 2640 990 3300 5940 36960 21450 53790 35150 7770 7400 20350 1850 21090 22570 22940 23310 370 31450 15170 2590 12210 4440 1480 2590 11470 14800 12950 19980 5180 18130 3330 1480 7030 19980 28120 14060 1850 5180 9990 18500 47360 24050 13690 3330 4810 4560 21280 380 14060 54720 27740 17100 6460 14440 8740 9500 1900 20140 7980 4940 21280 3420 18240 9120 3150 28350 350 56000 1750 9450 8400 5950 8050 8050 3150 25200 1750 23100 1050 1750 34300 21700 3500 370 52540 48840 6290 6660 2220 370 13690 8880 5180 17760 2220 4440 19980 23310 12580 17390 4070 12210 25080 43230 5610 8580 8580 330 10230 2640 2310 5940 5280 5610 4950 330 8250 55770 19800 4290 14190 3272 3456 26565 1676 1230 27001 3104 8316 1236 2919 7820 14580 53019 14668 8380 2835 8001 776 14554 53958 8756 49530 8646 1632 1227 55200 2352 16360 6240 1548 8547 12180 11716 12679 3344 12270 762 21306 16107 3447 14393 20790 2304 8442 8000 26044 38703 1552 2772 15084 1990 1616 38220 15249 21168 2496 2055 39592 1604 12270 8778 1592 1536 26289 21006 8127 21624 5239 2316 39072 14554 5213 1624 1604 1596 15327 21492 1544 54800 1544 8631 3690 53654 1640 26398 770 1568 1592 5005 2828 12679 1950 19916 55062 21942 764 56307 8200 2286 2898 52959 14478 3056 8232 1236 14911 26634 2080 3312 2723 1612 2912 2095 1544 52503 21580 1221 2358 14972 5096 15124 2674 15124 3690 15207 14896 2508 8169 1149 1588 1164 1644 11873 2884 26427 22101 12360 1980 1540 1915 39298 832 37920 57129 54470 3168 1564 3555 1257 1652 14744 14328 15405 57408 16341 2926 15640 6105 2828 11136 27608 1596 6045 14134 8844 15580 5226 8589 3304 22464 8631 2020 2905 3216 27135 8448 2730 8316 38218 1608 2667 1568 56442 5031 3272 22086 2045 2418 38121 1584 8426 37248 55739 3771 15048 2090 2090 15466 2484 3168 52854 2010 25862 4992 8668 1925 8673 3352 37436 1254 1212 15600 15846 39770 53535 3483 770 7700 5213 7640 3072 2298 2870 53040 20384 51213 37338 56166 2863 27068 8954 50830 16600 14934 5838 54526 27470 11580 2716 20935 38880 2095 11484 14615 53237 8253 1975 2095 56856 21632 1628 11774 11490 52130 1218 3645 3216 2090 54340 1608 37632 1644 1152 25661 1676 15428 1624 14615 2010 2737 1568 8505 1672 15288 1572 49536 3184 53248 1935 1632 3537 14516 5730 11455 1656 8064 52864 8442 2884 4992 764 1624 38784 808 37824 12214 2050 2080 3264 3304 40768 14688 2751 14184 8000 1227 1620 3184 49152 37054 21889 22518 11935 7740 8337 3112 2751 1227 7740 53040 11730 8690 21222 1656 1548 14578 14898 1576 1143 14478 5670 14319 7940 51987 5376 11455 2478 3200 2891
