itemNumber 190
itemClassNumber 190
itemClass_widthVector 21 20 19 18 17 16 15 14 13 12 16 15 14 13 12 11 10 9 8 7 20 19 18 17 16 15 14 13 12 11 20 19 18 17 16 15 14 13 12 11 20 19 18 17 16 15 14 13 12 11 17 16 15 14 13 12 11 10 9 8 18 17 16 15 14 13 12 11 10 9 20 19 18 17 16 15 14 13 12 11 19 18 17 16 15 14 13 12 11 10 19 18 17 16 15 14 13 12 11 10 17 17 20 23 15 19 16 16 19 16 21 23 23 18 17 20 24 17 22 20 24 16 22 24 18 17 16 21 15 20 20 20 14 23 22 18 17 18 21 22 17 16 17 14 15 20 21 23 22 20 19 16 16 18 22 19 15 22 24 22 23 21 14 16 24 16 22 21 20 18 23 18 14 22 19 21 24 22 15 16 21 24 21 16 14 18 22 17 23 20
itemClass_lengthVector 9 11 22 22 20 9 33 8 34 22 35 27 16 15 20 4 41 12 6 14 17 67 28 4 5 20 9 18 3 19 25 4 10 4 53 3 15 32 8 36 43 2 1 23 9 39 6 44 3 20 41 21 6 32 4 11 12 23 23 17 43 47 10 26 12 1 5 6 30 10 28 8 3 73 5 1 7 4 27 34 7 23 21 72 25 3 10 4 11 14 21 16 10 3 40 3 10 49 1 37 8 34 21 9 8 20 9 9 20 7 23 12 10 8 9 22 8 32 9 23 8 33 12 10 8 8 9 22 35 21 21 23 34 8 10 8 34 8 22 8 32 32 34 35 35 23 23 12 12 22 23 32 33 9 8 21 35 8 8 12 10 23 33 8 9 9 10 21 22 19 11 8 34 10 23 22 9 11 7 34 22 9 22 9 34 10 9 10 12 21
itemClass_demand 1 1 1 1 1 1 1 1 1 1 1 1 1 1 1 1 1 1 1 1 1 1 1 1 1 1 1 1 1 1 1 1 1 1 1 1 1 1 1 1 1 1 1 1 1 1 1 1 1 1 1 1 1 1 1 1 1 1 1 1 1 1 1 1 1 1 1 1 1 1 1 1 1 1 1 1 1 1 1 1 1 1 1 1 1 1 1 1 1 1 1 1 1 1 1 1 1 1 1 1 1 1 1 1 1 1 1 1 1 1 1 1 1 1 1 1 1 1 1 1 1 1 1 1 1 1 1 1 1 1 1 1 1 1 1 1 1 1 1 1 1 1 1 1 1 1 1 1 1 1 1 1 1 1 1 1 1 1 1 1 1 1 1 1 1 1 1 1 1 1 1 1 1 1 1 1 1 1 1 1 1 1 1 1 1 1 1 1 1 1
binNumber 10000
binClassNumber 1
binClass_widthVector 190
binClass_lengthVector 190
binClass_disponibility 1000
itemClass_weight 1890 2310 4620 4620 4200 1890 6930 1680 7140 4620 5600 4320 2560 2400 3200 640 6560 1920 960 2240 3400 13400 5600 800 1000 4000 1800 3600 600 3800 5000 800 2000 800 10600 600 3000 6400 1600 7200 8600 400 200 4600 1800 7800 1200 8800 600 4000 6970 3570 1020 5440 680 1870 2040 3910 3910 2890 7740 8460 1800 4680 2160 180 900 1080 5400 1800 5600 1600 600 14600 1000 200 1400 800 5400 6800 1330 4370 3990 13680 4750 570 1900 760 2090 2660 3990 3040 1900 570 7600 570 1900 9310 190 7030 1736 7582 4473 1998 1848 4540 2007 1998 4520 1561 5267 2640 2310 1840 1962 5016 1704 7328 1989 4876 1776 7128 2592 2270 1800 1800 2025 4862 7805 4851 4851 5106 7820 1744 2140 1696 7242 1728 4862 1832 6848 6848 7480 7770 8050 4853 5014 2712 2748 4686 4899 7392 6996 1944 1760 4683 7980 1712 1728 2556 2320 4876 7359 1728 2025 2088 2190 4431 4994 4332 2530 1848 7208 2310 4991 4730 2088 2475 1477 7650 4730 2007 4774 2079 7854 2150 2088 2230 2544 4662
