itemNumber 500
itemClassNumber 500
itemClass_widthVector 29 28 27 26 25 24 23 22 21 20 19 18 17 16 15 14 32 31 30 29 28 27 26 25 24 23 22 21 20 19 18 17 33 32 31 30 29 28 27 26 25 24 23 22 21 20 19 18 34 33 32 31 30 29 28 27 26 25 24 23 22 21 20 19 34 33 32 31 30 29 28 27 26 25 24 23 22 21 20 19 28 27 26 25 24 23 22 21 20 19 18 17 16 15 14 13 30 29 28 27 26 25 24 23 22 21 20 19 18 17 16 15 28 27 26 25 24 23 22 21 20 19 18 17 16 15 14 13 30 29 28 27 26 25 24 23 22 21 20 19 18 17 16 15 34 33 32 31 30 29 28 27 26 25 24 23 22 21 20 19 31 30 29 28 27 26 25 24 23 22 21 20 19 18 17 16 31 30 29 28 27 26 25 24 23 22 21 20 19 18 17 16 33 32 31 30 29 28 27 26 25 24 23 22 21 20 19 18 30 29 28 27 26 25 24 23 22 21 20 19 18 17 16 15 34 33 32 31 30 29 28 27 26 25 24 23 22 21 20 19 29 28 27 26 25 24 23 22 21 20 19 18 17 16 15 14 27 26 27 24 20 27 28 24 20 17 23 20 20 31 21 26 20 26 24 19 26 19 23 29 25 17 21 26 17 29 32 21 22 28 28 19 18 24 16 18 21 28 30 22 21 31 27 27 25 24 32 19 25 17 30 23 31 25 23 16 20 32 29 26 18 17 21 24 23 24 25 20 22 31 27 22 25 20 24 30 20 21 22 19 29 27 17 16 26 20 16 28 30 26 29 20 28 16 30 18 20 20 19 25 24 18 21 20 21 30 24 21 28 16 30 22 31 26 30 16 29 21 18 26 20 32 27 24 17 29 16 28 19 29 27 21 26 28 21 19 22 18 30 28 26 20 17 17 21 20 17 27 30 21 18 27 27 24 30 18 27 26 16 31 17 22 19 28 22 30 21 18 31 19 31 20 17 17 27 26 24 20 23 18 32 25 26 22 25 28 30 28 19 26 23 23 23 19 32 22 26 18 29 27 19 26 30 24 18 29 27 25 25 18 24 27 31 24 19 24 28 30 23 20 20 18 29 17 25 23 17 26 29 20 25 28 23 20 17 23 18 28 24 29
itemClass_lengthVector 2 13 34 88 63 22 7 21 62 45 13 21 2 35 30 42 12 101 6 30 65 22 49 44 18 43 39 41 3 2 13 12 45 11 33 99 4 33 36 20 59 1 5 14 18 20 54 48 3 135 39 4 55 28 17 15 16 26 36 60 32 22 3 9 15 32 44 2 25 164 1 17 8 18 83 3 7 17 5 59 82 5 44 9 11 14 68 10 12 16 61 5 23 5 123 12 19 56 8 30 106 10 31 19 44 25 13 8 40 18 65 8 5 15 47 15 30 18 84 74 2 13 78 39 16 14 43 7 10 60 11 22 42 22 1 38 83 25 87 15 24 7 14 39 59 62 10 7 12 21 3 1 14 71 48 81 42 14 39 16 24 32 3 78 5 10 35 48 39 15 114 54 3 14 14 12 53 77 21 43 29 55 4 99 32 6 14 33 1 27 3 3 58 53 18 34 71 44 30 9 36 46 3 43 12 11 29 3 22 74 30 30 2 5 5 4 28 97 109 28 24 14 23 5 40 12 27 10 3 76 73 16 4 80 58 9 32 2 45 13 25 8 94 2 1 91 8 53 60 8 16 33 15 28 52 6 63 6 88 62 13 22 89 63 13 29 61 21 22 12 45 63 20 8 8 20 64 20 46 13 7 30 45 8 29 88 1 44 44 34 88 2 34 6 30 1 46 64 33 45 13 13 22 23 20 7 2 22 22 31 34 61 3 7 46 31 20 2 35 62 3 30 14 21 22 61 6 13 63 13 64 61 22 22 63 34 22 46 62 2 88 89 31 30 62 20 31 63 33 22 14 13 88 29 3 1 22 13 20 6 6 35 45 21 44 1 21 45 35 29 35 45 13 62 3 30 12 12 34 23 14 3 22 63 30 89 31 64 1 12 88 12 21 35 12 21 62 2 2 63 63 13 34 30 45 13 35 22 13 44 36 63 23 61 34 2 63 23 29 3 35 46 3 63 63 34 44 2 14 20 14 12 34 35 22 62 20 13 22 35 3 8 8 46 22 64 3 64 3 8 46 21 22 1 2 44 7 3 12 63 2 22 13 6 35 35 64 8 22 35 6 87 1 20 20 8 89 3 63 14 13 3 89 35 21 21 35 8 35 22 22 89 20 22 31 63 1 63 6 88
itemClass_demand 1 1 1 1 1 1 1 1 1 1 1 1 1 1 1 1 1 1 1 1 1 1 1 1 1 1 1 1 1 1 1 1 1 1 1 1 1 1 1 1 1 1 1 1 1 1 1 1 1 1 1 1 1 1 1 1 1 1 1 1 1 1 1 1 1 1 1 1 1 1 1 1 1 1 1 1 1 1 1 1 1 1 1 1 1 1 1 1 1 1 1 1 1 1 1 1 1 1 1 1 1 1 1 1 1 1 1 1 1 1 1 1 1 1 1 1 1 1 1 1 1 1 1 1 1 1 1 1 1 1 1 1 1 1 1 1 1 1 1 1 1 1 1 1 1 1 1 1 1 1 1 1 1 1 1 1 1 1 1 1 1 1 1 1 1 1 1 1 1 1 1 1 1 1 1 1 1 1 1 1 1 1 1 1 1 1 1 1 1 1 1 1 1 1 1 1 1 1 1 1 1 1 1 1 1 1 1 1 1 1 1 1 1 1 1 1 1 1 1 1 1 1 1 1 1 1 1 1 1 1 1 1 1 1 1 1 1 1 1 1 1 1 1 1 1 1 1 1 1 1 1 1 1 1 1 1 1 1 1 1 1 1 1 1 1 1 1 1 1 1 1 1 1 1 1 1 1 1 1 1 1 1 1 1 1 1 1 1 1 1 1 1 1 1 1 1 1 1 1 1 1 1 1 1 1 1 1 1 1 1 1 1 1 1 1 1 1 1 1 1 1 1 1 1 1 1 1 1 1 1 1 1 1 1 1 1 1 1 1 1 1 1 1 1 1 1 1 1 1 1 1 1 1 1 1 1 1 1 1 1 1 1 1 1 1 1 1 1 1 1 1 1 1 1 1 1 1 1 1 1 1 1 1 1 1 1 1 1 1 1 1 1 1 1 1 1 1 1 1 1 1 1 1 1 1 1 1 1 1 1 1 1 1 1 1 1 1 1 1 1 1 1 1 1 1 1 1 1 1 1 1 1 1 1 1 1 1 1 1 1 1 1 1 1 1 1 1 1 1 1 1 1 1 1 1 1 1 1 1 1 1 1 1 1 1 1 1 1 1 1 1 1 1 1 1 1 1 1 1 1 1 1 1 1 1 1 1 1 1 1 1 1 1 1 1 1 1 1 1 1
binNumber 10000
binClassNumber 1
binClass_widthVector 500
binClass_lengthVector 500
binClass_disponibility 1000
itemClass_weight 580 3770 9860 25520 18270 6380 2030 6090 17980 13050 3770 6090 580 10150 8700 12180 3840 32320 1920 9600 20800 7040 15680 14080 5760 13760 12480 13120 960 640 4160 3840 14850 3630 10890 32670 1320 10890 11880 6600 19470 330 1650 4620 5940 6600 17820 15840 1020 45900 13260 1360 18700 9520 5780 5100 5440 8840 12240 20400 10880 7480 1020 3060 5100 10880 14960 680 8500 55760 340 5780 2720 6120 28220 1020 2380 5780 1700 20060 22960 1400 12320 2520 3080 3920 19040 2800 3360 4480 17080 1400 6440 1400 34440 3360 5700 16800 2400 9000 31800 3000 9300 5700 13200 7500 3900 2400 12000 5400 19500 2400 1400 4200 13160 4200 8400 5040 23520 20720 560 3640 21840 10920 4480 3920 12040 1960 3000 18000 3300 6600 12600 6600 300 11400 24900 7500 26100 4500 7200 2100 4200 11700 20060 21080 3400 2380 4080 7140 1020 340 4760 24140 16320 27540 14280 4760 13260 5440 7440 9920 930 24180 1550 3100 10850 14880 12090 4650 35340 16740 930 4340 4340 3720 16430 23870 6510 13330 8990 17050 1240 30690 9920 1860 4340 10230 310 8370 930 930 19140 17490 5940 11220 23430 14520 9900 2970 11880 15180 990 14190 3960 3630 9570 990 6600 22200 9000 9000 600 1500 1500 1200 8400 29100 32700 8400 7200 4200 6900 1500 13600 4080 9180 3400 1020 25840 24820 5440 1360 27200 19720 3060 10880 680 15300 4420 7250 2320 27260 580 290 26390 2320 15370 17400 2320 4640 9570 4350 8120 15080 1740 19467 1758 26048 19778 3874 6732 26789 20160 3796 8584 18300 6216 6820 3684 13275 19467 6240 2416 2464 6320 19136 6300 14398 4134 2072 8850 13230 2432 8671 27104 305 13684 13068 10472 27192 632 10404 1854 9000 294 14168 19904 9966 13815 3783 3965 6666 7107 6400 2156 620 7040 6688 9703 10608 18727 927 2226 14398 9486 6220 622 11060 19654 906 9540 4130 6216 6578 18849 1758 3848 19719 4069 19008 19459 6446 6710 18396 10676 6644 13938 18972 626 27544 28302 9331 9480 19282 6180 9610 18648 10065 6556 4382 3822 26928 8468 957 306 6622 4030 5960 1830 1788 10780 13725 6426 12892 318 6678 13635 11060 8787 10220 13275 4121 19096 876 9120 3672 3744 10302 6877 4172 888 6886 18396 9240 27056 9703 20096 296 3840 25696 3684 6132 10675 3780 6594 18538 600 628 18585 20034 3952 10234 9570 13275 4147 10395 6622 3835 13200 10944 18837 7061 17934 10234 610 20160 7291 8555 927 10955 13892 909 18963 18333 10132 13024 632 4186 5980 4298 3792 10438 10815 6952 19220 6100 4108 6974 10395 945 2344 2528 13432 6534 19904 951 19264 921 2432 13800 6447 6776 311 624 13376 2233 957 3636 19908 630 6952 3835 1776 11130 10640 20096 2432 6886 10955 1770 27318 295 6220 5860 2464 26878 942 19971 4186 3978 948 26077 10920 6447 6510 10325 2376 10640 6996 7040 28302 6300 7040 9052 18900 307 18774 1794 27368
