itemNumber 140
itemClassNumber 140
itemClass_widthVector 16 15 14 13 12 11 10 9 8 14 13 12 11 10 9 8 7 6 14 13 12 11 10 9 8 7 6 16 15 14 13 12 11 10 9 8 17 16 15 14 13 12 11 10 9 17 16 15 14 13 12 11 10 9 16 15 14 13 12 11 10 9 8 15 14 13 12 11 10 9 8 7 15 14 13 12 11 10 9 8 7 12 13 12 13 14 13 14 17 10 14 17 13 16 15 10 17 18 15 12 12 10 11 11 15 18 10 14 10 10 10 10 13 12 15 10 11 16 14 14 10 17 15 13 18 14 14 16 15 18 17 13 10 13 14 15 14 13 17 17
itemClass_lengthVector 4 3 15 6 29 12 45 3 23 22 23 11 17 8 12 2 27 18 10 12 4 2 43 1 13 25 30 26 11 6 18 24 14 17 11 13 5 10 9 65 8 17 12 12 2 24 2 1 17 18 3 43 28 4 7 7 14 45 3 1 28 4 31 2 5 30 33 17 10 19 5 19 23 23 22 9 46 12 2 2 1 45 11 46 30 6 11 30 4 2 28 2 28 4 16 4 5 3 14 13 13 4 45 45 6 3 2 6 2 2 2 2 28 45 16 4 45 4 7 29 4 3 16 28 5 29 7 14 15 5 3 13 2 30 6 14 5 30 4 2
itemClass_demand 1 1 1 1 1 1 1 1 1 1 1 1 1 1 1 1 1 1 1 1 1 1 1 1 1 1 1 1 1 1 1 1 1 1 1 1 1 1 1 1 1 1 1 1 1 1 1 1 1 1 1 1 1 1 1 1 1 1 1 1 1 1 1 1 1 1 1 1 1 1 1 1 1 1 1 1 1 1 1 1 1 1 1 1 1 1 1 1 1 1 1 1 1 1 1 1 1 1 1 1 1 1 1 1 1 1 1 1 1 1 1 1 1 1 1 1 1 1 1 1 1 1 1 1 1 1 1 1 1 1 1 1 1 1 1 1 1 1 1 1
binNumber 10000
binClassNumber 1
binClass_widthVector 140
binClass_lengthVector 140
binClass_disponibility 1000
itemClass_weight 640 480 2400 960 4640 1920 7200 480 3680 3080 3220 1540 2380 1120 1680 280 3780 2520 1400 1680 560 280 6020 140 1820 3500 4200 4160 1760 960 2880 3840 2240 2720 1760 2080 850 1700 1530 11050 1360 2890 2040 2040 340 4080 340 170 2890 3060 510 7310 4760 680 1120 1120 2240 7200 480 160 4480 640 4960 300 750 4500 4950 2550 1500 2850 750 2850 3450 3450 3300 1350 6900 1800 300 300 150 7605 1782 7774 5190 1062 1804 4830 672 326 4620 344 4536 644 2720 648 855 489 2436 2262 2210 688 7920 7470 1044 522 344 1020 344 332 326 346 4872 7470 2832 652 7650 708 1204 5046 684 489 2720 4564 810 4669 1155 2268 2595 810 483 2093 342 4980 990 2436 815 4950 688 342
