itemNumber 600
itemClassNumber 600
itemClass_widthVector 36 35 34 33 32 31 30 29 28 27 26 25 24 23 22 21 20 19 34 33 32 31 30 29 28 27 26 25 24 23 22 21 20 19 18 17 34 33 32 31 30 29 28 27 26 25 24 23 22 21 20 19 18 17 34 33 32 31 30 29 28 27 26 25 24 23 22 21 20 19 18 17 32 31 30 29 28 27 26 25 24 23 22 21 20 19 18 17 16 15 34 33 32 31 30 29 28 27 26 25 24 23 22 21 20 19 18 17 31 30 29 28 27 26 25 24 23 22 21 20 19 18 17 16 15 14 30 29 28 27 26 25 24 23 22 21 20 19 18 17 16 15 14 13 33 32 31 30 29 28 27 26 25 24 23 22 21 20 19 18 17 16 35 34 33 32 31 30 29 28 27 26 25 24 23 22 21 20 19 18 36 35 34 33 32 31 30 29 28 27 26 25 24 23 22 21 20 19 34 33 32 31 30 29 28 27 26 25 24 23 22 21 20 19 18 17 35 34 33 32 31 30 29 28 27 26 25 24 23 22 21 20 19 18 35 34 33 32 31 30 29 28 27 26 25 24 23 22 21 20 19 18 32 31 30 29 28 27 26 25 24 23 22 21 20 19 18 17 16 15 30 29 28 27 26 25 24 23 22 21 20 19 18 17 16 15 14 13 32 31 30 29 28 27 26 25 24 23 22 21 20 19 18 17 16 15 33 32 31 30 29 28 27 26 25 24 23 22 21 20 19 18 17 16 22 30 30 23 27 32 30 38 38 36 29 38 31 22 36 22 32 37 28 37 27 40 25 36 27 22 37 27 31 33 28 21 24 25 21 29 35 28 33 24 27 33 24 28 30 37 37 35 34 29 26 29 24 24 38 27 40 34 33 22 31 30 33 31 22 33 38 28 24 34 36 27 27 30 32 38 35 39 38 24 23 21 22 24 30 29 27 39 38 28 24 29 36 31 27 37 35 32 34 24 23 22 32 39 26 29 32 26 34 38 29 28 35 28 28 40 38 31 37 25 22 29 38 38 29 24 32 27 26 30 27 29 30 36 40 33 28 22 28 30 39 31 26 24 31 26 35 36 34 23 31 25 23 36 38 28 24 24 30 37 22 29 28 31 36 25 37 37 30 22 23 26 34 31 36 21 30 27 40 35 32 33 30 29 32 40 29 33 23 32 28 25 21 31 35 28 38 24 23 23 29 22 35 35 25 34 25 27 27 27 28 27 32 38 33 29 27 29 27 22 34 24 27 25 33 29 27 21 24 39 31 22 34 29 21 35 22 40 29 37 32 35 25 34 36 25 24 24 38 33 24 30 36 38 26 28 25 38 36 30 36 34 31 33 22 32 24 29 40 23 25 35 26 36 23 34
itemClass_lengthVector 71 13 43 19 9 61 101 22 6 74 1 66 33 1 26 7 20 27 97 36 42 23 59 23 3 32 12 14 3 13 189 21 2 20 4 7 51 1 44 18 41 11 22 13 17 39 1 55 7 4 90 16 120 50 30 25 119 20 41 2 84 5 11 36 60 62 37 38 12 10 1 7 9 4 3 13 25 47 15 73 28 53 4 28 35 9 133 5 47 69 8 27 48 38 10 119 41 1 38 4 9 5 68 38 53 32 13 48 68 79 8 14 4 69 47 36 5 87 21 16 52 42 6 7 12 27 75 32 40 6 1 119 23 8 12 14 4 14 45 54 27 53 62 11 74 93 27 7 2 11 5 17 30 44 62 17 25 11 9 27 6 133 12 20 69 1 31 28 17 11 15 59 8 146 67 1 9 11 4 91 9 36 66 6 101 7 77 36 22 16 5 1 76 33 3 11 9 86 4 14 73 16 119 82 3 6 15 3 4 55 54 25 15 62 16 34 58 75 95 10 7 25 56 14 75 5 4 59 19 12 13 50 14 9 16 9 22 130 68 28 52 5 2 35 4 25 43 95 14 7 19 26 19 73 16 37 9 23 31 19 27 14 67 36 62 25 22 1 7 112 10 24 8 75 50 13 13 22 18 102 28 4 54 50 30 18 71 10 64 73 36 49 18 61 17 21 86 13 32 6 25 41 16 20 3 19 31 45 103 19 25 9 13 10 26 19 123 6 56 53 7 22 29 4 7 7 21 6 34 23 7 12 72 10 1 12 7 19 19 21 102 14 73 12 67 70 27 20 34 20 70 2 101 100 67 20 7 1 21 74 60 1 101 26 33 100 1 2 21 18 12 9 101 6 66 1 1 2 43 66 71 60 10 19 21 21 10 101 8 9 14 1 8 100 9 32 32 73 102 71 8 13 14 7 21 19 20 1 22 5 32 12 44 1 8 74 18 21 1 42 9 102 19 27 6 7 21 12 1 6 102 1 100 13 75 1 62 73 1 71 71 23 44 26 20 73 72 42 75 6 60 66 33 6 66 6 75 9 71 62 2 19 1 73 13 6 33 1 21 2 20 13 19 27 23 1 8 43 71 66 1 25 21 70 7 6 75 100 43 1 70 44 23 7 21 32 9 6 14 20 74 32 72 18 22 10 22 74 102 70 5 100 20 100 1 1 20 6 9 75 72 1 21 6 75 21 8 61 32 19 27 33 66 67 65 67 100 72 100 1 65 2 34 20 20 1 2 1 101 5 1 19 27 70 102 8 20 74 20 44 20 70 1 70 61 44 27 9 19 33 25 6 43 102 2 23 8 44 1 73 27 72 12 23 13 20 21 62 8 21 7 75 70 6 33 9 1 20 26 60
itemClass_demand 1 1 1 1 1 1 1 1 1 1 1 1 1 1 1 1 1 1 1 1 1 1 1 1 1 1 1 1 1 1 1 1 1 1 1 1 1 1 1 1 1 1 1 1 1 1 1 1 1 1 1 1 1 1 1 1 1 1 1 1 1 1 1 1 1 1 1 1 1 1 1 1 1 1 1 1 1 1 1 1 1 1 1 1 1 1 1 1 1 1 1 1 1 1 1 1 1 1 1 1 1 1 1 1 1 1 1 1 1 1 1 1 1 1 1 1 1 1 1 1 1 1 1 1 1 1 1 1 1 1 1 1 1 1 1 1 1 1 1 1 1 1 1 1 1 1 1 1 1 1 1 1 1 1 1 1 1 1 1 1 1 1 1 1 1 1 1 1 1 1 1 1 1 1 1 1 1 1 1 1 1 1 1 1 1 1 1 1 1 1 1 1 1 1 1 1 1 1 1 1 1 1 1 1 1 1 1 1 1 1 1 1 1 1 1 1 1 1 1 1 1 1 1 1 1 1 1 1 1 1 1 1 1 1 1 1 1 1 1 1 1 1 1 1 1 1 1 1 1 1 1 1 1 1 1 1 1 1 1 1 1 1 1 1 1 1 1 1 1 1 1 1 1 1 1 1 1 1 1 1 1 1 1 1 1 1 1 1 1 1 1 1 1 1 1 1 1 1 1 1 1 1 1 1 1 1 1 1 1 1 1 1 1 1 1 1 1 1 1 1 1 1 1 1 1 1 1 1 1 1 1 1 1 1 1 1 1 1 1 1 1 1 1 1 1 1 1 1 1 1 1 1 1 1 1 1 1 1 1 1 1 1 1 1 1 1 1 1 1 1 1 1 1 1 1 1 1 1 1 1 1 1 1 1 1 1 1 1 1 1 1 1 1 1 1 1 1 1 1 1 1 1 1 1 1 1 1 1 1 1 1 1 1 1 1 1 1 1 1 1 1 1 1 1 1 1 1 1 1 1 1 1 1 1 1 1 1 1 1 1 1 1 1 1 1 1 1 1 1 1 1 1 1 1 1 1 1 1 1 1 1 1 1 1 1 1 1 1 1 1 1 1 1 1 1 1 1 1 1 1 1 1 1 1 1 1 1 1 1 1 1 1 1 1 1 1 1 1 1 1 1 1 1 1 1 1 1 1 1 1 1 1 1 1 1 1 1 1 1 1 1 1 1 1 1 1 1 1 1 1 1 1 1 1 1 1 1 1 1 1 1 1 1 1 1 1 1 1 1 1 1 1 1 1 1 1 1 1 1 1 1 1 1 1 1 1 1 1 1 1 1 1 1 1 1 1 1 1 1 1 1 1 1 1 1 1 1 1 1 1 1 1 1 1 1 1 1 1 1 1
binNumber 10000
binClassNumber 1
binClass_widthVector 600
binClass_lengthVector 600
binClass_disponibility 1000
itemClass_weight 25560 4680 15480 6840 3240 21960 36360 7920 2160 26640 360 23760 11880 360 9360 2520 7200 9720 32980 12240 14280 7820 20060 7820 1020 10880 4080 4760 1020 4420 64260 7140 680 6800 1360 2380 17340 340 14960 6120 13940 3740 7480 4420 5780 13260 340 18700 2380 1360 30600 5440 40800 17000 10200 8500 40460 6800 13940 680 28560 1700 3740 12240 20400 21080 12580 12920 4080 3400 340 2380 2880 1280 960 4160 8000 15040 4800 23360 8960 16960 1280 8960 11200 2880 42560 1600 15040 22080 2720 9180 16320 12920 3400 40460 13940 340 12920 1360 3060 1700 23120 12920 18020 10880 4420 16320 21080 24490 2480 4340 1240 21390 14570 11160 1550 26970 6510 4960 16120 13020 1860 2170 3720 8370 22500 9600 12000 1800 300 35700 6900 2400 3600 4200 1200 4200 13500 16200 8100 15900 18600 3300 24420 30690 8910 2310 660 3630 1650 5610 9900 14520 20460 5610 8250 3630 2970 8910 1980 43890 4200 7000 24150 350 10850 9800 5950 3850 5250 20650 2800 51100 23450 350 3150 3850 1400 31850 3240 12960 23760 2160 36360 2520 27720 12960 7920 5760 1800 360 27360 11880 1080 3960 3240 30960 1360 4760 24820 5440 40460 27880 1020 2040 5100 1020 1360 18700 18360 8500 5100 21080 5440 11560 20300 26250 33250 3500 2450 8750 19600 4900 26250 1750 1400 20650 6650 4200 4550 17500 4900 3150 5600 3150 7700 45500 23800 9800 18200 1750 700 12250 1400 8750 15050 33250 4900 2450 6650 9100 6080 23360 5120 11840 2880 7360 9920 6080 8640 4480 21440 11520 19840 8000 7040 320 2240 35840 3000 7200 2400 22500 15000 3900 3900 6600 5400 30600 8400 1200 16200 15000 9000 5400 21300 3000 20480 23360 11520 15680 5760 19520 5440 6720 27520 4160 10240 1920 8000 13120 5120 6400 960 6080 10230 14850 33990 6270 8250 2970 4290 3300 8580 6270 40590 1980 18480 17490 2310 7260 9570 1320 2688 2660 7602 2178 13022 8671 2779 4608 28512 3630 384 4716 2618 7372 7524 8295 38760 5460 26718 4500 26264 27650 10017 7840 12274 7460 26460 744 38178 36900 24790 7320 2772 373 7896 28120 23700 362 38279 10244 12243 39700 371 728 7854 6858 4716 3258 36966 2322 24684 391 371 728 15953 23958 27903 22500 3710 7429 7665 7581 3820 36764 2976 3537 5250 397 2984 36900 3528 11744 12096 26572 40188 26412 3064 4901 5558 2604 7896 7543 7840 364 8602 1895 12160 4488 16588 383 2888 28120 7074 8253 381 15582 3492 39270 7448 10422 2280 2660 8295 4656 373 2328 40086 381 37300 4836 29775 363 24118 28689 373 26980 26909 8579 17468 9698 7240 26791 28080 16128 29400 2190 21960 24156 12540 2202 25542 2178 27075 3555 25631 23250 766 7372 371 28835 4914 2250 12045 382 8274 760 7720 5122 7296 9774 8326 363 3128 16168 27974 25542 364 9375 7875 27720 2695 2274 27450 37100 16039 382 27090 16720 8602 2744 7854 11808 3303 2370 5488 7420 28860 11776 27072 7020 8602 3820 8360 28712 39066 27440 1970 39600 7700 39000 372 362 7420 2256 3483 28875 26640 369 7644 2304 28500 7812 3120 23363 11840 7068 9882 12276 24024 24455 23985 25661 38100 27432 36500 394 24375 784 13022 7520 7520 365 740 364 36562 1805 392 7277 10422 26250 39780 2904 7340 29008 7660 17424 7460 25620 388 27790 22692 16324 9936 3411 7201 13002 9100 2178 16684 37026 736 8924 2992 16456 390 27521 10017 26496 4512 8349 4797 7680 7749 24490 3032 8190 2576 28125 25550 2370 12507 3546 392 7360 10036 21780
