itemNumber 90
itemClassNumber 90
itemClass_widthVector 14 13 12 11 10 9 8 12 11 10 9 8 7 6 13 12 11 10 9 8 7 13 12 11 10 9 8 7 14 13 12 11 10 9 8 12 11 10 9 8 7 6 12 11 10 9 8 7 6 11 13 12 12 12 12 10 13 12 13 16 16 15 13 13 10 13 14 15 16 15 15 14 14 14 12 16 10 10 11 10 12 10 12 14 15 10 14 14 13 10
itemClass_lengthVector 5 16 15 24 3 21 6 18 19 9 3 5 24 12 6 25 18 8 18 4 11 41 15 2 3 10 15 4 5 5 29 25 14 7 5 22 3 20 9 2 1 33 22 1 16 20 25 1 5 4 14 24 25 3 23 21 25 24 23 4 4 15 23 25 21 16 16 17 5 17 6 14 16 16 2 6 22 22 3 20 3 20 23 15 17 21 15 15 24 22
itemClass_demand 1 1 1 1 1 1 1 1 1 1 1 1 1 1 1 1 1 1 1 1 1 1 1 1 1 1 1 1 1 1 1 1 1 1 1 1 1 1 1 1 1 1 1 1 1 1 1 1 1 1 1 1 1 1 1 1 1 1 1 1 1 1 1 1 1 1 1 1 1 1 1 1 1 1 1 1 1 1 1 1 1 1 1 1 1 1 1 1 1 1
binNumber 10000
binClassNumber 1
binClass_widthVector 90
binClass_lengthVector 90
binClass_disponibility 1000
itemClass_weight 695 2224 2085 3336 417 2919 834 2160 2280 1080 360 600 2880 1440 780 3250 2340 1040 2340 520 1430 5330 1950 260 390 1300 1950 520 695 695 4031 3475 1946 973 695 2640 360 2400 1080 240 120 3960 2640 120 1920 2400 3000 120 600 580 2016 3504 3775 447 3381 2982 3700 3552 3519 592 564 2295 3519 3625 3066 2416 2400 2380 765 2397 918 1988 2432 2256 286 882 3234 3168 450 2920 459 3040 3335 2190 2499 3108 2250 2205 3384 3344
