itemNumber 130
itemClassNumber 130
itemClass_widthVector 15 14 13 12 11 10 9 8 7 15 14 13 12 11 10 9 8 7 14 13 12 11 10 9 8 7 6 14 13 12 11 10 9 8 7 6 15 14 13 12 11 10 9 8 7 13 12 11 10 9 8 7 6 5 14 13 12 11 10 9 8 7 6 16 15 14 13 12 11 10 9 8 14 13 12 11 10 9 8 7 6 16 16 16 16 15 14 9 11 15 11 12 15 14 14 17 17 12 13 9 13 11 17 10 10 10 13 12 12 16 15 14 12 9 10 9 17 15 10 16 14 16 15 9 12 10 12 9 16 9
itemClass_lengthVector 1 37 4 17 28 8 18 5 12 24 5 6 7 16 23 28 5 16 22 8 20 17 13 12 1 6 31 7 2 3 15 26 4 43 10 20 14 40 19 14 8 22 1 4 8 3 8 35 16 2 5 19 41 1 12 30 26 7 16 23 1 11 4 34 2 16 10 7 39 4 9 9 5 3 2 9 21 2 53 4 31 36 37 38 38 5 3 5 8 36 8 27 5 17 17 1 1 27 18 4 28 7 2 19 18 17 27 9 27 1 3 4 9 4 19 5 2 4 19 36 16 1 38 6 8 17 7 6 1 5
itemClass_demand 1 1 1 1 1 1 1 1 1 1 1 1 1 1 1 1 1 1 1 1 1 1 1 1 1 1 1 1 1 1 1 1 1 1 1 1 1 1 1 1 1 1 1 1 1 1 1 1 1 1 1 1 1 1 1 1 1 1 1 1 1 1 1 1 1 1 1 1 1 1 1 1 1 1 1 1 1 1 1 1 1 1 1 1 1 1 1 1 1 1 1 1 1 1 1 1 1 1 1 1 1 1 1 1 1 1 1 1 1 1 1 1 1 1 1 1 1 1 1 1 1 1 1 1 1 1 1 1 1 1
binNumber 10000
binClassNumber 1
binClass_widthVector 130
binClass_lengthVector 130
binClass_disponibility 1000
itemClass_weight 150 5550 600 2550 4200 1200 2700 750 1800 3600 750 900 1050 2400 3450 4200 750 2400 3080 1120 2800 2380 1820 1680 140 840 4340 980 280 420 2100 3640 560 6020 1400 2800 2100 6000 2850 2100 1200 3300 150 600 1200 390 1040 4550 2080 260 650 2470 5330 130 1680 4200 3640 980 2240 3220 140 1540 560 5440 320 2560 1600 1120 6240 640 1440 1440 700 420 280 1260 2940 280 7420 560 4340 5688 5957 5890 6080 810 498 760 1288 5832 1312 4347 815 2584 2805 162 162 4482 2862 648 4564 1113 328 3059 2934 2669 4104 1395 4320 157 471 616 1413 620 3040 820 302 616 3078 5472 2448 151 6004 990 1264 2584 1078 954 154 815
