itemNumber 80
itemClassNumber 80
itemClass_widthVector 12 11 10 9 8 7 6 10 9 8 7 6 5 4 11 10 9 8 7 6 5 12 11 10 9 8 7 6 12 11 10 9 8 7 6 11 10 9 8 7 6 5 12 11 10 9 8 7 6 12 9 9 13 10 9 8 12 9 13 9 12 9 9 12 14 8 10 10 9 9 13 14 10 12 12 8 11 12 12 12
itemClass_lengthVector 17 8 10 11 11 11 12 3 5 38 8 2 10 14 11 12 14 4 20 13 6 5 6 2 2 40 20 5 14 6 8 6 25 12 9 5 3 14 29 3 4 22 3 9 13 20 4 14 17 7 12 12 17 11 12 12 10 12 16 12 9 12 11 9 16 10 12 12 12 11 7 18 11 10 8 11 11 8 9 11
itemClass_demand 1 1 1 1 1 1 1 1 1 1 1 1 1 1 1 1 1 1 1 1 1 1 1 1 1 1 1 1 1 1 1 1 1 1 1 1 1 1 1 1 1 1 1 1 1 1 1 1 1 1 1 1 1 1 1 1 1 1 1 1 1 1 1 1 1 1 1 1 1 1 1 1 1 1 1 1 1 1 1 1
binNumber 10000
binClassNumber 1
binClass_widthVector 80
binClass_lengthVector 80
binClass_disponibility 1000
itemClass_weight 2040 960 1200 1320 1320 1320 1440 300 500 3800 800 200 1000 1400 1210 1320 1540 440 2200 1430 660 600 720 240 240 4800 2400 600 1680 720 960 720 3000 1440 1080 550 330 1540 3190 330 440 2420 360 1080 1560 2400 480 1680 2040 903 1584 1500 2057 1353 1464 1548 1250 1500 2016 1488 1134 1488 1452 1143 1984 1310 1464 1536 1548 1342 889 2340 1397 1260 1016 1419 1397 1032 1098 1331
