itemNumber 200
itemClassNumber 200
itemClass_widthVector 20 19 18 17 16 15 14 13 12 11 10 19 18 17 16 15 14 13 12 11 10 9 19 18 17 16 15 14 13 12 11 10 9 18 17 16 15 14 13 12 11 10 9 8 18 17 16 15 14 13 12 11 10 9 8 17 16 15 14 13 12 11 10 9 8 7 21 20 19 18 17 16 15 14 13 12 11 18 17 16 15 14 13 12 11 10 9 8 16 15 14 13 12 11 10 9 8 7 6 17 16 15 14 13 12 11 10 9 8 7 17 16 15 14 13 12 11 10 9 8 7 18 13 20 17 18 16 14 19 18 21 16 20 18 20 15 21 19 15 15 23 23 15 18 19 18 16 16 15 20 16 14 15 21 14 22 19 22 22 18 16 21 17 18 18 17 17 21 14 12 16 19 17 19 18 21 22 17 21 14 20 19 15 23 16 19 19 19 16 13 16 21 21 17 13 14 17 19 20 14
itemClass_lengthVector 65 17 17 4 5 21 35 12 10 6 8 5 16 16 50 18 17 8 24 10 11 25 15 2 33 5 9 5 2 22 42 8 57 5 8 1 56 20 30 2 41 28 2 7 13 16 10 12 4 10 14 2 57 36 26 13 29 16 4 6 8 61 3 8 15 37 8 41 33 12 15 24 13 2 6 37 9 3 21 4 22 65 18 1 14 4 29 19 3 11 12 29 14 16 2 33 13 60 7 15 1 16 17 19 35 7 28 1 51 10 31 1 1 30 10 10 3 28 13 11 62 4 10 16 5 3 36 13 4 4 17 34 16 5 16 35 18 3 35 36 64 65 12 6 17 4 34 22 13 16 34 12 34 65 11 65 3 64 64 6 36 66 6 5 5 21 21 66 9 7 34 5 4 17 5 65 66 22 65 12 16 18 34 65 36 5 18 5 20 10 35 64 65 21 11 10 22 4 16 13
itemClass_demand 1 1 1 1 1 1 1 1 1 1 1 1 1 1 1 1 1 1 1 1 1 1 1 1 1 1 1 1 1 1 1 1 1 1 1 1 1 1 1 1 1 1 1 1 1 1 1 1 1 1 1 1 1 1 1 1 1 1 1 1 1 1 1 1 1 1 1 1 1 1 1 1 1 1 1 1 1 1 1 1 1 1 1 1 1 1 1 1 1 1 1 1 1 1 1 1 1 1 1 1 1 1 1 1 1 1 1 1 1 1 1 1 1 1 1 1 1 1 1 1 1 1 1 1 1 1 1 1 1 1 1 1 1 1 1 1 1 1 1 1 1 1 1 1 1 1 1 1 1 1 1 1 1 1 1 1 1 1 1 1 1 1 1 1 1 1 1 1 1 1 1 1 1 1 1 1 1 1 1 1 1 1 1 1 1 1 1 1 1 1 1 1 1 1 1 1 1 1 1 1
binNumber 10000
binClassNumber 1
binClass_widthVector 200
binClass_lengthVector 200
binClass_disponibility 1000
itemClass_weight 13000 3400 3400 800 1000 4200 7000 2400 2000 1200 1600 950 3040 3040 9500 3420 3230 1520 4560 1900 2090 4750 2850 380 6270 950 1710 950 380 4180 7980 1520 10830 900 1440 180 10080 3600 5400 360 7380 5040 360 1260 2340 2880 1800 2160 720 1800 2520 360 10260 6480 4680 2210 4930 2720 680 1020 1360 10370 510 1360 2550 6290 1680 8610 6930 2520 3150 5040 2730 420 1260 7770 1890 540 3780 720 3960 11700 3240 180 2520 720 5220 3420 480 1760 1920 4640 2240 2560 320 5280 2080 9600 1120 2550 170 2720 2890 3230 5950 1190 4760 170 8670 1700 5270 170 170 5100 1700 1700 510 4760 2210 1870 10540 860 2180 3456 1100 624 7848 2730 868 884 3451 7072 3248 1055 3360 7490 3744 642 7350 7596 14016 14365 2640 1290 3519 832 7038 4818 2873 3424 7242 2532 7344 13910 2376 13325 615 13760 14080 1326 7884 14388 1212 1080 1010 4515 4368 13992 1836 1414 6970 1010 816 3570 1090 13845 13464 4730 14170 2628 3232 3780 7242 13910 7884 1100 3798 1080 4140 2150 7700 13312 13585 4242 2211 2060 4840 860 3280 2795
