itemNumber 400
itemClassNumber 400
itemClass_widthVector 24 23 22 21 20 19 18 17 16 15 14 13 12 11 10 27 26 25 24 23 22 21 20 19 18 17 16 15 14 13 28 27 26 25 24 23 22 21 20 19 18 17 16 15 14 29 28 27 26 25 24 23 22 21 20 19 18 17 16 15 29 28 27 26 25 24 23 22 21 20 19 18 17 16 15 27 26 25 24 23 22 21 20 19 18 17 16 15 14 13 25 24 23 22 21 20 19 18 17 16 15 14 13 12 11 25 24 23 22 21 20 19 18 17 16 15 14 13 12 11 28 27 26 25 24 23 22 21 20 19 18 17 16 15 14 26 25 24 23 22 21 20 19 18 17 16 15 14 13 12 25 24 23 22 21 20 19 18 17 16 15 14 13 12 11 29 28 27 26 25 24 23 22 21 20 19 18 17 16 15 23 22 21 20 19 18 17 16 15 14 13 12 11 10 9 29 28 27 26 25 24 23 22 21 20 19 18 17 16 15 26 25 24 23 22 21 20 19 18 17 16 15 14 13 12 22 21 27 15 17 23 12 13 18 23 15 18 19 19 21 24 24 19 15 19 24 16 16 15 20 15 20 14 13 26 26 13 23 21 20 24 13 19 21 19 17 27 24 13 21 17 14 23 20 14 19 23 20 25 21 14 25 17 26 18 19 24 26 20 13 25 18 24 15 25 24 15 12 19 27 17 18 15 19 22 12 26 17 18 16 20 26 20 24 17 21 20 22 21 20 18 24 25 27 16 18 22 12 12 17 16 18 17 13 21 18 14 17 23 23 14 13 15 25 15 15 21 25 18 25 19 24 24 12 20 23 19 17 27 14 25 17 19 16 22 24 22 22 16 14 13 14 21 22 13 25 20 25 26 22 15 16 16 18 14 24 12 18 14 15 24 19 23 13 13 25 18 20 13 13
itemClass_lengthVector 61 54 19 1 21 6 22 1 17 2 35 85 27 48 1 49 9 35 94 63 14 33 5 10 13 2 2 23 31 17 48 11 28 111 13 7 16 12 24 4 27 50 1 28 20 10 1 124 2 41 11 19 9 9 16 50 1 68 3 36 1 17 41 16 19 8 16 10 1 7 48 73 11 129 3 28 18 7 14 6 30 24 8 39 46 21 89 25 42 3 9 15 23 29 13 25 67 105 19 27 5 6 18 11 28 1 2 20 47 7 80 38 36 9 14 17 31 45 21 32 15 56 40 19 15 6 9 11 7 91 22 71 9 23 6 26 13 8 15 38 14 7 6 4 102 34 19 53 51 10 26 64 22 48 11 8 57 7 12 19 39 13 23 38 13 13 22 33 40 9 42 21 27 37 16 42 1 7 85 5 58 1 57 29 53 1 26 2 36 42 5 69 16 2 3 34 21 8 6 94 22 13 44 1 16 3 23 45 12 58 26 9 19 31 7 52 37 36 2 43 15 45 38 26 14 1 20 60 35 16 18 47 48 1 19 86 18 2 2 6 55 53 1 85 23 54 3 36 85 23 85 5 85 49 60 60 26 19 20 5 55 26 21 7 23 17 60 2 28 21 18 28 1 21 84 1 18 22 20 7 28 61 16 60 16 1 19 53 21 49 55 17 1 35 54 54 36 47 2 61 17 18 35 1 22 48 54 16 2 36 22 55 5 19 3 7 23 21 22 23 18 18 18 60 1 16 2 47 48 3 1 1 1 27 6 16 26 18 1 20 86 49 35 54 34 85 21 61 1 18 1 20 54 47 22 22 23 17 60 86 55 16 21 34 1 53 2 22 1 85 48 27 5 2 47 61 21 60 53 1 35 3 36 1 85 55 49 1 86 84 1 1 22 27 49 62 18 6 49 47
itemClass_demand 1 1 1 1 1 1 1 1 1 1 1 1 1 1 1 1 1 1 1 1 1 1 1 1 1 1 1 1 1 1 1 1 1 1 1 1 1 1 1 1 1 1 1 1 1 1 1 1 1 1 1 1 1 1 1 1 1 1 1 1 1 1 1 1 1 1 1 1 1 1 1 1 1 1 1 1 1 1 1 1 1 1 1 1 1 1 1 1 1 1 1 1 1 1 1 1 1 1 1 1 1 1 1 1 1 1 1 1 1 1 1 1 1 1 1 1 1 1 1 1 1 1 1 1 1 1 1 1 1 1 1 1 1 1 1 1 1 1 1 1 1 1 1 1 1 1 1 1 1 1 1 1 1 1 1 1 1 1 1 1 1 1 1 1 1 1 1 1 1 1 1 1 1 1 1 1 1 1 1 1 1 1 1 1 1 1 1 1 1 1 1 1 1 1 1 1 1 1 1 1 1 1 1 1 1 1 1 1 1 1 1 1 1 1 1 1 1 1 1 1 1 1 1 1 1 1 1 1 1 1 1 1 1 1 1 1 1 1 1 1 1 1 1 1 1 1 1 1 1 1 1 1 1 1 1 1 1 1 1 1 1 1 1 1 1 1 1 1 1 1 1 1 1 1 1 1 1 1 1 1 1 1 1 1 1 1 1 1 1 1 1 1 1 1 1 1 1 1 1 1 1 1 1 1 1 1 1 1 1 1 1 1 1 1 1 1 1 1 1 1 1 1 1 1 1 1 1 1 1 1 1 1 1 1 1 1 1 1 1 1 1 1 1 1 1 1 1 1 1 1 1 1 1 1 1 1 1 1 1 1 1 1 1 1 1 1 1 1 1 1 1 1 1 1 1 1 1 1 1 1 1 1 1 1 1 1 1 1 1 1 1 1 1 1 1 1 1 1 1 1
binNumber 10000
binClassNumber 1
binClass_widthVector 400
binClass_lengthVector 400
binClass_disponibility 1000
itemClass_weight 14640 12960 4560 240 5040 1440 5280 240 4080 480 8400 20400 6480 11520 240 13230 2430 9450 25380 17010 3780 8910 1350 2700 3510 540 540 6210 8370 4590 13440 3080 7840 31080 3640 1960 4480 3360 6720 1120 7560 14000 280 7840 5600 2900 290 35960 580 11890 3190 5510 2610 2610 4640 14500 290 19720 870 10440 290 4930 11890 4640 5510 2320 4640 2900 290 2030 13920 21170 3190 37410 870 7560 4860 1890 3780 1620 8100 6480 2160 10530 12420 5670 24030 6750 11340 810 2250 3750 5750 7250 3250 6250 16750 26250 4750 6750 1250 1500 4500 2750 7000 250 500 5000 11750 1750 20000 9500 9000 2250 3500 4250 7750 11250 5250 8000 4200 15680 11200 5320 4200 1680 2520 3080 1960 25480 6160 19880 2520 6440 1680 6760 3380 2080 3900 9880 3640 1820 1560 1040 26520 8840 4940 13780 13260 2600 6500 16000 5500 12000 2750 2000 14250 1750 3000 4750 9750 3250 5750 9500 3250 3770 6380 9570 11600 2610 12180 6090 7830 10730 4640 12180 290 2030 24650 1450 13340 230 13110 6670 12190 230 5980 460 8280 9660 1150 15870 3680 460 690 9860 6090 2320 1740 27260 6380 3770 12760 290 4640 870 6670 13050 3480 16820 6760 2340 4940 8060 1820 13520 9620 9360 520 11180 3900 11700 9880 6760 3640 253 4960 15720 8715 4016 4482 12126 12288 256 4997 21242 4392 482 508 1548 13805 13091 256 20485 6049 13878 795 9144 21420 6049 21165 1225 21760 12838 14460 15660 6838 4693 5020 1205 14190 6708 5271 1820 6003 4114 15240 482 6832 5082 4590 6888 256 5502 21840 256 4716 5412 5080 1778 6748 15738 4128 14580 4160 259 4693 13409 5124 12789 14355 4335 260 8855 13554 13500 9000 11797 530 15250 4267 4482 8540 241 5478 11760 14040 4240 526 8964 5368 14080 1270 4579 795 1792 5727 5166 5610 6026 4482 4500 4464 14760 244 4208 526 12032 11568 765 244 264 256 6615 1494 4000 6552 4356 259 4820 22532 12544 8645 13878 8534 22015 5061 14762 258 4482 244 5160 13500 12220 5302 5698 5957 4488 15060 21930 13365 4240 5082 8772 261 13939 502 5434 242 21505 11712 6885 1325 528 11797 15677 5145 14880 13144 249 8785 789 8748 243 20485 13255 11858 256 21758 22260 246 258 5368 7128 12642 15748 4626 1548 12495 12408
