itemNumber 120
itemClassNumber 120
itemClass_widthVector 14 13 12 11 10 9 8 7 16 15 14 13 12 11 10 9 16 15 14 13 12 11 10 9 14 13 12 11 10 9 8 7 13 12 11 10 9 8 7 6 15 14 13 12 11 10 9 8 16 15 14 13 12 11 10 9 16 15 14 13 12 11 10 9 14 12 13 9 10 12 12 9 12 11 10 9 15 16 12 13 13 10 10 15 11 12 9 10 15 13 10 9 13 9 13 13 9 10 13 9 15 12 12 15 11 13 11 10 10 11 9 9 13 11 15 10 10 15 12 10
itemClass_lengthVector 3 23 9 6 22 36 4 17 33 14 6 4 33 13 1 16 25 41 8 9 7 17 10 3 15 11 39 3 10 9 26 7 2 23 42 23 17 4 2 7 7 10 7 31 8 14 10 33 10 29 16 6 6 24 11 18 3 13 17 14 22 7 27 17 10 6 6 4 35 22 6 4 5 23 36 5 22 3 5 8 8 35 36 4 21 23 5 35 23 6 37 4 8 4 6 8 5 35 8 3 2 21 7 3 23 10 22 37 35 23 5 4 5 23 24 35 37 2 5 37
itemClass_demand 1 1 1 1 1 1 1 1 1 1 1 1 1 1 1 1 1 1 1 1 1 1 1 1 1 1 1 1 1 1 1 1 1 1 1 1 1 1 1 1 1 1 1 1 1 1 1 1 1 1 1 1 1 1 1 1 1 1 1 1 1 1 1 1 1 1 1 1 1 1 1 1 1 1 1 1 1 1 1 1 1 1 1 1 1 1 1 1 1 1 1 1 1 1 1 1 1 1 1 1 1 1 1 1 1 1 1 1 1 1 1 1 1 1 1 1 1 1 1 1
binNumber 10000
binClassNumber 1
binClass_widthVector 120
binClass_lengthVector 120
binClass_disponibility 1000
itemClass_weight 420 3220 1260 840 3080 5040 560 2380 5280 2240 960 640 5280 2080 160 2560 4000 6560 1280 1440 1120 2720 1600 480 2100 1540 5460 420 1400 1260 3640 980 260 2990 5460 2990 2210 520 260 910 1050 1500 1050 4650 1200 2100 1500 4950 1600 4640 2560 960 960 3840 1760 2880 480 2080 2720 2240 3520 1120 4320 2720 1510 912 906 584 5320 3322 930 600 705 3473 5328 775 3300 426 730 1200 1208 4935 5472 608 3003 3565 740 5390 3519 888 5698 580 1192 580 930 1152 745 5110 1216 438 294 3192 1001 429 3289 1490 3168 5439 5040 3519 720 596 770 3496 3480 5005 5439 282 755 5587
