itemNumber 170
itemClassNumber 170
itemClass_widthVector 16 15 14 13 12 11 10 9 8 7 19 18 17 16 15 14 13 12 11 10 15 14 13 12 11 10 9 8 7 6 17 16 15 14 13 12 11 10 9 8 15 14 13 12 11 10 9 8 7 6 18 17 16 15 14 13 12 11 10 9 18 17 16 15 14 13 12 11 10 9 18 17 16 15 14 13 12 11 10 9 18 17 16 15 14 13 12 11 10 9 16 15 14 13 12 11 10 9 8 7 12 14 14 13 17 16 13 9 16 15 14 12 15 9 12 15 16 14 10 13 11 15 16 15 12 10 12 14 12 17 14 13 15 14 13 17 14 9 14 16 17 13 17 9 16 17 14 9 13 14 12 9 13 18 18 16 12 17 16 10 13 12 18 9 14 10 9 16 18 11
itemClass_lengthVector 1 7 17 44 31 11 4 10 31 14 8 49 3 29 24 5 9 9 6 28 9 54 10 5 23 22 5 2 21 19 8 4 67 16 26 5 23 3 6 12 2 32 35 30 19 14 9 15 13 1 1 84 4 29 20 1 15 3 3 10 4 25 19 16 5 3 17 27 44 10 7 23 19 31 8 11 9 14 6 42 10 32 15 53 5 15 3 7 22 8 13 6 1 21 36 2 1 27 38 25 10 44 32 12 1 17 32 31 8 16 31 11 45 30 3 17 8 31 10 30 3 45 7 18 5 10 10 32 4 7 30 30 43 30 10 1 30 32 43 7 2 11 8 32 16 8 43 32 31 44 5 31 10 2 2 16 5 6 18 11 11 4 1 30 32 11 32 17 1 5
itemClass_demand 1 1 1 1 1 1 1 1 1 1 1 1 1 1 1 1 1 1 1 1 1 1 1 1 1 1 1 1 1 1 1 1 1 1 1 1 1 1 1 1 1 1 1 1 1 1 1 1 1 1 1 1 1 1 1 1 1 1 1 1 1 1 1 1 1 1 1 1 1 1 1 1 1 1 1 1 1 1 1 1 1 1 1 1 1 1 1 1 1 1 1 1 1 1 1 1 1 1 1 1 1 1 1 1 1 1 1 1 1 1 1 1 1 1 1 1 1 1 1 1 1 1 1 1 1 1 1 1 1 1 1 1 1 1 1 1 1 1 1 1 1 1 1 1 1 1 1 1 1 1 1 1 1 1 1 1 1 1 1 1 1 1 1 1 1 1 1 1 1 1
binNumber 10000
binClassNumber 1
binClass_widthVector 170
binClass_lengthVector 170
binClass_disponibility 1000
itemClass_weight 160 1120 2720 7040 4960 1760 640 1600 4960 2240 1520 9310 570 5510 4560 950 1710 1710 1140 5320 1350 8100 1500 750 3450 3300 750 300 3150 2850 1360 680 11390 2720 4420 850 3910 510 1020 2040 300 4800 5250 4500 2850 2100 1350 2250 1950 150 180 15120 720 5220 3600 180 2700 540 540 1800 720 4500 3420 2880 900 540 3060 4860 7920 1800 1260 4140 3420 5580 1440 1980 1620 2520 1080 7560 1800 5760 2700 9540 900 2700 540 1260 3960 1440 2080 960 160 3360 5760 320 160 4320 6080 4000 1740 7612 5152 2040 171 2839 5536 5208 1304 2672 5332 1870 7425 4860 495 2941 1304 5084 1620 4890 501 7470 1176 3132 845 1670 1610 5600 652 1148 5160 5100 7009 4890 1700 171 4920 5376 7439 1141 340 1815 1304 5312 2720 1320 7353 5312 5022 7700 875 5363 1760 322 330 2704 830 966 3186 1848 1848 672 166 5100 5312 1804 5312 2839 172 810
