itemNumber 600
itemClassNumber 600
itemClass_widthVector 33 32 31 30 29 28 27 26 25 24 23 22 21 20 19 18 17 16 33 32 31 30 29 28 27 26 25 24 23 22 21 20 19 18 17 16 31 30 29 28 27 26 25 24 23 22 21 20 19 18 17 16 15 14 37 36 35 34 33 32 31 30 29 28 27 26 25 24 23 22 21 20 33 32 31 30 29 28 27 26 25 24 23 22 21 20 19 18 17 16 32 31 30 29 28 27 26 25 24 23 22 21 20 19 18 17 16 15 35 34 33 32 31 30 29 28 27 26 25 24 23 22 21 20 19 18 32 31 30 29 28 27 26 25 24 23 22 21 20 19 18 17 16 15 34 33 32 31 30 29 28 27 26 25 24 23 22 21 20 19 18 17 34 33 32 31 30 29 28 27 26 25 24 23 22 21 20 19 18 17 31 30 29 28 27 26 25 24 23 22 21 20 19 18 17 16 15 14 35 34 33 32 31 30 29 28 27 26 25 24 23 22 21 20 19 18 33 32 31 30 29 28 27 26 25 24 23 22 21 20 19 18 17 16 37 36 35 34 33 32 31 30 29 28 27 26 25 24 23 22 21 20 30 29 28 27 26 25 24 23 22 21 20 19 18 17 16 15 14 13 31 30 29 28 27 26 25 24 23 22 21 20 19 18 17 16 15 14 34 33 32 31 30 29 28 27 26 25 24 23 22 21 20 19 18 17 35 34 33 32 31 30 29 28 27 26 25 24 23 22 21 20 19 18 30 18 30 27 22 27 27 35 32 24 18 32 28 18 18 35 26 27 24 35 36 26 18 28 23 22 34 26 27 23 34 28 28 29 25 31 24 18 28 29 18 34 23 24 34 19 32 37 26 18 32 36 24 36 22 31 18 22 31 31 34 25 26 36 21 33 20 29 30 24 19 28 36 27 36 34 33 27 28 36 30 29 27 32 18 36 31 32 35 31 19 30 30 33 30 20 30 25 28 25 22 30 33 24 37 21 23 25 33 37 31 21 33 23 27 19 25 20 36 23 33 33 29 30 20 24 32 31 35 25 30 25 19 31 19 23 31 34 28 22 24 30 20 22 21 23 21 32 20 35 35 26 20 34 34 36 23 30 19 23 31 25 27 36 20 29 32 24 34 22 28 23 37 20 19 21 32 24 33 32 33 29 24 34 35 21 23 22 20 23 26 37 26 37 24 21 33 35 25 27 34 37 19 28 29 27 25 25 28 20 29 35 26 29 19 27 20 26 33 30 29 28 33 34 31 35 24 26 21 23 24 21 28 20 22 30 23 18 32 35 18 31 37 30 27 29 20 34 29 28 23 32 31 24 19 32 26 20 30 34 19 18 29 20 34 19 18 35 20 37 19 34 20 29 30 25
itemClass_lengthVector 63 52 31 39 4 6 70 22 33 15 8 60 29 96 16 36 17 3 7 53 31 2 6 2 101 43 120 46 2 25 5 12 15 55 16 59 19 26 23 46 9 2 14 13 114 26 71 109 13 3 23 26 62 1 24 10 6 60 21 64 24 2 2 31 39 70 34 26 69 56 57 5 5 5 21 13 100 77 18 27 18 3 64 13 77 13 10 35 49 52 52 4 24 8 69 9 34 2 40 105 24 18 8 134 7 2 32 28 4 21 34 47 10 5 43 16 65 4 40 17 17 1 17 115 33 111 51 20 46 26 14 14 41 38 14 71 13 38 70 37 24 53 3 27 22 107 37 14 24 42 28 37 35 62 8 44 3 21 67 20 6 23 13 35 57 7 18 2 2 8 97 29 48 66 24 111 1 4 42 36 11 41 20 55 58 49 96 4 10 28 51 18 21 81 8 3 38 8 29 14 33 37 61 34 10 72 6 28 46 25 4 36 41 17 83 24 12 65 7 62 10 38 34 60 84 28 33 38 10 9 34 15 33 28 72 46 8 12 2 101 7 15 20 19 11 41 3 7 39 37 53 107 22 24 11 31 52 23 16 67 25 56 2 94 53 23 28 4 23 46 58 39 18 10 17 76 36 19 7 23 31 32 7 3 18 6 111 89 90 26 30 139 21 57 21 67 6 7 15 16 3 8 31 15 7 41 11 41 2 132 30 4 1 35 14 17 69 10 25 7 17 64 57 64 71 18 6 33 96 15 32 52 5 29 18 5 70 18 18 30 33 33 9 52 51 9 16 70 95 95 38 16 16 95 40 22 33 21 9 5 8 18 70 5 18 31 96 61 52 17 5 62 33 17 3 63 59 51 28 39 16 30 5 40 64 14 34 64 17 51 37 22 5 59 17 69 62 21 63 52 38 33 71 52 3 7 15 5 18 62 7 32 32 5 35 6 3 40 71 16 4 7 23 59 96 70 51 28 62 17 61 8 31 64 40 95 31 97 16 17 7 17 64 95 39 38 22 3 35 8 32 40 64 16 5 60 17 5 37 59 5 38 23 96 7 7 16 29 96 29 17 5 35 53 51 7 37 39 39 62 95 69 17 95 5 15 33 64 15 23 39 59 52 29 22 97 62 15 35 17 32 7 52 30 52 6 8 32 63 15 96 95 36 95 8 63 14 63 7 95 51 52 60 15 32 63 37 71 6 33 8 61 70 35 6 30 16 21 37 16 36 34 53 7 7 70 53 39 5 62 61 33 15 28 8 97 23 15 96 5 97 18 32 51 18 7 62 5 32 5 17 62 22 33 28 5 40 60 37 32 9 17 71 51 36 16 70 17 63 35 16 64 16 64 17 38 36 5 71 59
itemClass_demand 1 1 1 1 1 1 1 1 1 1 1 1 1 1 1 1 1 1 1 1 1 1 1 1 1 1 1 1 1 1 1 1 1 1 1 1 1 1 1 1 1 1 1 1 1 1 1 1 1 1 1 1 1 1 1 1 1 1 1 1 1 1 1 1 1 1 1 1 1 1 1 1 1 1 1 1 1 1 1 1 1 1 1 1 1 1 1 1 1 1 1 1 1 1 1 1 1 1 1 1 1 1 1 1 1 1 1 1 1 1 1 1 1 1 1 1 1 1 1 1 1 1 1 1 1 1 1 1 1 1 1 1 1 1 1 1 1 1 1 1 1 1 1 1 1 1 1 1 1 1 1 1 1 1 1 1 1 1 1 1 1 1 1 1 1 1 1 1 1 1 1 1 1 1 1 1 1 1 1 1 1 1 1 1 1 1 1 1 1 1 1 1 1 1 1 1 1 1 1 1 1 1 1 1 1 1 1 1 1 1 1 1 1 1 1 1 1 1 1 1 1 1 1 1 1 1 1 1 1 1 1 1 1 1 1 1 1 1 1 1 1 1 1 1 1 1 1 1 1 1 1 1 1 1 1 1 1 1 1 1 1 1 1 1 1 1 1 1 1 1 1 1 1 1 1 1 1 1 1 1 1 1 1 1 1 1 1 1 1 1 1 1 1 1 1 1 1 1 1 1 1 1 1 1 1 1 1 1 1 1 1 1 1 1 1 1 1 1 1 1 1 1 1 1 1 1 1 1 1 1 1 1 1 1 1 1 1 1 1 1 1 1 1 1 1 1 1 1 1 1 1 1 1 1 1 1 1 1 1 1 1 1 1 1 1 1 1 1 1 1 1 1 1 1 1 1 1 1 1 1 1 1 1 1 1 1 1 1 1 1 1 1 1 1 1 1 1 1 1 1 1 1 1 1 1 1 1 1 1 1 1 1 1 1 1 1 1 1 1 1 1 1 1 1 1 1 1 1 1 1 1 1 1 1 1 1 1 1 1 1 1 1 1 1 1 1 1 1 1 1 1 1 1 1 1 1 1 1 1 1 1 1 1 1 1 1 1 1 1 1 1 1 1 1 1 1 1 1 1 1 1 1 1 1 1 1 1 1 1 1 1 1 1 1 1 1 1 1 1 1 1 1 1 1 1 1 1 1 1 1 1 1 1 1 1 1 1 1 1 1 1 1 1 1 1 1 1 1 1 1 1 1 1 1 1 1 1 1 1 1 1 1 1 1 1 1 1 1 1 1 1 1 1 1 1 1 1 1 1 1 1 1 1 1 1 1 1 1 1 1 1 1 1 1 1 1 1 1 1 1 1 1 1 1 1 1 1 1 1 1 1 1 1 1 1 1 1 1 1 1
binNumber 10000
binClassNumber 1
binClass_widthVector 600
binClass_lengthVector 600
binClass_disponibility 1000
itemClass_weight 20790 17160 10230 12870 1320 1980 23100 7260 10890 4950 2640 19800 9570 31680 5280 11880 5610 990 2310 17490 10230 660 1980 660 33330 14190 39600 15180 660 8250 1650 3960 4950 18150 5280 19470 5890 8060 7130 14260 2790 620 4340 4030 35340 8060 22010 33790 4030 930 7130 8060 19220 310 8880 3700 2220 22200 7770 23680 8880 740 740 11470 14430 25900 12580 9620 25530 20720 21090 1850 1650 1650 6930 4290 33000 25410 5940 8910 5940 990 21120 4290 25410 4290 3300 11550 16170 17160 16640 1280 7680 2560 22080 2880 10880 640 12800 33600 7680 5760 2560 42880 2240 640 10240 8960 1400 7350 11900 16450 3500 1750 15050 5600 22750 1400 14000 5950 5950 350 5950 40250 11550 38850 16320 6400 14720 8320 4480 4480 13120 12160 4480 22720 4160 12160 22400 11840 7680 16960 960 8640 7480 36380 12580 4760 8160 14280 9520 12580 11900 21080 2720 14960 1020 7140 22780 6800 2040 7820 4420 11900 19380 2380 6120 680 680 2720 32980 9860 16320 22440 8160 37740 340 1360 14280 12240 3410 12710 6200 17050 17980 15190 29760 1240 3100 8680 15810 5580 6510 25110 2480 930 11780 2480 10150 4900 11550 12950 21350 11900 3500 25200 2100 9800 16100 8750 1400 12600 14350 5950 29050 8400 3960 21450 2310 20460 3300 12540 11220 19800 27720 9240 10890 12540 3300 2970 11220 4950 10890 9240 26640 17020 2960 4440 740 37370 2590 5550 7400 7030 4070 15170 1110 2590 14430 13690 19610 39590 6600 7200 3300 9300 15600 6900 4800 20100 7500 16800 600 28200 15900 6900 8400 1200 6900 13800 17980 12090 5580 3100 5270 23560 11160 5890 2170 7130 9610 9920 2170 930 5580 1860 34410 27590 30600 8840 10200 47260 7140 19380 7140 22780 2040 2380 5100 5440 1020 2720 10540 5100 2380 13940 3850 14350 700 46200 10500 1400 350 12250 4900 5950 24150 3500 8750 2450 5950 22400 19950 22400 24282 6066 2052 11022 33120 5340 11040 17420 1695 10150 6498 1795 23870 6084 6246 10500 11253 11055 3123 18512 17136 3150 5488 25340 34010 34485 13528 5536 5520 34295 14240 7304 11121 7266 3204 1720 2792 6498 23870 1775 6552 10292 34656 21289 17784 6018 1795 22010 11319 5678 1023 20916 19942 17544 9716 13143 5536 10260 1805 13240 23168 4746 12002 22336 5661 18258 13061 7348 1675 21299 5984 24495 21576 7203 20853 18460 12578 11847 23572 18096 1005 2471 5220 1820 5994 22568 2317 10944 11584 1740 12670 2028 1047 13280 24140 5744 1432 2317 8257 19942 32544 25130 17799 9380 22506 5865 20496 2672 11160 21568 13560 32775 10974 34047 5296 6103 2401 6086 22912 32585 13845 13718 7524 1059 11935 2792 11328 14000 22912 5312 1655 19980 5661 1735 13283 19883 1745 13756 8188 33408 2506 2541 5776 9947 34176 10150 5899 1805 11970 19239 16983 2401 12506 13533 13611 20894 33440 24978 5729 33440 1775 5415 11715 22656 5100 7981 14157 20532 17628 9947 7392 32204 22506 5055 11690 5848 10912 2499 18668 9930 18928 2130 2680 10944 22176 5115 34560 34390 12528 34010 2680 21924 4704 21357 2345 31920 18258 18720 20880 5220 11296 22113 13135 25418 2142 11022 2792 21350 24500 12495 2028 10200 5584 7413 12839 5584 12780 11322 17702 2338 2471 24710 17914 13689 1800 20646 20618 11319 5355 9408 2704 33077 8050 5145 34944 1655 34532 6138 11616 18105 6012 2506 21142 1770 10912 1740 5916 22010 7634 11649 9268 1750 14520 21120 12247 11136 3051 5797 24140 16881 12312 5824 23380 5695 21483 12495 5728 23040 5600 21312 5729 12616 13104 1800 24566 21240
