itemNumber 700
itemClassNumber 700
itemClass_widthVector 40 39 38 37 36 35 34 33 32 31 30 29 28 27 26 25 24 23 22 37 36 35 34 33 32 31 30 29 28 27 26 25 24 23 22 21 20 19 38 37 36 35 34 33 32 31 30 29 28 27 26 25 24 23 22 21 20 35 34 33 32 31 30 29 28 27 26 25 24 23 22 21 20 19 18 17 39 38 37 36 35 34 33 32 31 30 29 28 27 26 25 24 23 22 21 33 32 31 30 29 28 27 26 25 24 23 22 21 20 19 18 17 16 15 38 37 36 35 34 33 32 31 30 29 28 27 26 25 24 23 22 21 20 39 38 37 36 35 34 33 32 31 30 29 28 27 26 25 24 23 22 21 37 36 35 34 33 32 31 30 29 28 27 26 25 24 23 22 21 20 19 40 39 38 37 36 35 34 33 32 31 30 29 28 27 26 25 24 23 22 36 35 34 33 32 31 30 29 28 27 26 25 24 23 22 21 20 19 18 33 32 31 30 29 28 27 26 25 24 23 22 21 20 19 18 17 16 15 35 34 33 32 31 30 29 28 27 26 25 24 23 22 21 20 19 18 17 40 39 38 37 36 35 34 33 32 31 30 29 28 27 26 25 24 23 22 38 37 36 35 34 33 32 31 30 29 28 27 26 25 24 23 22 21 20 35 34 33 32 31 30 29 28 27 26 25 24 23 22 21 20 19 18 17 38 37 36 35 34 33 32 31 30 29 28 27 26 25 24 23 22 21 20 36 35 34 33 32 31 30 29 28 27 26 25 24 23 22 21 20 19 18 33 32 31 30 29 28 27 26 25 24 23 22 21 20 19 18 17 16 15 25 28 41 39 38 40 42 32 41 35 36 29 40 36 27 41 39 26 40 29 34 41 28 36 39 44 31 31 29 41 42 39 30 38 38 30 39 28 32 41 25 42 29 31 41 35 28 26 35 32 33 37 28 37 38 28 27 40 34 29 45 26 37 41 44 42 35 25 38 31 38 27 38 40 41 26 41 36 31 37 37 43 34 29 42 43 26 32 40 31 32 27 38 36 29 41 24 32 37 36 28 34 36 45 41 32 39 30 30 34 32 29 28 25 24 34 39 28 26 33 30 32 27 31 28 26 27 29 25 29 27 31 35 40 41 36 41 30 45 40 29 29 29 29 30 31 25 45 42 40 41 41 44 34 27 27 30 39 28 25 32 30 32 36 32 35 36 41 43 26 31 27 28 36 36 42 42 27 28 42 37 33 37 34 25 40 33 25 40 38 31 37 31 29 27 38 38 35 38 43 34 36 33 28 39 30 41 39 35 33 32 32 26 27 35 26 41 36 37 26 41 39 28 40 25 37 31 25 28 42 39 32 26 25 28 39 30 38 35 41 27 27 42 30 31 40 42 26 39 35 30 29 37 29 38 27 43 30 32 40 34 29 38 34 33 34 37 26 36 37 35 26 37 26 42 30 36 26 26 38 40 26 26 45 40 33 27 40 42 32 37 43 30 31 38 36 32 34 27 40 25 36 41 30 42 25 33 28 31 25 27 26 33 24 39 37 40 39 31 29 38 26 37 41 37 31 27 39 36 34 33 40 42 26 27 31 25 44 34
itemClass_lengthVector 20 43 14 13 4 22 89 24 117 69 19 21 67 4 65 86 1 20 2 27 2 5 83 67 57 18 59 26 29 8 10 50 72 11 8 55 103 10 7 165 12 3 7 32 20 29 14 59 2 23 94 9 12 5 70 59 78 4 24 2 18 87 85 42 11 12 7 7 39 118 72 6 38 60 24 44 32 7 36 26 27 32 34 11 73 42 42 27 37 78 44 7 71 12 62 8 51 41 84 46 15 42 49 14 19 7 79 13 30 2 109 29 46 16 18 120 2 35 57 26 57 5 10 29 11 119 23 46 10 17 63 50 2 55 58 28 33 14 23 6 44 14 38 6 49 21 5 16 95 31 133 31 7 15 7 101 156 15 64 33 5 22 54 20 19 12 11 109 1 17 32 29 87 96 22 14 76 21 56 33 38 15 70 22 23 6 23 14 21 34 66 134 37 36 75 2 1 20 20 4 102 52 29 31 19 7 5 11 49 73 73 32 32 94 27 10 4 14 17 34 61 44 98 18 5 4 34 26 125 11 52 14 16 62 38 51 30 3 50 18 7 14 5 108 49 1 46 52 2 42 24 5 21 17 53 36 63 74 35 40 39 22 19 21 51 84 9 14 57 8 221 59 14 12 16 15 41 40 11 18 23 2 3 13 124 20 24 22 52 20 7 4 5 18 10 47 133 51 103 30 16 56 59 23 10 32 17 84 163 4 13 3 8 31 60 118 9 17 4 7 57 2 61 70 27 42 29 28 12 17 120 55 80 11 15 21 20 89 49 5 5 5 45 42 57 4 23 4 9 55 94 151 13 58 30 7 10 40 24 13 21 1 5 19 4 88 15 13 18 13 117 22 4 12 25 86 12 21 20 13 64 70 42 86 21 3 20 20 18 3 43 21 12 22 88 12 21 23 3 69 20 2 20 5 18 12 70 5 86 90 18 118 3 87 25 21 86 64 12 69 65 19 21 3 13 21 42 89 20 90 18 90 64 14 4 14 20 44 117 19 25 3 21 23 66 44 19 85 22 13 66 18 85 3 90 3 13 21 19 23 24 65 116 23 21 13 21 13 5 4 19 22 64 64 2 20 18 4 3 20 118 67 22 1 20 64 19 86 66 20 5 1 67 88 13 12 25 20 22 20 44 4 65 66 66 68 22 2 20 43 14 20 13 19 116 1 1 4 22 87 21 70 22 69 25 69 118 116 13 42 20 20 85 86 22 23 14 14 64 65 42 90 70 90 24 1 4 19 1 15 23 19 5 20 66 87 23 12 70 13 19 70 88 68 5 23 66 20 3 69 117 70 68 21 86 116 1 20 89 5 2 12 12 85 14 19 23 18 19 4 19 5 22 21 19 85 3 21 21 70 20 1 65 19 68 67 42 44 85 3 117 66 5 24 66 5 1 20 20 68 14 116 65 89 68 70 24 90 85 24 89 117 1 90 19 43 4 89 1 19 14 13 1 21 19 43 20 66 3 15 20 25 19 4 68 4 89 22 25 86 43 21 88 42 22 15 21 118 5 19 21 65 19 116 19 14 25 12 13 20 66 4 86 4 19 5 66 86 23 21 24 117 13 42 1 1 18 21 20 18
itemClass_demand 1 1 1 1 1 1 1 1 1 1 1 1 1 1 1 1 1 1 1 1 1 1 1 1 1 1 1 1 1 1 1 1 1 1 1 1 1 1 1 1 1 1 1 1 1 1 1 1 1 1 1 1 1 1 1 1 1 1 1 1 1 1 1 1 1 1 1 1 1 1 1 1 1 1 1 1 1 1 1 1 1 1 1 1 1 1 1 1 1 1 1 1 1 1 1 1 1 1 1 1 1 1 1 1 1 1 1 1 1 1 1 1 1 1 1 1 1 1 1 1 1 1 1 1 1 1 1 1 1 1 1 1 1 1 1 1 1 1 1 1 1 1 1 1 1 1 1 1 1 1 1 1 1 1 1 1 1 1 1 1 1 1 1 1 1 1 1 1 1 1 1 1 1 1 1 1 1 1 1 1 1 1 1 1 1 1 1 1 1 1 1 1 1 1 1 1 1 1 1 1 1 1 1 1 1 1 1 1 1 1 1 1 1 1 1 1 1 1 1 1 1 1 1 1 1 1 1 1 1 1 1 1 1 1 1 1 1 1 1 1 1 1 1 1 1 1 1 1 1 1 1 1 1 1 1 1 1 1 1 1 1 1 1 1 1 1 1 1 1 1 1 1 1 1 1 1 1 1 1 1 1 1 1 1 1 1 1 1 1 1 1 1 1 1 1 1 1 1 1 1 1 1 1 1 1 1 1 1 1 1 1 1 1 1 1 1 1 1 1 1 1 1 1 1 1 1 1 1 1 1 1 1 1 1 1 1 1 1 1 1 1 1 1 1 1 1 1 1 1 1 1 1 1 1 1 1 1 1 1 1 1 1 1 1 1 1 1 1 1 1 1 1 1 1 1 1 1 1 1 1 1 1 1 1 1 1 1 1 1 1 1 1 1 1 1 1 1 1 1 1 1 1 1 1 1 1 1 1 1 1 1 1 1 1 1 1 1 1 1 1 1 1 1 1 1 1 1 1 1 1 1 1 1 1 1 1 1 1 1 1 1 1 1 1 1 1 1 1 1 1 1 1 1 1 1 1 1 1 1 1 1 1 1 1 1 1 1 1 1 1 1 1 1 1 1 1 1 1 1 1 1 1 1 1 1 1 1 1 1 1 1 1 1 1 1 1 1 1 1 1 1 1 1 1 1 1 1 1 1 1 1 1 1 1 1 1 1 1 1 1 1 1 1 1 1 1 1 1 1 1 1 1 1 1 1 1 1 1 1 1 1 1 1 1 1 1 1 1 1 1 1 1 1 1 1 1 1 1 1 1 1 1 1 1 1 1 1 1 1 1 1 1 1 1 1 1 1 1 1 1 1 1 1 1 1 1 1 1 1 1 1 1 1 1 1 1 1 1 1 1 1 1 1 1 1 1 1 1 1 1 1 1 1 1 1 1 1 1 1 1 1 1 1 1 1 1 1 1 1 1 1 1 1 1 1 1 1 1 1 1 1 1 1 1 1 1 1 1 1 1 1 1 1 1 1 1 1 1 1 1 1 1 1 1 1 1 1 1 1 1 1 1 1 1 1 1 1 1 1 1 1 1 1 1 1 1 1 1 1 1 1 1 1 1 1 1 1 1 1 1
binNumber 10000
binClassNumber 1
binClass_widthVector 700
binClass_lengthVector 700
binClass_disponibility 1000
itemClass_weight 8000 17200 5600 5200 1600 8800 35600 9600 46800 27600 7600 8400 26800 1600 26000 34400 400 8000 800 9990 740 1850 30710 24790 21090 6660 21830 9620 10730 2960 3700 18500 26640 4070 2960 20350 38110 3700 2660 62700 4560 1140 2660 12160 7600 11020 5320 22420 760 8740 35720 3420 4560 1900 26600 22420 29640 1400 8400 700 6300 30450 29750 14700 3850 4200 2450 2450 13650 41300 25200 2100 13300 21000 8400 15400 12480 2730 14040 10140 10530 12480 13260 4290 28470 16380 16380 10530 14430 30420 17160 2730 27690 4680 24180 2640 16830 13530 27720 15180 4950 13860 16170 4620 6270 2310 26070 4290 9900 660 35970 9570 15180 5280 6840 45600 760 13300 21660 9880 21660 1900 3800 11020 4180 45220 8740 17480 3800 6460 23940 19000 760 21450 22620 10920 12870 5460 8970 2340 17160 5460 14820 2340 19110 8190 1950 6240 37050 12090 51870 12090 2590 5550 2590 37370 57720 5550 23680 12210 1850 8140 19980 7400 7030 4440 4070 40330 370 6290 11840 11600 34800 38400 8800 5600 30400 8400 22400 13200 15200 6000 28000 8800 9200 2400 9200 5600 8400 13600 23760 48240 13320 12960 27000 720 360 7200 7200 1440 36720 18720 10440 11160 6840 2520 1800 3960 17640 24090 24090 10560 10560 31020 8910 3300 1320 4620 5610 11220 20130 14520 32340 5940 1650 1320 11220 8580 43750 3850 18200 4900 5600 21700 13300 17850 10500 1050 17500 6300 2450 4900 1750 37800 17150 350 16100 20800 800 16800 9600 2000 8400 6800 21200 14400 25200 29600 14000 16000 15600 8800 7600 8400 20400 33600 3420 5320 21660 3040 83980 22420 5320 4560 6080 5700 15580 15200 4180 6840 8740 760 1140 4940 47120 7000 8400 7700 18200 7000 2450 1400 1750 6300 3500 16450 46550 17850 36050 10500 5600 19600 20650 8050 3800 12160 6460 31920 61940 1520 4940 1140 3040 11780 22800 44840 3420 6460 1520 2660 21660 760 23180 25200 9720 15120 10440 10080 4320 6120 43200 19800 28800 3960 5400 7560 7200 32040 17640 1800 1800 1800 14850 13860 18810 1320 7590 1320 2970 18150 31020 49830 4290 19140 9900 2310 3300 13200 7920 4290 6930 441 2020 8265 1744 38280 6285 5226 7326 5512 47736 9416 1696 5016 10425 34486 4812 9072 8500 5707 27456 29120 17682 36206 8967 1275 8360 8440 7596 1239 17802 8799 4824 9328 38720 5232 8589 9706 1230 27876 8080 842 8700 2025 7776 5136 30240 2180 37926 38700 7758 48852 1233 37236 10700 9156 35432 27840 5124 30429 26325 7752 8463 1206 5577 8925 16968 37202 8720 37260 7398 39510 28224 5684 1696 6146 8560 18040 47736 7866 11000 1278 8820 9223 28446 17908 8322 36720 8866 5473 28182 7542 35700 1215 39420 1224 5603 8736 8132 10005 10056 26585 50344 9223 9093 5356 9240 5629 2130 1696 7980 8822 26752 27840 854 8200 7470 1732 1245 8640 48852 28743 9130 439 8220 27584 7771 37582 27390 8780 2185 426 27001 36696 5629 5280 10900 8560 9526 8420 18612 1608 27105 28644 27984 27812 9680 872 8280 17845 5754 8680 5525 8056 48372 441 440 1748 8888 35061 9135 28070 9306 28911 10900 29394 48026 47212 5590 16842 8260 8180 35870 36292 9614 9545 5656 6174 26688 27690 17094 38970 30730 37350 10248 408 1668 7885 407 6510 9729 8075 2160 8360 28842 35844 9660 5220 30520 5629 8037 30590 37664 29784 2165 9890 27060 8720 1242 28359 51129 28070 28560 8568 35260 48488 412 8320 37736 2155 878 4932 4992 34340 6020 7752 9729 7290 8056 1640 8151 2030 8888 9114 8227 36125 1251 8820 9240 28700 8220 428 26195 7923 29512 29212 18396 19228 37060 1272 49842 27324 2110 9840 26730 2025 403 8100 8400 28696 5768 46748 28015 39160 27880 28210 9672 37890 35530 10080 38092 48087 422 38340 7923 18791 1744 37825 403 8113 6048 5226 422 8526 7904 18103 8360 27852 1215 6360 8220 10875 7847 1744 27744 1640 36668 9702 10250 35002 17759 8484 36784 17808 9548 6435 9051 47436 2135 8132 9135 27235 8341 50924 7733 6090 10600 5112 5629 8820 26796 1640 37668 1652 7923 2100 27060 37066 10074 8547 10080 51363 5629 17220 421 432 7848 8883 8160 7470
