itemNumber 50
itemClassNumber 50
itemClass_widthVector 8 7 6 5 4 3 8 7 6 5 4 3 8 7 6 5 4 3 9 8 7 6 5 4 9 8 7 6 5 4 8 7 6 5 4 3 7 6 9 9 8 6 9 9 5 8 5 5 6 7
itemClass_lengthVector 9 14 2 9 13 3 2 4 1 25 14 4 3 9 12 14 5 7 12 17 2 7 8 4 3 3 1 21 9 13 14 6 10 5 1 14 3 8 10 8 15 10 9 8 12 13 14 12 8 3
itemClass_demand 1 1 1 1 1 1 1 1 1 1 1 1 1 1 1 1 1 1 1 1 1 1 1 1 1 1 1 1 1 1 1 1 1 1 1 1 1 1 1 1 1 1 1 1 1 1 1 1 1 1
binNumber 10000
binClassNumber 1
binClass_widthVector 50
binClass_lengthVector 50
binClass_disponibility 1000
itemClass_weight 720 1120 160 720 1040 240 160 320 80 2000 1120 320 240 720 960 1120 400 560 1080 1530 180 630 720 360 270 270 90 1890 810 1170 1120 480 800 400 80 1120 246 648 870 648 1335 860 756 704 1020 1157 1246 984 704 249
