itemNumber 700
itemClassNumber 700
itemClass_widthVector 35 34 33 32 31 30 29 28 27 26 25 24 23 22 21 20 19 18 17 34 33 32 31 30 29 28 27 26 25 24 23 22 21 20 19 18 17 16 39 38 37 36 35 34 33 32 31 30 29 28 27 26 25 24 23 22 21 38 37 36 35 34 33 32 31 30 29 28 27 26 25 24 23 22 21 20 36 35 34 33 32 31 30 29 28 27 26 25 24 23 22 21 20 19 18 36 35 34 33 32 31 30 29 28 27 26 25 24 23 22 21 20 19 18 40 39 38 37 36 35 34 33 32 31 30 29 28 27 26 25 24 23 22 39 38 37 36 35 34 33 32 31 30 29 28 27 26 25 24 23 22 21 35 34 33 32 31 30 29 28 27 26 25 24 23 22 21 20 19 18 17 40 39 38 37 36 35 34 33 32 31 30 29 28 27 26 25 24 23 22 37 36 35 34 33 32 31 30 29 28 27 26 25 24 23 22 21 20 19 39 38 37 36 35 34 33 32 31 30 29 28 27 26 25 24 23 22 21 37 36 35 34 33 32 31 30 29 28 27 26 25 24 23 22 21 20 19 36 35 34 33 32 31 30 29 28 27 26 25 24 23 22 21 20 19 18 37 36 35 34 33 32 31 30 29 28 27 26 25 24 23 22 21 20 19 34 33 32 31 30 29 28 27 26 25 24 23 22 21 20 19 18 17 16 37 36 35 34 33 32 31 30 29 28 27 26 25 24 23 22 21 20 19 35 34 33 32 31 30 29 28 27 26 25 24 23 22 21 20 19 18 17 36 35 34 33 32 31 30 29 28 27 26 25 24 23 22 21 20 19 18 24 34 36 37 27 36 22 21 30 36 24 26 36 36 25 27 38 36 27 26 32 37 27 30 29 35 38 39 38 19 21 36 22 24 28 26 31 32 26 29 37 32 20 27 27 30 31 26 21 25 33 24 33 27 36 30 28 34 31 38 19 28 29 26 34 22 37 27 26 35 24 29 24 29 31 25 27 22 33 32 36 23 36 29 23 28 27 37 31 25 22 35 20 20 24 25 20 20 28 32 28 21 26 36 21 23 23 32 35 19 22 35 28 37 31 33 23 32 25 30 38 21 36 28 22 38 29 31 24 21 29 33 35 30 29 23 21 26 26 24 27 26 20 26 31 24 30 26 23 21 34 36 19 28 34 20 26 24 26 19 23 28 27 19 25 32 25 24 31 20 24 34 35 25 30 22 21 23 25 29 26 20 27 23 24 35 34 35 33 24 38 33 31 27 29 30 19 28 30 33 21 23 31 33 25 21 19 34 23 21 24 28 20 31 34 27 37 23 34 25 36 22 28 21 27 31 21 33 23 33 30 36 27 26 32 25 28 31 19 24 26 22 33 26 24 35 36 26 26 24 29 35 20 24 34 32 37 32 26 21 21 32 31 23 23 27 36 28 27 25 20 23 38 20 35 28 36 35 28 29 34 28 22 29 29 35 36 25 33 35 20 37 28 25 23 37 31 21 35 30 32 19 22 29 27 28 19 24 21 23 28 21 32 28 20 36 24 33 33 23 36 36 32 21 25 25 24 31 20 20 25 37 30 31 36 35 28 33 39
itemClass_lengthVector 7 167 32 1 15 4 18 28 35 44 4 20 41 90 14 31 39 104 6 81 10 4 57 4 53 47 105 42 78 9 12 2 53 1 87 19 10 26 6 3 10 85 46 17 267 3 33 57 28 7 8 3 13 36 9 37 32 67 12 12 18 25 34 7 62 32 5 34 29 19 11 16 204 15 16 82 78 13 5 71 58 1 41 56 13 37 105 1 24 40 9 20 15 68 45 18 115 8 30 65 13 26 7 1 142 10 23 54 13 15 88 1 62 9 86 51 57 7 13 42 14 36 25 113 12 9 6 21 7 60 82 13 46 15 7 16 117 1 31 18 3 7 27 54 47 6 5 5 83 188 17 53 120 31 6 39 16 25 28 16 9 80 4 54 49 3 9 14 45 141 11 81 124 25 19 61 44 14 33 26 11 55 45 22 9 19 44 57 3 8 72 10 30 13 22 65 16 3 46 28 2 24 86 2 63 15 79 70 54 49 10 34 50 67 126 11 42 8 27 17 25 9 32 51 40 35 44 23 17 25 23 6 13 48 107 15 15 28 31 75 27 107 5 31 55 57 15 49 104 30 40 25 36 69 18 1 16 72 15 40 3 11 9 87 9 66 7 36 4 1 42 30 122 10 47 15 59 12 56 49 35 48 56 66 5 58 22 6 68 34 17 57 2 119 10 42 52 69 27 25 2 29 11 50 13 12 31 14 25 60 14 2 8 51 18 6 24 30 34 139 157 39 23 36 8 13 50 15 2 1 9 27 178 49 134 44 6 23 86 11 7 1 18 138 41 1 48 60 55 58 48 26 39 19 47 5 16 35 11 30 5 13 2 8 33 3 2 14 40 17 166 89 3 167 7 20 4 167 31 3 19 17 32 44 28 29 2 166 8 8 103 38 31 13 15 45 21 17 19 5 43 32 17 40 44 4 34 18 4 39 91 14 40 15 21 7 19 35 1 19 8 103 44 44 21 16 15 7 19 3 31 40 45 14 34 17 90 3 31 5 15 33 14 6 27 89 35 44 166 5 89 31 167 103 103 42 40 39 40 43 19 36 40 41 32 40 15 89 17 2 103 30 1 4 7 17 16 15 16 20 35 168 40 166 34 32 166 44 27 42 32 34 15 15 34 45 30 38 19 41 41 44 40 103 4 28 40 35 4 91 38 1 31 103 45 32 39 21 15 3 105 30 3 3 105 20 18 19 41 5 104 89 33 167 19 27 32 31 14 21 43 5 38 19 15 40 16 32 15 14 42 7 16 18 4 27 19 104 44 19 5 39 31 29 15 19 30 103 16 91 38 15 3 40 28 31 43 8 30 1 89 1 32 4 39 20 3 31 1 90 3 18 31 3 40 17 89 44 17 104 14 19 30 4 21 91 32 31 3 19 89 43 16 39 41 2 16 7 18 42 39 39 16 5 14 89 3 2 34 44 21 38 13 8 39 168 43 31 2 5 34 5 34 15 36 45 1 31 20 16 16 40 31 34 42 91 32 5 32 2 35 4 104 14 35 21 35 103 42 31 13 43 40 17 4 40 32 91 1 15 30 1 8 5 38 40 91 13 27 39 39 21 166 28 17 168 16 35 3 6
itemClass_demand 1 1 1 1 1 1 1 1 1 1 1 1 1 1 1 1 1 1 1 1 1 1 1 1 1 1 1 1 1 1 1 1 1 1 1 1 1 1 1 1 1 1 1 1 1 1 1 1 1 1 1 1 1 1 1 1 1 1 1 1 1 1 1 1 1 1 1 1 1 1 1 1 1 1 1 1 1 1 1 1 1 1 1 1 1 1 1 1 1 1 1 1 1 1 1 1 1 1 1 1 1 1 1 1 1 1 1 1 1 1 1 1 1 1 1 1 1 1 1 1 1 1 1 1 1 1 1 1 1 1 1 1 1 1 1 1 1 1 1 1 1 1 1 1 1 1 1 1 1 1 1 1 1 1 1 1 1 1 1 1 1 1 1 1 1 1 1 1 1 1 1 1 1 1 1 1 1 1 1 1 1 1 1 1 1 1 1 1 1 1 1 1 1 1 1 1 1 1 1 1 1 1 1 1 1 1 1 1 1 1 1 1 1 1 1 1 1 1 1 1 1 1 1 1 1 1 1 1 1 1 1 1 1 1 1 1 1 1 1 1 1 1 1 1 1 1 1 1 1 1 1 1 1 1 1 1 1 1 1 1 1 1 1 1 1 1 1 1 1 1 1 1 1 1 1 1 1 1 1 1 1 1 1 1 1 1 1 1 1 1 1 1 1 1 1 1 1 1 1 1 1 1 1 1 1 1 1 1 1 1 1 1 1 1 1 1 1 1 1 1 1 1 1 1 1 1 1 1 1 1 1 1 1 1 1 1 1 1 1 1 1 1 1 1 1 1 1 1 1 1 1 1 1 1 1 1 1 1 1 1 1 1 1 1 1 1 1 1 1 1 1 1 1 1 1 1 1 1 1 1 1 1 1 1 1 1 1 1 1 1 1 1 1 1 1 1 1 1 1 1 1 1 1 1 1 1 1 1 1 1 1 1 1 1 1 1 1 1 1 1 1 1 1 1 1 1 1 1 1 1 1 1 1 1 1 1 1 1 1 1 1 1 1 1 1 1 1 1 1 1 1 1 1 1 1 1 1 1 1 1 1 1 1 1 1 1 1 1 1 1 1 1 1 1 1 1 1 1 1 1 1 1 1 1 1 1 1 1 1 1 1 1 1 1 1 1 1 1 1 1 1 1 1 1 1 1 1 1 1 1 1 1 1 1 1 1 1 1 1 1 1 1 1 1 1 1 1 1 1 1 1 1 1 1 1 1 1 1 1 1 1 1 1 1 1 1 1 1 1 1 1 1 1 1 1 1 1 1 1 1 1 1 1 1 1 1 1 1 1 1 1 1 1 1 1 1 1 1 1 1 1 1 1 1 1 1 1 1 1 1 1 1 1 1 1 1 1 1 1 1 1 1 1 1 1 1 1 1 1 1 1 1 1 1 1 1 1 1 1 1 1 1 1 1 1 1 1 1 1 1 1 1 1 1 1 1 1 1 1 1 1 1 1 1 1 1 1 1 1 1 1 1 1 1 1 1 1 1 1 1 1 1 1 1 1 1 1 1 1 1 1 1 1 1 1 1 1 1 1 1 1 1 1 1 1 1 1 1 1 1 1 1 1 1 1 1 1 1 1 1
binNumber 10000
binClassNumber 1
binClass_widthVector 700
binClass_lengthVector 700
binClass_disponibility 1000
itemClass_weight 2450 58450 11200 350 5250 1400 6300 9800 12250 15400 1400 7000 14350 31500 4900 10850 13650 36400 2100 27540 3400 1360 19380 1360 18020 15980 35700 14280 26520 3060 4080 680 18020 340 29580 6460 3400 8840 2340 1170 3900 33150 17940 6630 104130 1170 12870 22230 10920 2730 3120 1170 5070 14040 3510 14430 12480 25460 4560 4560 6840 9500 12920 2660 23560 12160 1900 12920 11020 7220 4180 6080 77520 5700 6080 31160 28080 4680 1800 25560 20880 360 14760 20160 4680 13320 37800 360 8640 14400 3240 7200 5400 24480 16200 6480 41400 2880 10800 23400 4680 9360 2520 360 51120 3600 8280 19440 4680 5400 31680 360 22320 3240 34400 20400 22800 2800 5200 16800 5600 14400 10000 45200 4800 3600 2400 8400 2800 24000 32800 5200 18400 5850 2730 6240 45630 390 12090 7020 1170 2730 10530 21060 18330 2340 1950 1950 32370 73320 6630 20670 42000 10850 2100 13650 5600 8750 9800 5600 3150 28000 1400 18900 17150 1050 3150 4900 15750 49350 3850 32400 49600 10000 7600 24400 17600 5600 13200 10400 4400 22000 18000 8800 3600 7600 17600 22800 1200 3200 26640 3700 11100 4810 8140 24050 5920 1110 17020 10360 740 8880 31820 740 23310 5550 29230 25900 19980 19110 3900 13260 19500 26130 49140 4290 16380 3120 10530 6630 9750 3510 12480 19890 15600 13650 17160 8970 6290 9250 8510 2220 4810 17760 39590 5550 5550 10360 11470 27750 9990 39590 1850 11470 20350 21090 5550 17640 37440 10800 14400 9000 12960 24840 6480 360 5760 25920 5400 14400 1080 3960 3240 31320 3240 23760 2590 13320 1480 370 15540 11100 45140 3700 17390 5550 21830 4440 20720 18130 12950 17760 20720 24420 1850 19720 7480 2040 23120 11560 5780 19380 680 40460 3400 14280 17680 23460 9180 8500 680 9860 3740 17000 4810 4440 11470 5180 9250 22200 5180 740 2960 18870 6660 2220 8880 11100 12580 51430 58090 14430 8510 12600 2800 4550 17500 5250 700 350 3150 9450 62300 17150 46900 15400 2100 8050 30100 3850 2450 350 6480 49680 14760 360 17280 21600 19800 20880 17280 9360 14040 6840 16920 1800 5760 12600 3960 10800 1800 4576 750 2872 12276 1155 712 5236 14240 6511 61088 32841 1092 64128 2674 7420 1480 64128 10974 1110 6840 6222 11232 16148 10584 10237 718 61420 3016 2952 39449 14630 11036 4953 5565 16515 7749 6341 7258 1925 16254 11968 6273 14720 16896 1452 13124 6336 1412 13923 33124 5012 14320 5760 7980 2674 6859 12565 352 6707 2848 38007 16764 16544 7917 6080 5415 2597 7201 1080 11439 15440 17010 5082 11968 6001 33120 1140 11377 1930 5280 12705 5096 2106 10368 31506 13230 16280 59428 1930 32307 11749 60788 37183 38110 15540 14960 14547 15400 16168 7296 12960 15200 15211 12032 14720 5325 34176 6205 732 37698 11280 370 1404 2471 6001 6176 5370 5888 7620 13440 64680 14160 62250 12818 12064 58764 16280 10125 14868 11680 12274 5745 5430 13056 15840 11070 14174 6840 14883 15252 15752 15160 39552 1412 9996 14760 12425 1532 33852 14440 374 11191 38110 17325 11232 13689 8064 5640 1077 39690 11430 1092 1149 39270 7280 6840 7087 15375 1895 37960 31239 12210 58617 7087 10368 12096 11687 5376 7812 15824 1775 13338 7258 5280 14760 5952 12000 5505 4928 16086 2660 5968 6678 1480 10098 6745 39728 16280 7144 1885 14898 11160 10846 5655 7277 10710 36977 5616 33761 14478 5505 1086 15000 10444 11036 16598 2824 11280 357 33197 359 11840 1532 14196 7640 1083 11811 364 34380 1119 6930 11377 1080 14680 6324 32663 15576 6341 37336 5264 7201 11100 1496 7602 32578 11232 11346 1155 7106 32218 15781 6048 14274 14637 718 6128 2611 6696 15078 14742 13962 5856 1870 5012 34265 1131 764 12546 15752 7665 13756 4966 2992 14742 60312 15351 11129 756 1905 12784 1930 13056 5580 13608 17145 355 11129 7640 6128 5792 15160 11656 12172 16128 34398 12128 1845 11488 754 12390 1464 39312 4970 12810 8043 13405 38831 15918 11160 4706 16082 14240 6069 1472 14520 12288 33215 351 5595 11430 363 2968 1770 13338 15000 32851 4823 10287 14040 13845 7497 61088 10192 6528 63168 5760 12880 1110 2232
