itemNumber 300
itemClassNumber 300
itemClass_widthVector 25 24 23 22 21 20 19 18 17 16 15 14 13 24 23 22 21 20 19 18 17 16 15 14 13 12 23 22 21 20 19 18 17 16 15 14 13 12 11 25 24 23 22 21 20 19 18 17 16 15 14 13 21 20 19 18 17 16 15 14 13 12 11 10 9 25 24 23 22 21 20 19 18 17 16 15 14 13 22 21 20 19 18 17 16 15 14 13 12 11 10 21 20 19 18 17 16 15 14 13 12 11 10 9 23 22 21 20 19 18 17 16 15 14 13 12 11 21 20 19 18 17 16 15 14 13 12 11 10 9 23 22 21 20 19 18 17 16 15 14 13 12 11 25 24 23 22 21 20 19 18 17 16 15 14 13 22 21 20 19 18 17 16 15 14 13 12 11 10 18 19 20 16 19 20 19 18 23 25 15 15 27 25 15 18 26 26 20 28 15 21 18 16 15 17 18 25 22 24 20 27 17 27 24 23 19 26 23 16 16 24 16 25 23 18 24 26 24 16 20 19 24 22 18 26 26 21 27 26 24 15 15 26 22 20 16 25 28 15 28 24 19 15 20 16 20 21 26 16 18 27 17 28 20 16 23 18 20 21 25 27 23 15 24 26 19 24 26 26 20 20 25 24 22 15 25 20 18 24 26 16 17 20 21 17 26 19 26 23 25 20 23 18 23 18 24 20 21 23 18
itemClass_lengthVector 7 46 29 12 17 17 16 51 5 9 70 15 6 12 63 10 9 7 1 3 48 32 12 16 64 23 10 2 18 61 41 52 4 19 8 27 5 35 18 19 28 9 20 31 35 10 23 11 3 33 41 37 17 12 38 8 32 15 7 43 5 39 18 19 47 58 18 65 9 13 31 13 26 8 5 4 18 32 6 86 37 7 8 7 24 68 6 32 6 11 2 41 32 13 2 14 43 27 14 28 31 21 6 28 19 9 29 12 16 8 7 63 50 26 9 33 19 19 30 18 84 1 3 19 7 82 17 2 16 2 56 17 43 51 26 3 24 2 31 24 12 1 10 13 8 42 7 4 52 21 4 50 27 17 7 48 9 5 47 4 80 7 2 19 71 22 6 2 26 10 51 50 15 51 52 4 4 12 47 15 15 45 47 15 8 28 8 17 8 15 15 9 70 15 71 6 47 18 12 15 8 10 47 12 16 6 29 13 70 16 12 15 30 18 4 29 6 11 70 51 51 30 17 5 29 7 17 8 28 17 14 14 47 18 51 16 11 8 15 7 28 6 14 50 69 15 16 6 16 4 45 8 7 51 69 18 4 50 16 46 46 12 14 12 46 4 30 30 8 16 17 46 17 16 16 45 16 5 12 30 14 8 16 17 9 8 51 29 11 12 16 16 5 16 9 28 15 15 17 6
itemClass_demand 1 1 1 1 1 1 1 1 1 1 1 1 1 1 1 1 1 1 1 1 1 1 1 1 1 1 1 1 1 1 1 1 1 1 1 1 1 1 1 1 1 1 1 1 1 1 1 1 1 1 1 1 1 1 1 1 1 1 1 1 1 1 1 1 1 1 1 1 1 1 1 1 1 1 1 1 1 1 1 1 1 1 1 1 1 1 1 1 1 1 1 1 1 1 1 1 1 1 1 1 1 1 1 1 1 1 1 1 1 1 1 1 1 1 1 1 1 1 1 1 1 1 1 1 1 1 1 1 1 1 1 1 1 1 1 1 1 1 1 1 1 1 1 1 1 1 1 1 1 1 1 1 1 1 1 1 1 1 1 1 1 1 1 1 1 1 1 1 1 1 1 1 1 1 1 1 1 1 1 1 1 1 1 1 1 1 1 1 1 1 1 1 1 1 1 1 1 1 1 1 1 1 1 1 1 1 1 1 1 1 1 1 1 1 1 1 1 1 1 1 1 1 1 1 1 1 1 1 1 1 1 1 1 1 1 1 1 1 1 1 1 1 1 1 1 1 1 1 1 1 1 1 1 1 1 1 1 1 1 1 1 1 1 1 1 1 1 1 1 1 1 1 1 1 1 1 1 1 1 1 1 1 1 1 1 1 1 1 1 1 1 1 1 1 1 1 1 1 1 1
binNumber 10000
binClassNumber 1
binClass_widthVector 300
binClass_lengthVector 300
binClass_disponibility 1000
itemClass_weight 1750 11500 7250 3000 4250 4250 4000 12750 1250 2250 17500 3750 1500 2880 15120 2400 2160 1680 240 720 11520 7680 2880 3840 15360 5520 2300 460 4140 14030 9430 11960 920 4370 1840 6210 1150 8050 4140 4750 7000 2250 5000 7750 8750 2500 5750 2750 750 8250 10250 9250 3570 2520 7980 1680 6720 3150 1470 9030 1050 8190 3780 3990 9870 14500 4500 16250 2250 3250 7750 3250 6500 2000 1250 1000 4500 8000 1320 18920 8140 1540 1760 1540 5280 14960 1320 7040 1320 2420 440 8610 6720 2730 420 2940 9030 5670 2940 5880 6510 4410 1260 5880 4370 2070 6670 2760 3680 1840 1610 14490 11500 5980 2070 7590 4370 3990 6300 3780 17640 210 630 3990 1470 17220 3570 420 3360 420 12880 3910 9890 11730 5980 690 5520 460 7130 5520 2760 230 2300 3250 2000 10500 1750 1000 13000 5250 1000 12500 6750 4250 1750 12000 1980 1100 10340 880 17600 1540 440 4180 15620 4840 1320 440 5720 2630 13260 12550 4065 13056 13572 1076 1096 3312 12267 3945 3810 12195 12220 3840 2208 7196 2176 4403 2032 3765 4080 2358 17850 4035 19028 1554 12173 4968 3288 4095 2024 2530 12455 3192 4016 1512 8004 3289 17850 4192 3240 3945 8130 4716 1096 7366 1542 2926 18480 13311 13107 7590 4335 1295 7482 1834 4641 2128 7308 4386 3598 3808 12831 4608 12903 4096 2827 2112 3975 1848 7504 1524 3864 12600 18354 3885 4336 1536 4112 1044 11520 2160 1834 13617 18975 4644 1040 13150 4288 12558 12512 3192 3822 3048 12098 1084 7950 8280 2184 4416 4437 11730 4437 4288 4016 11790 4128 1310 3012 7680 3738 2120 4176 4505 2385 2144 12954 7308 2959 3144 4112 4288 1310 4032 2358 7448 3840 3855 4522 1656
