itemNumber 300
itemClassNumber 300
itemClass_widthVector 22 21 20 19 18 17 16 15 14 13 12 11 10 24 23 22 21 20 19 18 17 16 15 14 13 12 23 22 21 20 19 18 17 16 15 14 13 12 11 23 22 21 20 19 18 17 16 15 14 13 12 11 24 23 22 21 20 19 18 17 16 15 14 13 12 22 21 20 19 18 17 16 15 14 13 12 11 10 23 22 21 20 19 18 17 16 15 14 13 12 11 25 24 23 22 21 20 19 18 17 16 15 14 13 22 21 20 19 18 17 16 15 14 13 12 11 10 25 24 23 22 21 20 19 18 17 16 15 14 13 24 23 22 21 20 19 18 17 16 15 14 13 12 22 21 20 19 18 17 16 15 14 13 12 11 10 21 20 19 18 17 16 15 14 13 12 11 10 9 16 14 20 19 13 22 19 24 14 23 16 13 18 24 15 13 21 13 13 18 19 14 13 16 21 12 17 16 22 25 12 16 23 15 20 22 17 15 19 12 18 25 14 21 24 17 18 12 24 12 14 20 20 20 17 24 15 21 12 14 15 16 14 19 13 21 14 16 20 21 20 21 24 23 24 20 20 20 20 24 18 23 17 22 14 19 15 21 19 14 25 15 17 25 15 25 21 21 21 13 19 18 18 13 21 15 25 19 24 16 14 20 21 21 25 24 20 20 23 13 14 22 13 22 23 18 23 18 18 20 18
itemClass_lengthVector 8 10 4 14 39 44 1 70 19 11 4 3 73 20 17 2 24 15 18 6 5 14 120 8 49 2 2 12 22 12 34 32 23 115 2 14 14 11 7 8 11 63 2 40 54 14 17 11 32 8 7 33 18 8 10 39 3 10 40 2 44 28 13 31 54 6 7 52 6 1 56 4 4 31 29 12 8 84 86 7 2 9 9 43 11 27 9 50 23 6 18 31 20 29 72 7 41 51 7 3 19 2 12 6 11 26 1 78 84 6 21 3 12 17 4 2 35 20 24 45 22 6 9 9 56 40 15 4 2 48 41 15 30 4 16 49 17 21 29 15 31 16 16 51 39 7 14 29 4 53 5 4 18 12 4 60 2 24 44 16 11 1 61 31 32 11 39 21 7 20 5 38 40 3 11 39 9 5 7 19 2 43 9 20 3 4 3 5 1 43 11 5 20 15 3 2 20 3 9 2 19 3 12 15 4 70 19 45 2 1 9 11 15 7 70 2 4 10 3 11 15 38 15 71 9 19 4 3 12 12 20 3 44 4 13 12 69 39 13 13 3 9 11 9 15 13 14 39 9 2 9 71 4 4 38 10 5 39 5 8 20 69 8 11 8 3 4 15 3 40 44 45 5 15 19 9 38 7 71 4 38 5 4 7 9 40 39 10 3 4 5 4 3 8 45 7 45 45 13 1
itemClass_demand 1 1 1 1 1 1 1 1 1 1 1 1 1 1 1 1 1 1 1 1 1 1 1 1 1 1 1 1 1 1 1 1 1 1 1 1 1 1 1 1 1 1 1 1 1 1 1 1 1 1 1 1 1 1 1 1 1 1 1 1 1 1 1 1 1 1 1 1 1 1 1 1 1 1 1 1 1 1 1 1 1 1 1 1 1 1 1 1 1 1 1 1 1 1 1 1 1 1 1 1 1 1 1 1 1 1 1 1 1 1 1 1 1 1 1 1 1 1 1 1 1 1 1 1 1 1 1 1 1 1 1 1 1 1 1 1 1 1 1 1 1 1 1 1 1 1 1 1 1 1 1 1 1 1 1 1 1 1 1 1 1 1 1 1 1 1 1 1 1 1 1 1 1 1 1 1 1 1 1 1 1 1 1 1 1 1 1 1 1 1 1 1 1 1 1 1 1 1 1 1 1 1 1 1 1 1 1 1 1 1 1 1 1 1 1 1 1 1 1 1 1 1 1 1 1 1 1 1 1 1 1 1 1 1 1 1 1 1 1 1 1 1 1 1 1 1 1 1 1 1 1 1 1 1 1 1 1 1 1 1 1 1 1 1 1 1 1 1 1 1 1 1 1 1 1 1 1 1 1 1 1 1 1 1 1 1 1 1 1 1 1 1 1 1 1 1 1 1 1 1
binNumber 10000
binClassNumber 1
binClass_widthVector 300
binClass_lengthVector 300
binClass_disponibility 1000
itemClass_weight 1760 2200 880 3080 8580 9680 220 15400 4180 2420 880 660 16060 4800 4080 480 5760 3600 4320 1440 1200 3360 28800 1920 11760 480 460 2760 5060 2760 7820 7360 5290 26450 460 3220 3220 2530 1610 1840 2530 14490 460 9200 12420 3220 3910 2530 7360 1840 1610 7590 4320 1920 2400 9360 720 2400 9600 480 10560 6720 3120 7440 12960 1320 1540 11440 1320 220 12320 880 880 6820 6380 2640 1760 18480 19780 1610 460 2070 2070 9890 2530 6210 2070 11500 5290 1380 4140 7750 5000 7250 18000 1750 10250 12750 1750 750 4750 500 3000 1500 2420 5720 220 17160 18480 1320 4620 660 2640 3740 880 440 7700 5000 6000 11250 5500 1500 2250 2250 14000 10000 3750 1000 500 12000 9840 3600 7200 960 3840 11760 4080 5040 6960 3600 7440 3840 3840 11220 8580 1540 3080 6380 880 11660 1100 880 3960 2640 880 13200 420 5040 9240 3360 2310 210 12810 6510 6720 2310 8190 4410 1470 4720 1125 8740 8920 711 2552 8814 2061 1130 1624 4313 446 10191 2160 4420 708 916 726 1150 243 9718 2563 1130 4540 3525 684 464 4780 717 2043 476 4256 702 2832 3435 912 15540 4218 10350 452 222 2070 2596 3630 1575 16240 480 916 2290 681 2530 3375 9158 3375 16117 2169 4313 916 672 2736 2832 4680 675 10604 940 2964 2784 15249 8970 2938 3120 714 2169 2464 2187 3345 2964 3262 9126 1998 452 2061 16827 928 932 8740 2310 1150 8931 1140 1872 4820 15663 1840 2486 1816 681 968 3420 681 9720 10164 10350 1110 3465 4427 2061 8512 1589 16046 968 8436 1115 944 1617 2151 9720 9282 2210 705 928 1205 964 678 1808 10665 1582 10125 10800 2990 227
