itemNumber 120
itemClassNumber 120
itemClass_widthVector 16 15 14 13 12 11 10 9 15 14 13 12 11 10 9 8 17 16 15 14 13 12 11 10 14 13 12 11 10 9 8 7 14 13 12 11 10 9 8 7 14 13 12 11 10 9 8 7 16 15 14 13 12 11 10 9 14 13 12 11 10 9 8 7 17 12 11 15 14 12 12 14 12 18 17 17 15 12 13 14 15 17 13 13 15 15 13 12 13 12 14 12 17 12 17 15 14 12 14 17 12 14 16 13 12 17 13 11 16 16 18 13 16 14 13 16 16 13 15 14
itemClass_lengthVector 5 7 16 26 2 9 52 3 6 1 22 22 21 2 1 45 13 12 23 23 3 1 7 38 24 8 7 8 43 10 2 18 16 4 2 22 10 12 31 23 9 3 23 24 16 28 5 12 3 12 7 24 14 4 15 41 11 11 14 16 6 13 43 6 4 8 53 15 2 10 53 26 9 4 5 6 17 51 9 25 26 4 9 1 15 17 2 51 1 8 26 52 8 53 4 25 27 9 27 7 53 27 6 2 9 4 8 51 7 17 6 10 8 1 1 7 17 1 15 27
itemClass_demand 1 1 1 1 1 1 1 1 1 1 1 1 1 1 1 1 1 1 1 1 1 1 1 1 1 1 1 1 1 1 1 1 1 1 1 1 1 1 1 1 1 1 1 1 1 1 1 1 1 1 1 1 1 1 1 1 1 1 1 1 1 1 1 1 1 1 1 1 1 1 1 1 1 1 1 1 1 1 1 1 1 1 1 1 1 1 1 1 1 1 1 1 1 1 1 1 1 1 1 1 1 1 1 1 1 1 1 1 1 1 1 1 1 1 1 1 1 1 1 1
binNumber 10000
binClassNumber 1
binClass_widthVector 120
binClass_lengthVector 120
binClass_disponibility 1000
itemClass_weight 800 1120 2560 4160 320 1440 8320 480 900 150 3300 3300 3150 300 150 6750 2210 2040 3910 3910 510 170 1190 6460 3360 1120 980 1120 6020 1400 280 2520 2240 560 280 3080 1400 1680 4340 3220 1260 420 3220 3360 2240 3920 700 1680 480 1920 1120 3840 2240 640 2400 6560 1540 1540 1960 2240 840 1820 6020 840 672 1408 8957 2610 330 1750 9169 4576 1503 664 820 984 2771 8415 1548 4400 4420 684 1494 177 2655 2873 344 8568 173 1416 4186 8788 1400 9116 672 4175 4752 1476 4752 1141 9275 4482 990 352 1485 708 1336 8619 1197 2805 1050 1770 1416 166 166 1134 2788 167 2655 4401
