itemNumber 500
itemClassNumber 500
itemClass_widthVector 35 34 33 32 31 30 29 28 27 26 25 24 23 22 21 20 30 29 28 27 26 25 24 23 22 21 20 19 18 17 16 15 35 34 33 32 31 30 29 28 27 26 25 24 23 22 21 20 28 27 26 25 24 23 22 21 20 19 18 17 16 15 14 13 29 28 27 26 25 24 23 22 21 20 19 18 17 16 15 14 32 31 30 29 28 27 26 25 24 23 22 21 20 19 18 17 31 30 29 28 27 26 25 24 23 22 21 20 19 18 17 16 31 30 29 28 27 26 25 24 23 22 21 20 19 18 17 16 32 31 30 29 28 27 26 25 24 23 22 21 20 19 18 17 32 31 30 29 28 27 26 25 24 23 22 21 20 19 18 17 31 30 29 28 27 26 25 24 23 22 21 20 19 18 17 16 29 28 27 26 25 24 23 22 21 20 19 18 17 16 15 14 34 33 32 31 30 29 28 27 26 25 24 23 22 21 20 19 29 28 27 26 25 24 23 22 21 20 19 18 17 16 15 14 30 29 28 27 26 25 24 23 22 21 20 19 18 17 16 15 32 31 30 29 28 27 26 25 24 23 22 21 20 19 18 17 36 31 35 25 27 34 37 25 32 30 35 28 25 26 23 26 32 27 32 25 33 29 26 32 23 24 36 37 24 37 35 24 30 25 30 34 23 30 26 38 25 28 30 22 37 33 38 33 30 24 25 31 31 22 33 36 36 27 31 25 39 27 29 32 32 24 35 26 24 25 22 33 35 35 28 26 38 34 24 26 25 39 28 31 28 36 29 34 37 27 39 22 35 24 35 30 33 32 31 24 25 29 29 34 29 35 31 27 33 23 26 24 25 26 37 30 26 25 27 36 29 27 32 35 25 25 31 34 31 32 36 35 36 36 31 34 24 26 24 27 31 28 28 35 37 29 24 27 27 25 25 22 28 25 29 26 38 24 31 37 24 25 28 27 35 37 25 31 31 24 25 25 24 36 30 34 33 33 24 28 35 36 34 28 35 36 32 37 28 34 34 36 23 29 29 25 25 35 39 37 39 26 35 31 27 24 35 25 37 24 33 35 27 35 29 24 27 28 24 25 34 35 34 27 25 31 31 37 32 23 37 32 30 38 37 35 32 39 27 29 23 34 35 29
itemClass_lengthVector 8 3 2 31 11 59 102 17 23 7 55 4 42 12 86 38 84 8 2 7 65 64 37 7 29 26 16 1 60 4 8 82 55 7 11 49 47 84 27 24 14 45 19 20 6 17 46 29 9 10 20 60 2 35 42 16 45 13 29 106 17 74 21 1 36 87 29 60 68 36 12 25 2 27 33 10 34 1 32 8 3 10 60 67 34 20 37 11 46 80 35 7 45 35 1 9 10 140 14 15 15 15 2 23 21 55 35 4 49 45 13 44 4 15 38 5 65 6 10 84 10 53 28 77 6 35 4 60 10 52 8 2 22 57 90 72 37 14 11 7 78 7 11 22 113 47 26 48 39 15 39 7 4 2 40 2 72 20 16 10 18 65 43 26 10 26 25 6 23 60 42 33 45 55 13 10 18 12 101 9 40 20 16 127 1 19 6 9 2 68 35 17 12 126 8 6 22 47 32 25 2 81 18 26 63 13 12 7 4 33 31 23 11 224 6 5 1 9 28 2 43 29 23 28 5 13 24 44 21 40 11 9 67 21 59 30 24 59 10 63 33 18 25 30 21 45 18 4 63 67 23 18 29 22 38 46 2 18 10 41 55 3 8 13 103 102 12 7 3 42 86 3 10 8 101 13 10 22 5 60 13 86 2 1 11 4 12 13 22 5 23 2 87 22 3 3 42 23 101 86 4 10 9 31 101 43 3 58 103 87 10 2 2 4 17 11 8 7 8 60 58 13 10 54 12 4 87 31 3 10 22 41 9 31 43 5 43 7 6 16 8 32 16 60 2 55 8 87 2 42 4 103 31 59 16 42 4 8 24 32 7 10 16 8 12 12 4 87 42 41 3 101 5 4 4 4 17 6 58 10 42 3 59 31 60 12 4 31 1 31 18 1 13 56 12 56 58 23 23 1 3 16 12 56 8 11 43 87 7 11 17 4 7 11 59 8 42 3 56 56 12 7 41 58 59 86 5 42 41 3 23 59 31 10 41 8 3 31 60 7 11 8 11 3 8 12 3 1 11 7 24 5 12 1 8 2 9 56 30 16 8 13 11 5 4 43 60 3 4 12 16 11 4 8 12 3 32 3 30 8 13 58 59 1 103 13 9 103 16 4 2 31 10 9 8 7 86 30 2 7
itemClass_demand 1 1 1 1 1 1 1 1 1 1 1 1 1 1 1 1 1 1 1 1 1 1 1 1 1 1 1 1 1 1 1 1 1 1 1 1 1 1 1 1 1 1 1 1 1 1 1 1 1 1 1 1 1 1 1 1 1 1 1 1 1 1 1 1 1 1 1 1 1 1 1 1 1 1 1 1 1 1 1 1 1 1 1 1 1 1 1 1 1 1 1 1 1 1 1 1 1 1 1 1 1 1 1 1 1 1 1 1 1 1 1 1 1 1 1 1 1 1 1 1 1 1 1 1 1 1 1 1 1 1 1 1 1 1 1 1 1 1 1 1 1 1 1 1 1 1 1 1 1 1 1 1 1 1 1 1 1 1 1 1 1 1 1 1 1 1 1 1 1 1 1 1 1 1 1 1 1 1 1 1 1 1 1 1 1 1 1 1 1 1 1 1 1 1 1 1 1 1 1 1 1 1 1 1 1 1 1 1 1 1 1 1 1 1 1 1 1 1 1 1 1 1 1 1 1 1 1 1 1 1 1 1 1 1 1 1 1 1 1 1 1 1 1 1 1 1 1 1 1 1 1 1 1 1 1 1 1 1 1 1 1 1 1 1 1 1 1 1 1 1 1 1 1 1 1 1 1 1 1 1 1 1 1 1 1 1 1 1 1 1 1 1 1 1 1 1 1 1 1 1 1 1 1 1 1 1 1 1 1 1 1 1 1 1 1 1 1 1 1 1 1 1 1 1 1 1 1 1 1 1 1 1 1 1 1 1 1 1 1 1 1 1 1 1 1 1 1 1 1 1 1 1 1 1 1 1 1 1 1 1 1 1 1 1 1 1 1 1 1 1 1 1 1 1 1 1 1 1 1 1 1 1 1 1 1 1 1 1 1 1 1 1 1 1 1 1 1 1 1 1 1 1 1 1 1 1 1 1 1 1 1 1 1 1 1 1 1 1 1 1 1 1 1 1 1 1 1 1 1 1 1 1 1 1 1 1 1 1 1 1 1 1 1 1 1 1 1 1 1 1 1 1 1 1 1 1 1 1 1 1 1 1 1 1 1 1 1 1 1 1 1 1 1 1 1 1 1 1 1 1 1 1 1 1 1 1 1 1 1 1 1 1 1 1 1 1 1 1 1 1
binNumber 10000
binClassNumber 1
binClass_widthVector 500
binClass_lengthVector 500
binClass_disponibility 1000
itemClass_weight 2800 1050 700 10850 3850 20650 35700 5950 8050 2450 19250 1400 14700 4200 30100 13300 25200 2400 600 2100 19500 19200 11100 2100 8700 7800 4800 300 18000 1200 2400 24600 19250 2450 3850 17150 16450 29400 9450 8400 4900 15750 6650 7000 2100 5950 16100 10150 2520 2800 5600 16800 560 9800 11760 4480 12600 3640 8120 29680 4760 20720 5880 280 10440 25230 8410 17400 19720 10440 3480 7250 580 7830 9570 2900 9860 290 9280 2320 960 3200 19200 21440 10880 6400 11840 3520 14720 25600 11200 2240 14400 11200 320 2880 3100 43400 4340 4650 4650 4650 620 7130 6510 17050 10850 1240 15190 13950 4030 13640 1240 4650 11780 1550 20150 1860 3100 26040 3100 16430 8680 23870 1860 10850 1240 18600 3200 16640 2560 640 7040 18240 28800 23040 11840 4480 3520 2240 24960 2240 3520 7040 36160 15040 8320 15360 12480 4800 12480 2240 1280 640 12800 640 23040 6400 5120 3200 5580 20150 13330 8060 3100 8060 7750 1860 7130 18600 13020 10230 13950 17050 4030 3100 5220 3480 29290 2610 11600 5800 4640 36830 290 5510 1740 2610 580 19720 10150 4930 4080 42840 2720 2040 7480 15980 10880 8500 680 27540 6120 8840 21420 4420 4080 2380 1160 9570 8990 6670 3190 64960 1740 1450 290 2610 8120 580 12470 8410 6670 8120 1500 3900 7200 13200 6300 12000 3300 2700 20100 6300 17700 9000 7200 17700 3000 18900 10560 5760 8000 9600 6720 14400 5760 1280 20160 21440 7360 5760 9280 7040 12160 14720 728 6696 3810 15785 19360 1056 2856 4836 37080 39168 4344 2604 1116 14952 32078 1068 3520 2992 35956 4771 3620 8162 1860 22680 4875 30788 716 369 3971 1488 4368 4797 7942 1900 8119 748 31755 7986 1089 1053 16044 8694 36764 32422 1448 3660 3447 11222 35653 15265 1086 22214 39243 31755 3510 714 712 1472 6001 3971 2808 2597 2824 22920 21402 4810 3660 19170 4500 1424 31755 11935 1143 3570 8184 15375 3249 11129 16082 1805 15136 2555 2160 6176 2904 12320 6080 22320 722 19965 2952 31581 708 15330 1452 38316 11346 21594 5920 15582 1448 3024 9192 12032 2639 3510 5696 2808 4224 4572 1480 32451 15666 15416 1113 36158 1800 1500 1536 1408 6222 2220 22098 3660 15960 1140 21004 11005 21480 4596 1492 11532 351 10881 6570 384 5005 21448 4428 19880 20532 8625 8349 379 1101 5616 4584 20944 2984 3993 16297 30537 2471 4213 6120 1424 2590 4191 22420 3080 14868 1098 20496 21056 4560 2499 15170 21518 21181 32078 1795 15204 15457 1134 8119 21948 11284 3820 15703 2864 1056 11749 22620 2597 3905 2984 4081 1137 2968 4632 1134 381 4081 2681 9024 1925 4596 357 2912 758 3258 20216 10710 5616 2944 4602 3916 1795 1456 16469 22140 1083 1436 4224 5952 4191 1496 2968 4404 1149 11936 1092 11370 3080 4901 20880 21889 374 36153 4875 3258 37183 5664 1468 764 11470 3570 3249 3064 2597 31906 11520 718 2695
