itemNumber 300
itemClassNumber 300
itemClass_widthVector 24 23 22 21 20 19 18 17 16 15 14 13 12 21 20 19 18 17 16 15 14 13 12 11 10 9 23 22 21 20 19 18 17 16 15 14 13 12 11 23 22 21 20 19 18 17 16 15 14 13 12 11 24 23 22 21 20 19 18 17 16 15 14 13 12 21 20 19 18 17 16 15 14 13 12 11 10 9 24 23 22 21 20 19 18 17 16 15 14 13 12 21 20 19 18 17 16 15 14 13 12 11 10 9 23 22 21 20 19 18 17 16 15 14 13 12 11 25 24 23 22 21 20 19 18 17 16 15 14 13 25 24 23 22 21 20 19 18 17 16 15 14 13 21 20 19 18 17 16 15 14 13 12 11 10 9 25 24 23 22 21 20 19 18 17 16 15 14 13 14 16 21 21 15 17 16 17 18 22 23 18 16 19 21 24 21 17 20 24 17 19 17 23 25 16 24 24 20 18 22 22 14 16 25 16 16 23 15 23 14 17 20 24 19 23 19 18 24 18 25 15 17 14 25 15 23 17 24 24 16 21 16 24 25 20 19 24 16 14 17 20 20 25 25 23 15 23 22 19 26 24 26 25 16 21 18 24 20 24 21 25 19 14 17 17 23 18 19 18 14 16 20 22 20 19 23 22 27 18 16 23 21 23 25 20 17 25 20 21 19 18 16 24 17 19 16 23 23 25 23
itemClass_lengthVector 54 10 29 8 61 22 57 22 1 5 12 14 5 40 49 25 104 6 5 19 5 6 19 9 11 2 33 15 16 3 3 6 20 17 7 60 12 104 4 9 6 42 34 27 17 28 19 32 44 32 3 7 38 1 9 17 15 8 24 29 48 90 4 6 11 2 19 8 52 49 11 1 4 1 11 66 41 35 27 9 14 17 13 42 36 27 17 12 53 32 1 30 4 4 6 39 9 11 35 60 5 44 9 44 34 34 25 7 4 41 51 7 16 18 8 12 43 12 13 4 30 47 34 37 8 34 10 15 19 37 5 16 14 77 16 9 33 28 20 20 15 35 12 9 8 51 13 55 57 24 4 37 8 24 5 5 31 21 1 34 28 47 57 43 10 2 6 16 4 13 4 62 23 11 5 4 1 2 60 7 1 6 22 23 8 21 6 23 9 5 21 5 29 28 12 9 10 57 23 61 7 13 4 10 12 4 8 11 60 13 4 23 29 56 8 56 22 7 1 53 12 2 13 55 12 60 6 29 30 6 60 12 9 29 57 56 9 12 13 1 57 22 11 28 60 14 9 60 23 54 10 54 11 4 23 1 9 22 30 23 54 57 15 2 6 62 2 21 2 15 11 57 60 56 58 62 62 53 23 4 30 21 7 29 57 1 10 58 22 57 22 11 7 1 22 12 60 29 11 7
itemClass_demand 1 1 1 1 1 1 1 1 1 1 1 1 1 1 1 1 1 1 1 1 1 1 1 1 1 1 1 1 1 1 1 1 1 1 1 1 1 1 1 1 1 1 1 1 1 1 1 1 1 1 1 1 1 1 1 1 1 1 1 1 1 1 1 1 1 1 1 1 1 1 1 1 1 1 1 1 1 1 1 1 1 1 1 1 1 1 1 1 1 1 1 1 1 1 1 1 1 1 1 1 1 1 1 1 1 1 1 1 1 1 1 1 1 1 1 1 1 1 1 1 1 1 1 1 1 1 1 1 1 1 1 1 1 1 1 1 1 1 1 1 1 1 1 1 1 1 1 1 1 1 1 1 1 1 1 1 1 1 1 1 1 1 1 1 1 1 1 1 1 1 1 1 1 1 1 1 1 1 1 1 1 1 1 1 1 1 1 1 1 1 1 1 1 1 1 1 1 1 1 1 1 1 1 1 1 1 1 1 1 1 1 1 1 1 1 1 1 1 1 1 1 1 1 1 1 1 1 1 1 1 1 1 1 1 1 1 1 1 1 1 1 1 1 1 1 1 1 1 1 1 1 1 1 1 1 1 1 1 1 1 1 1 1 1 1 1 1 1 1 1 1 1 1 1 1 1 1 1 1 1 1 1 1 1 1 1 1 1 1 1 1 1 1 1 1 1 1 1 1 1
binNumber 10000
binClassNumber 1
binClass_widthVector 300
binClass_lengthVector 300
binClass_disponibility 1000
itemClass_weight 12960 2400 6960 1920 14640 5280 13680 5280 240 1200 2880 3360 1200 8400 10290 5250 21840 1260 1050 3990 1050 1260 3990 1890 2310 420 7590 3450 3680 690 690 1380 4600 3910 1610 13800 2760 23920 920 2070 1380 9660 7820 6210 3910 6440 4370 7360 10120 7360 690 1610 9120 240 2160 4080 3600 1920 5760 6960 11520 21600 960 1440 2640 420 3990 1680 10920 10290 2310 210 840 210 2310 13860 8610 7350 6480 2160 3360 4080 3120 10080 8640 6480 4080 2880 12720 7680 240 6300 840 840 1260 8190 1890 2310 7350 12600 1050 9240 1890 9240 7820 7820 5750 1610 920 9430 11730 1610 3680 4140 1840 2760 9890 3000 3250 1000 7500 11750 8500 9250 2000 8500 2500 3750 4750 9250 1250 4000 3500 19250 4000 2250 8250 7000 5000 5000 3750 8750 3000 1890 1680 10710 2730 11550 11970 5040 840 7770 1680 5040 1050 1050 7750 5250 250 8500 7000 11750 14250 10750 2500 500 1500 4000 1000 3302 1008 15686 5543 2662 1295 964 260 504 14520 1778 257 1506 5610 5727 1928 5082 1482 6049 2196 1215 5208 1325 7105 6944 2976 2367 2510 14877 6003 15921 1708 3289 1052 2420 2940 988 1960 2871 15360 3367 1036 5819 7685 14448 1944 13776 5764 1743 260 12773 3168 488 3146 13750 2892 14880 1524 7482 7620 1590 15120 3120 2367 7482 15105 13552 2187 2976 3341 248 14250 5302 2761 7280 15480 3500 2196 14880 5589 13770 2460 13554 2882 1048 5658 261 2313 5302 7410 5773 13662 13851 3945 486 1506 15500 518 5418 490 3810 2838 13965 14460 14560 14210 15872 15252 13038 5842 1052 7560 5460 1785 7250 14820 263 2490 14848 5566 14079 5456 2860 1722 246 5302 2916 15120 7192 2893 1785
