itemNumber 50
itemClassNumber 50
itemClass_widthVector 8 7 6 5 4 3 8 7 6 5 4 3 9 8 7 6 5 4 9 8 7 6 5 4 7 6 5 4 3 2 9 8 7 6 5 4 9 8 7 7 8 8 7 7 9 6 7 9 6 6
itemClass_lengthVector 10 5 27 1 4 3 1 8 19 11 5 6 9 6 2 6 9 18 17 12 10 2 4 5 12 5 6 1 10 16 13 3 20 1 8 5 11 4 26 26 6 6 28 26 9 2 28 9 1 2
itemClass_demand 1 1 1 1 1 1 1 1 1 1 1 1 1 1 1 1 1 1 1 1 1 1 1 1 1 1 1 1 1 1 1 1 1 1 1 1 1 1 1 1 1 1 1 1 1 1 1 1 1 1
binNumber 10000
binClassNumber 1
binClass_widthVector 50
binClass_lengthVector 50
binClass_disponibility 1000
itemClass_weight 800 400 2160 80 320 240 80 640 1520 880 400 480 810 540 180 540 810 1620 1530 1080 900 180 360 450 840 350 420 70 700 1120 1170 270 1800 90 720 450 891 352 2210 2314 528 486 2324 2314 738 176 2492 738 82 162
