itemNumber 190
itemClassNumber 190
itemClass_widthVector 18 17 16 15 14 13 12 11 10 9 21 20 19 18 17 16 15 14 13 12 17 16 15 14 13 12 11 10 9 8 19 18 17 16 15 14 13 12 11 10 17 16 15 14 13 12 11 10 9 8 20 19 18 17 16 15 14 13 12 11 20 19 18 17 16 15 14 13 12 11 20 19 18 17 16 15 14 13 12 11 20 19 18 17 16 15 14 13 12 11 18 17 16 15 14 13 12 11 10 9 15 15 19 12 16 13 19 11 13 16 14 14 12 19 17 15 14 17 12 14 17 13 19 12 19 20 19 13 17 19 16 14 19 15 13 13 12 15 17 16 15 19 16 11 16 18 19 15 19 11 18 19 16 11 15 16 14 13 13 13 20 17 16 13 12 15 17 17 12 20 12 16 12 12 18 20 13 19 18 18 13 13 19 15 11 12 16 15 16 18
itemClass_lengthVector 1 7 17 75 11 4 10 31 23 11 8 49 3 49 4 14 9 6 44 4 31 18 37 23 20 1 42 11 2 5 23 71 2 17 28 29 3 7 9 1 4 40 8 7 1 69 10 2 25 24 15 37 42 12 18 1 5 12 4 44 5 4 10 3 2 42 50 26 31 17 41 3 22 4 6 60 30 3 14 7 28 21 5 11 2 44 20 25 31 3 8 50 44 14 17 2 27 5 11 12 11 10 2 30 75 11 8 23 10 75 9 11 32 1 18 5 4 76 22 9 17 9 7 22 6 1 1 9 18 7 12 3 1 4 9 30 24 10 74 10 3 1 10 24 74 7 2 4 8 24 16 8 74 24 11 75 11 32 10 30 1 18 11 9 30 5 75 76 24 1 22 12 32 24 17 1 11 2 7 7 10 30 7 11 22 32 75 10 12 18
itemClass_demand 1 1 1 1 1 1 1 1 1 1 1 1 1 1 1 1 1 1 1 1 1 1 1 1 1 1 1 1 1 1 1 1 1 1 1 1 1 1 1 1 1 1 1 1 1 1 1 1 1 1 1 1 1 1 1 1 1 1 1 1 1 1 1 1 1 1 1 1 1 1 1 1 1 1 1 1 1 1 1 1 1 1 1 1 1 1 1 1 1 1 1 1 1 1 1 1 1 1 1 1 1 1 1 1 1 1 1 1 1 1 1 1 1 1 1 1 1 1 1 1 1 1 1 1 1 1 1 1 1 1 1 1 1 1 1 1 1 1 1 1 1 1 1 1 1 1 1 1 1 1 1 1 1 1 1 1 1 1 1 1 1 1 1 1 1 1 1 1 1 1 1 1 1 1 1 1 1 1 1 1 1 1 1 1 1 1 1 1 1 1
binNumber 10000
binClassNumber 1
binClass_widthVector 190
binClass_lengthVector 190
binClass_disponibility 1000
itemClass_weight 180 1260 3060 13500 1980 720 1800 5580 4140 1980 1680 10290 630 10290 840 2940 1890 1260 9240 840 5270 3060 6290 3910 3400 170 7140 1870 340 850 4370 13490 380 3230 5320 5510 570 1330 1710 190 680 6800 1360 1190 170 11730 1700 340 4250 4080 3000 7400 8400 2400 3600 200 1000 2400 800 8800 1000 800 2000 600 400 8400 10000 5200 6200 3400 8200 600 4400 800 1200 12000 6000 600 2800 1400 5600 4200 1000 2200 400 8800 4000 5000 6200 600 1440 9000 7920 2520 3060 360 4860 900 1980 2160 2134 1980 398 5790 14025 2156 1520 4393 1860 14325 1656 2178 5856 186 3402 960 760 14060 4004 1665 3383 1791 1330 4158 1086 184 199 1755 3348 1386 2352 573 190 764 1719 5610 4608 1900 13542 1830 570 191 1840 4512 14282 1281 380 740 1464 4464 3040 1480 14134 4464 2002 14625 2178 5792 1890 5970 199 3330 2189 1692 5910 940 14700 14516 4512 186 4180 2232 5888 4464 3179 192 2178 378 1295 1351 1910 5610 1288 2123 4334 5792 13950 1890 2340 3528
