itemNumber 110
itemClassNumber 110
itemClass_widthVector 13 12 11 10 9 8 7 6 12 11 10 9 8 7 6 5 15 14 13 12 11 10 9 8 14 13 12 11 10 9 8 7 13 12 11 10 9 8 7 6 13 12 11 10 9 8 7 6 15 14 13 12 11 10 9 8 15 14 13 12 11 10 9 8 12 11 8 9 8 10 10 14 13 12 12 9 10 11 13 13 14 15 8 10 15 8 13 8 12 8 13 9 14 10 14 15 9 12 14 15 15 8 10 9 13 11 11 15 14 9
itemClass_lengthVector 24 2 7 1 4 21 3 48 26 39 9 13 10 7 3 3 45 7 17 5 2 18 5 11 21 4 2 54 2 5 14 8 61 9 15 17 2 2 1 3 12 15 19 24 11 2 18 9 17 18 15 1 3 34 3 19 19 2 34 19 5 16 4 11 2 1 2 21 2 5 3 23 6 7 7 21 5 2 7 2 3 24 4 3 24 4 8 4 2 2 1 21 24 3 1 25 22 1 3 25 25 4 3 22 2 1 2 25 1 21
itemClass_demand 1 1 1 1 1 1 1 1 1 1 1 1 1 1 1 1 1 1 1 1 1 1 1 1 1 1 1 1 1 1 1 1 1 1 1 1 1 1 1 1 1 1 1 1 1 1 1 1 1 1 1 1 1 1 1 1 1 1 1 1 1 1 1 1 1 1 1 1 1 1 1 1 1 1 1 1 1 1 1 1 1 1 1 1 1 1 1 1 1 1 1 1 1 1 1 1 1 1 1 1 1 1 1 1 1 1 1 1 1 1
binNumber 10000
binClassNumber 1
binClass_widthVector 110
binClass_lengthVector 110
binClass_disponibility 1000
itemClass_weight 3120 260 910 130 520 2730 390 6240 3120 4680 1080 1560 1200 840 360 360 6750 1050 2550 750 300 2700 750 1650 2940 560 280 7560 280 700 1960 1120 7930 1170 1950 2210 260 260 130 390 1560 1950 2470 3120 1430 260 2340 1170 2550 2700 2250 150 450 5100 450 2850 2850 300 5100 2850 750 2400 600 1650 288 133 284 2751 286 720 405 3059 792 980 959 2982 675 280 924 272 396 3432 556 426 3192 536 1112 576 276 282 137 2940 3216 393 135 3525 2970 140 414 3475 3375 568 423 2882 268 131 276 3450 136 2835
