itemNumber 150
itemClassNumber 150
itemClass_widthVector 15 14 13 12 11 10 9 8 7 18 17 16 15 14 13 12 11 10 18 17 16 15 14 13 12 11 10 15 14 13 12 11 10 9 8 7 17 16 15 14 13 12 11 10 9 18 17 16 15 14 13 12 11 10 17 16 15 14 13 12 11 10 9 18 17 16 15 14 13 12 11 10 14 13 12 11 10 9 8 7 6 15 12 13 11 15 9 10 10 9 17 11 15 13 9 12 16 15 11 15 15 16 10 16 15 16 12 12 11 10 10 12 10 12 16 15 15 13 10 15 15 15 15 17 12 15 11 13 10 12 10 15 10 9 15 15 13 13 9 12 15 9 15 13 12 14 15 10 16 12
itemClass_lengthVector 4 46 10 7 54 18 2 1 8 8 3 58 9 22 2 8 12 28 78 12 9 9 4 18 7 10 3 17 6 9 37 4 16 35 23 3 10 2 49 11 13 12 33 12 8 11 25 4 41 6 6 4 21 32 3 3 75 6 10 10 34 8 1 6 10 30 19 12 5 13 22 33 34 23 5 7 11 4 45 17 4 46 53 7 19 10 1 3 1 2 5 17 45 7 2 53 5 10 17 45 9 4 1 3 45 5 17 18 18 1 1 18 1 18 3 46 9 53 3 47 9 47 9 3 53 47 19 6 2 19 3 10 1 2 9 11 55 7 1 17 10 2 46 6 53 9 9 1 46 18
itemClass_demand 1 1 1 1 1 1 1 1 1 1 1 1 1 1 1 1 1 1 1 1 1 1 1 1 1 1 1 1 1 1 1 1 1 1 1 1 1 1 1 1 1 1 1 1 1 1 1 1 1 1 1 1 1 1 1 1 1 1 1 1 1 1 1 1 1 1 1 1 1 1 1 1 1 1 1 1 1 1 1 1 1 1 1 1 1 1 1 1 1 1 1 1 1 1 1 1 1 1 1 1 1 1 1 1 1 1 1 1 1 1 1 1 1 1 1 1 1 1 1 1 1 1 1 1 1 1 1 1 1 1 1 1 1 1 1 1 1 1 1 1 1 1 1 1 1 1 1 1 1 1
binNumber 10000
binClassNumber 1
binClass_widthVector 150
binClass_lengthVector 150
binClass_disponibility 1000
itemClass_weight 600 6900 1500 1050 8100 2700 300 150 1200 1440 540 10440 1620 3960 360 1440 2160 5040 14040 2160 1620 1620 720 3240 1260 1800 540 2550 900 1350 5550 600 2400 5250 3450 450 1700 340 8330 1870 2210 2040 5610 2040 1360 1980 4500 720 7380 1080 1080 720 3780 5760 510 510 12750 1020 1700 1700 5780 1360 170 1080 1800 5400 3420 2160 900 2340 3960 5940 4760 3220 700 980 1540 560 6300 2380 560 7590 8056 1113 3078 1590 160 456 151 316 800 2720 6840 1057 312 8692 805 1520 2618 7155 1467 636 161 456 7470 830 2601 2880 2898 151 152 2736 166 2970 477 7544 1458 8162 483 7802 1368 7661 1386 480 8374 7144 2907 990 326 2907 492 1550 154 330 1413 1738 8745 1113 156 2822 1570 332 7590 942 8427 1431 1404 154 6992 2718
