itemNumber 100
itemClassNumber 100
itemClass_widthVector 14 13 12 11 10 9 8 7 13 12 11 10 9 8 7 6 12 11 10 9 8 7 6 5 12 11 10 9 8 7 6 5 13 12 11 10 9 8 7 6 12 11 10 9 8 7 6 5 12 11 10 9 8 7 6 5 12 11 10 9 8 7 6 5 9 14 9 16 15 9 9 9 10 10 12 15 15 9 15 13 15 13 15 14 15 10 13 13 15 14 9 16 9 13 15 15 10 10 14 14
itemClass_lengthVector 2 35 20 3 31 2 6 1 21 12 7 2 37 9 10 2 13 7 12 5 26 14 9 14 17 9 35 1 3 13 8 14 9 18 13 7 4 1 9 39 8 4 29 16 1 32 8 2 19 10 8 1 1 5 4 52 35 6 7 1 9 29 11 2 5 34 5 3 35 5 7 7 2 2 3 1 35 5 2 20 35 20 1 36 35 3 20 4 35 35 7 1 6 4 1 2 2 3 34 21
itemClass_demand 1 1 1 1 1 1 1 1 1 1 1 1 1 1 1 1 1 1 1 1 1 1 1 1 1 1 1 1 1 1 1 1 1 1 1 1 1 1 1 1 1 1 1 1 1 1 1 1 1 1 1 1 1 1 1 1 1 1 1 1 1 1 1 1 1 1 1 1 1 1 1 1 1 1 1 1 1 1 1 1 1 1 1 1 1 1 1 1 1 1 1 1 1 1 1 1 1 1 1 1
binNumber 10000
binClassNumber 1
binClass_widthVector 100
binClass_lengthVector 100
binClass_disponibility 1000
itemClass_weight 280 4900 2800 420 4340 280 840 140 2730 1560 910 260 4810 1170 1300 260 1560 840 1440 600 3120 1680 1080 1680 2040 1080 4200 120 360 1560 960 1680 1170 2340 1690 910 520 130 1170 5070 960 480 3480 1920 120 3840 960 240 2280 1200 960 120 120 600 480 6240 4200 720 840 120 1080 3480 1320 240 740 4828 720 423 4970 715 1050 1043 302 302 438 143 5075 720 310 2880 5250 3080 154 5076 5180 465 2900 564 5425 5355 1022 148 888 576 149 300 310 438 5066 3003
