itemNumber 80
itemClassNumber 80
itemClass_widthVector 12 11 10 9 8 7 6 10 9 8 7 6 5 4 12 11 10 9 8 7 6 11 10 9 8 7 6 5 12 11 10 9 8 7 6 11 10 9 8 7 6 5 12 11 10 9 8 7 6 13 9 11 13 8 8 9 8 10 13 10 8 10 11 12 13 8 12 13 13 13 9 11 12 12 8 9 12 8 12 10
itemClass_lengthVector 4 3 14 11 28 8 12 2 22 4 8 14 3 27 1 21 5 1 10 3 39 9 10 3 12 13 7 26 23 1 16 1 20 1 18 2 4 41 2 9 17 5 14 19 15 12 8 8 4 3 27 14 5 8 7 28 9 12 5 11 9 10 13 13 4 9 14 2 4 2 29 15 14 15 7 28 14 9 15 11
itemClass_demand 1 1 1 1 1 1 1 1 1 1 1 1 1 1 1 1 1 1 1 1 1 1 1 1 1 1 1 1 1 1 1 1 1 1 1 1 1 1 1 1 1 1 1 1 1 1 1 1 1 1 1 1 1 1 1 1 1 1 1 1 1 1 1 1 1 1 1 1 1 1 1 1 1 1 1 1 1 1 1 1
binNumber 10000
binClassNumber 1
binClass_widthVector 80
binClass_lengthVector 80
binClass_disponibility 1000
itemClass_weight 480 360 1680 1320 3360 960 1440 200 2200 400 800 1400 300 2700 120 2520 600 120 1200 360 4680 990 1100 330 1320 1430 770 2860 2760 120 1920 120 2400 120 2160 220 440 4510 220 990 1870 550 1680 2280 1800 1440 960 960 480 396 3537 1862 660 984 910 3472 1125 1476 665 1353 1179 1270 1651 1690 512 1152 1778 258 504 250 3538 1995 1792 1890 896 3668 1806 1134 1980 1452
