itemNumber 110
itemClassNumber 110
itemClass_widthVector 12 11 10 9 8 7 6 5 15 14 13 12 11 10 9 8 15 14 13 12 11 10 9 8 12 11 10 9 8 7 6 5 13 12 11 10 9 8 7 6 14 13 12 11 10 9 8 7 15 14 13 12 11 10 9 8 14 13 12 11 10 9 8 7 13 10 10 7 14 13 10 7 8 11 12 13 7 7 13 13 12 12 9 14 7 8 9 7 10 7 7 12 10 8 12 12 10 8 8 10 7 9 8 9 11 9 13 7 12 7
itemClass_lengthVector 5 16 21 21 4 17 20 6 23 11 3 17 5 28 19 4 1 17 7 6 8 30 6 35 21 8 2 22 12 43 1 1 15 5 28 25 4 22 1 10 19 4 9 4 31 13 8 22 1 28 13 3 11 14 29 11 21 10 19 14 11 12 8 15 16 21 20 19 4 15 20 21 17 22 16 17 19 19 6 17 22 16 3 6 21 18 4 21 22 21 20 21 20 17 21 21 21 18 17 22 21 4 17 3 20 5 17 21 16 21
itemClass_demand 1 1 1 1 1 1 1 1 1 1 1 1 1 1 1 1 1 1 1 1 1 1 1 1 1 1 1 1 1 1 1 1 1 1 1 1 1 1 1 1 1 1 1 1 1 1 1 1 1 1 1 1 1 1 1 1 1 1 1 1 1 1 1 1 1 1 1 1 1 1 1 1 1 1 1 1 1 1 1 1 1 1 1 1 1 1 1 1 1 1 1 1 1 1 1 1 1 1 1 1 1 1 1 1 1 1 1 1 1 1
binNumber 10000
binClassNumber 1
binClass_widthVector 110
binClass_lengthVector 110
binClass_disponibility 1000
itemClass_weight 600 1920 2520 2520 480 2040 2400 720 3450 1650 450 2550 750 4200 2850 600 150 2550 1050 900 1200 4500 900 5250 2520 960 240 2640 1440 5160 120 120 1950 650 3640 3250 520 2860 130 1300 2660 560 1260 560 4340 1820 1120 3080 150 4200 1950 450 1650 2100 4350 1650 2940 1400 2660 1960 1540 1680 1120 2100 2064 2709 2420 2451 488 1995 2540 2646 2159 2904 2096 2057 2413 2318 750 2091 2926 1952 372 768 2688 2250 524 2604 2794 2562 2420 2688 2560 2193 2751 2688 2562 2394 2210 2860 2541 488 2125 369 2480 635 2261 2667 2064 2541
