itemNumber 60
itemClassNumber 60
itemClass_widthVector 8 7 6 5 4 3 12 11 10 9 8 7 11 10 9 8 7 6 8 7 6 5 4 3 10 9 8 7 6 5 11 10 9 8 7 6 9 8 6 5 7 8 7 5 7 6 6 7 9 6 5 8 6 5 9 6 5 6 5 5
itemClass_lengthVector 18 14 10 10 1 7 3 21 3 21 8 4 12 8 10 13 1 16 1 2 6 7 22 22 5 23 3 7 4 18 3 17 12 7 14 7 17 14 9 2 10 13 10 2 9 10 11 11 17 9 1 15 9 1 17 9 1 10 1 1
itemClass_demand 1 1 1 1 1 1 1 1 1 1 1 1 1 1 1 1 1 1 1 1 1 1 1 1 1 1 1 1 1 1 1 1 1 1 1 1 1 1 1 1 1 1 1 1 1 1 1 1 1 1 1 1 1 1 1 1 1 1 1 1
binNumber 10000
binClassNumber 1
binClass_widthVector 60
binClass_lengthVector 60
binClass_disponibility 1000
itemClass_weight 1440 1120 800 800 80 560 360 2520 360 2520 960 480 1320 880 1100 1430 110 1760 80 160 480 560 1760 1760 500 2300 300 700 400 1800 330 1870 1320 770 1540 770 1411 1218 747 164 830 1118 810 172 765 870 979 968 1496 801 88 1230 792 86 1496 783 85 890 86 88
