itemNumber 500
itemClassNumber 500
itemClass_widthVector 30 29 28 27 26 25 24 23 22 21 20 19 18 17 16 15 29 28 27 26 25 24 23 22 21 20 19 18 17 16 15 14 33 32 31 30 29 28 27 26 25 24 23 22 21 20 19 18 34 33 32 31 30 29 28 27 26 25 24 23 22 21 20 19 28 27 26 25 24 23 22 21 20 19 18 17 16 15 14 13 30 29 28 27 26 25 24 23 22 21 20 19 18 17 16 15 30 29 28 27 26 25 24 23 22 21 20 19 18 17 16 15 29 28 27 26 25 24 23 22 21 20 19 18 17 16 15 14 29 28 27 26 25 24 23 22 21 20 19 18 17 16 15 14 35 34 33 32 31 30 29 28 27 26 25 24 23 22 21 20 34 33 32 31 30 29 28 27 26 25 24 23 22 21 20 19 29 28 27 26 25 24 23 22 21 20 19 18 17 16 15 14 35 34 33 32 31 30 29 28 27 26 25 24 23 22 21 20 34 33 32 31 30 29 28 27 26 25 24 23 22 21 20 19 31 30 29 28 27 26 25 24 23 22 21 20 19 18 17 16 30 29 28 27 26 25 24 23 22 21 20 19 18 17 16 15 21 25 22 21 24 19 31 24 30 28 26 20 24 22 31 31 25 26 30 29 29 27 18 31 27 27 28 34 19 21 29 19 25 17 31 17 23 28 29 19 18 31 18 29 29 28 17 33 19 24 26 29 22 29 22 18 19 20 24 32 29 29 29 29 21 25 25 25 20 25 22 26 24 24 30 26 19 29 21 19 28 21 26 23 20 20 26 32 27 22 23 30 30 26 31 34 26 20 18 31 21 18 32 27 30 29 26 19 28 27 20 27 27 28 21 25 20 27 34 18 34 24 34 26 19 30 19 19 18 27 32 29 23 29 29 29 33 17 31 31 17 25 29 24 29 23 17 31 20 26 25 22 31 22 27 19 23 24 20 31 18 26 31 17 20 31 31 17 30 20 20 22 18 22 19 30 23 19 23 23 30 33 18 26 26 21 21 19 30 22 24 20 18 29 18 30 28 17 18 29 23 19 19 26 17 19 19 28 20 32 19 18 29 25 22 30 23 24 24 32 28 25 18 23 29 21 22 29 24 21 28 34 23 29 22 25 20 28 30 24 24 22 22 18
itemClass_lengthVector 60 46 12 17 9 30 3 5 1 18 38 124 77 8 31 21 10 62 17 12 151 22 41 39 15 33 28 3 48 3 8 8 38 47 36 38 1 3 10 26 28 17 77 80 22 23 18 36 23 9 10 40 155 6 4 9 1 33 2 130 10 15 45 8 2 6 66 54 1 50 19 1 67 50 27 103 12 8 3 31 51 15 96 10 4 59 13 33 12 22 2 61 62 8 10 42 15 16 36 29 44 33 10 26 27 55 19 30 50 54 49 7 76 12 1 102 24 25 3 3 11 35 14 73 6 65 21 29 16 119 38 27 8 19 4 2 5 68 20 31 47 9 41 46 62 29 22 18 8 17 57 18 122 89 2 1 9 8 17 21 116 91 2 32 81 9 2 14 12 22 16 18 2 28 42 13 83 12 16 10 2 6 61 59 4 2 157 18 1 6 43 20 5 191 48 40 8 30 4 10 45 4 46 7 17 17 5 23 25 3 19 25 62 45 82 4 3 153 32 12 17 6 8 4 62 32 52 16 42 76 14 94 6 15 31 25 12 2 11 10 53 5 10 19 5 4 5 22 29 37 108 53 101 18 14 17 125 6 17 124 18 8 12 17 45 17 29 124 2 19 59 46 1 6 47 11 9 30 9 45 31 3 9 60 7 38 16 7 1 31 11 30 19 17 10 78 7 47 7 8 13 31 30 61 7 17 31 11 17 10 19 7 7 76 19 47 18 16 9 9 123 5 1 6 76 5 18 3 17 18 45 31 77 10 38 8 16 123 30 1 78 125 4 59 2 39 39 11 47 31 60 60 5 77 8 60 37 30 47 9 17 10 31 77 18 30 125 3 9 8 38 4 76 3 60 30 61 19 59 2 76 12 7 77 9 29 59 11 38 18 18 11 59 31 45 12 31 6 16 2 16 1 31 12 76 6 1 39 46 18 30 78 1 1 78 11 7 5 47 30 125 12 46 32 12 125 123 38 30 39 77 16 39 7 37 18 46 60 9 29 31 123 37 7 13 18 2 125 30 8 32 13 31 31 30 11 1 78 78 31 30 78 76 16 77 60 7 30 18 4 18 45 1 5 4 60 8 1 32 2 12 125 38 10 18 123 18 59 2 10 19 6 124 10 18 19 5 37 19 32
itemClass_demand 1 1 1 1 1 1 1 1 1 1 1 1 1 1 1 1 1 1 1 1 1 1 1 1 1 1 1 1 1 1 1 1 1 1 1 1 1 1 1 1 1 1 1 1 1 1 1 1 1 1 1 1 1 1 1 1 1 1 1 1 1 1 1 1 1 1 1 1 1 1 1 1 1 1 1 1 1 1 1 1 1 1 1 1 1 1 1 1 1 1 1 1 1 1 1 1 1 1 1 1 1 1 1 1 1 1 1 1 1 1 1 1 1 1 1 1 1 1 1 1 1 1 1 1 1 1 1 1 1 1 1 1 1 1 1 1 1 1 1 1 1 1 1 1 1 1 1 1 1 1 1 1 1 1 1 1 1 1 1 1 1 1 1 1 1 1 1 1 1 1 1 1 1 1 1 1 1 1 1 1 1 1 1 1 1 1 1 1 1 1 1 1 1 1 1 1 1 1 1 1 1 1 1 1 1 1 1 1 1 1 1 1 1 1 1 1 1 1 1 1 1 1 1 1 1 1 1 1 1 1 1 1 1 1 1 1 1 1 1 1 1 1 1 1 1 1 1 1 1 1 1 1 1 1 1 1 1 1 1 1 1 1 1 1 1 1 1 1 1 1 1 1 1 1 1 1 1 1 1 1 1 1 1 1 1 1 1 1 1 1 1 1 1 1 1 1 1 1 1 1 1 1 1 1 1 1 1 1 1 1 1 1 1 1 1 1 1 1 1 1 1 1 1 1 1 1 1 1 1 1 1 1 1 1 1 1 1 1 1 1 1 1 1 1 1 1 1 1 1 1 1 1 1 1 1 1 1 1 1 1 1 1 1 1 1 1 1 1 1 1 1 1 1 1 1 1 1 1 1 1 1 1 1 1 1 1 1 1 1 1 1 1 1 1 1 1 1 1 1 1 1 1 1 1 1 1 1 1 1 1 1 1 1 1 1 1 1 1 1 1 1 1 1 1 1 1 1 1 1 1 1 1 1 1 1 1 1 1 1 1 1 1 1 1 1 1 1 1 1 1 1 1 1 1 1 1 1 1 1 1 1 1 1 1 1 1 1 1 1 1 1 1 1 1 1 1 1 1 1 1 1 1 1 1 1 1 1 1 1 1 1 1 1 1 1 1 1 1 1 1
binNumber 10000
binClassNumber 1
binClass_widthVector 500
binClass_lengthVector 500
binClass_disponibility 1000
itemClass_weight 18000 13800 3600 5100 2700 9000 900 1500 300 5400 11400 37200 23100 2400 9300 6300 2900 17980 4930 3480 43790 6380 11890 11310 4350 9570 8120 870 13920 870 2320 2320 12540 15510 11880 12540 330 990 3300 8580 9240 5610 25410 26400 7260 7590 5940 11880 7820 3060 3400 13600 52700 2040 1360 3060 340 11220 680 44200 3400 5100 15300 2720 560 1680 18480 15120 280 14000 5320 280 18760 14000 7560 28840 3360 2240 840 8680 15300 4500 28800 3000 1200 17700 3900 9900 3600 6600 600 18300 18600 2400 3000 12600 4500 4800 10800 8700 13200 9900 3000 7800 8100 16500 5700 9000 15000 16200 14700 2100 22040 3480 290 29580 6960 7250 870 870 3190 10150 4060 21170 1740 18850 6090 8410 4640 34510 11020 7830 2320 5510 1160 580 1450 19720 5800 8990 13630 2610 11890 13340 21700 10150 7700 6300 2800 5950 19950 6300 42700 31150 700 350 3150 2800 5950 7350 39440 30940 680 10880 27540 3060 680 4760 4080 7480 5440 6120 680 9520 14280 4420 24070 3480 4640 2900 580 1740 17690 17110 1160 580 45530 5220 290 1740 12470 5800 1750 66850 16800 14000 2800 10500 1400 3500 15750 1400 16100 2450 5950 5950 1750 8050 8500 1020 6460 8500 21080 15300 27880 1360 1020 52020 10880 4080 5780 2040 2720 1360 19220 9920 16120 4960 13020 23560 4340 29140 1860 4650 9610 7750 3720 620 3410 3100 15900 1500 3000 5700 1500 1200 1500 6600 8700 11100 32400 15900 30300 5400 4200 5100 37750 1920 5321 41044 5850 2424 3948 5168 14085 5338 9483 38936 602 6175 19529 14076 327 1812 14711 3476 2790 9810 2979 14085 9951 918 2772 19320 2184 11438 5200 2289 326 9331 3608 9660 6175 5474 3050 25662 2142 15463 2198 2464 4212 10075 9900 18605 2226 5219 9703 3487 5593 3060 5909 2247 2128 24168 6004 14805 5598 4880 2736 2862 38376 1635 315 1842 24320 1550 5616 927 5457 5940 14085 10199 24794 3160 12540 2464 5152 39360 9180 316 25038 40750 1312 18231 612 12909 11817 3355 14711 9331 19800 18300 1595 24409 2424 19440 11766 9870 14147 2961 5576 3060 10199 23716 5562 9570 40625 966 2808 2608 11666 1228 23636 993 19860 9690 19337 6080 18998 616 22952 3684 2107 25102 2718 8903 18526 3630 12350 5832 5706 3443 19411 9827 13995 3816 9424 1914 5040 606 5040 328 9827 3804 25156 1890 313 12324 13846 5598 9750 24726 327 309 24726 3399 2303 1625 14570 9750 38625 3936 14122 10016 3612 40000 40590 12274 9060 12597 23793 4992 12519 2163 11507 5598 14996 18240 2853 9570 9455 39606 11988 2282 4147 5688 632 37750 9150 2552 10112 4160 9672 10230 9900 3586 329 24492 24258 9610 9750 24180 23180 5056 24794 19860 2170 9060 5670 1236 5598 14355 327 1520 1304 18240 2472 314 10496 662 3852 38250 11894 3160 5652 38991 5922 19175 656 3230 5871 1920 38936 3080 5724 5833 1605 11359 6137 9728
