itemNumber 80
itemClassNumber 80
itemClass_widthVector 11 10 9 8 7 6 5 11 10 9 8 7 6 5 13 12 11 10 9 8 7 12 11 10 9 8 7 6 11 10 9 8 7 6 5 11 10 9 8 7 6 5 11 10 9 8 7 6 5 8 9 12 10 10 9 9 9 10 10 8 13 11 7 8 10 9 12 12 7 9 7 7 8 10 10 7 13 7 9 10
itemClass_lengthVector 3 5 7 4 12 17 32 27 2 1 10 1 5 34 41 6 5 5 1 15 7 13 2 5 17 27 4 12 11 12 8 15 19 5 10 10 5 4 16 22 4 19 6 2 1 12 12 25 22 12 5 4 8 6 4 3 5 6 7 12 4 5 18 12 6 5 3 6 16 3 17 17 13 7 6 18 4 18 5 6
itemClass_demand 1 1 1 1 1 1 1 1 1 1 1 1 1 1 1 1 1 1 1 1 1 1 1 1 1 1 1 1 1 1 1 1 1 1 1 1 1 1 1 1 1 1 1 1 1 1 1 1 1 1 1 1 1 1 1 1 1 1 1 1 1 1 1 1 1 1 1 1 1 1 1 1 1 1 1 1 1 1 1 1
binNumber 10000
binClassNumber 1
binClass_widthVector 80
binClass_lengthVector 80
binClass_disponibility 1000
itemClass_weight 330 550 770 440 1320 1870 3520 2970 220 110 1100 110 550 3740 5330 780 650 650 130 1950 910 1560 240 600 2040 3240 480 1440 1210 1320 880 1650 2090 550 1100 1100 550 440 1760 2420 440 2090 660 220 110 1320 1320 2750 2420 1440 605 444 936 720 468 360 565 714 847 1392 488 565 2196 1356 696 600 336 678 1856 357 2074 2040 1443 805 708 2016 456 2196 570 696
