itemNumber 170
itemClassNumber 170
itemClass_widthVector 18 17 16 15 14 13 12 11 10 9 20 19 18 17 16 15 14 13 12 11 16 15 14 13 12 11 10 9 8 7 17 16 15 14 13 12 11 10 9 8 16 15 14 13 12 11 10 9 8 7 17 16 15 14 13 12 11 10 9 8 16 15 14 13 12 11 10 9 8 7 16 15 14 13 12 11 10 9 8 7 17 16 15 14 13 12 11 10 9 8 17 16 15 14 13 12 11 10 9 8 17 16 17 15 19 13 13 17 12 16 12 18 17 19 20 17 18 17 16 17 12 14 16 19 18 14 20 17 15 17 12 13 18 18 12 14 15 13 19 18 20 14 16 13 18 20 15 14 16 15 17 17 13 15 14 15 14 18 17 17 13 12 13 17 18 16 14 20 14 12
itemClass_lengthVector 4 4 22 14 69 7 6 7 30 7 9 9 7 30 8 17 1 6 66 17 34 17 16 17 38 1 7 1 24 15 18 30 17 19 9 11 8 9 27 22 10 11 63 13 8 23 7 3 10 22 4 1 63 35 5 32 9 16 1 4 18 15 11 16 59 5 12 15 17 2 13 14 2 8 10 33 6 40 17 27 21 13 6 7 2 24 15 25 23 34 40 15 33 9 20 5 23 6 9 10 14 69 14 6 3 7 5 23 29 14 29 22 22 3 3 23 5 23 14 14 29 7 15 4 5 8 4 23 69 14 6 5 4 22 29 7 68 6 3 23 3 7 69 5 4 5 68 5 68 7 23 23 6 69 5 68 6 23 21 15 6 7 5 21 21 69 6 4 6 29
itemClass_demand 1 1 1 1 1 1 1 1 1 1 1 1 1 1 1 1 1 1 1 1 1 1 1 1 1 1 1 1 1 1 1 1 1 1 1 1 1 1 1 1 1 1 1 1 1 1 1 1 1 1 1 1 1 1 1 1 1 1 1 1 1 1 1 1 1 1 1 1 1 1 1 1 1 1 1 1 1 1 1 1 1 1 1 1 1 1 1 1 1 1 1 1 1 1 1 1 1 1 1 1 1 1 1 1 1 1 1 1 1 1 1 1 1 1 1 1 1 1 1 1 1 1 1 1 1 1 1 1 1 1 1 1 1 1 1 1 1 1 1 1 1 1 1 1 1 1 1 1 1 1 1 1 1 1 1 1 1 1 1 1 1 1 1 1 1 1 1 1 1 1
binNumber 10000
binClassNumber 1
binClass_widthVector 170
binClass_lengthVector 170
binClass_disponibility 1000
itemClass_weight 720 720 3960 2520 12420 1260 1080 1260 5400 1260 1800 1800 1400 6000 1600 3400 200 1200 13200 3400 5440 2720 2560 2720 6080 160 1120 160 3840 2400 3060 5100 2890 3230 1530 1870 1360 1530 4590 3740 1600 1760 10080 2080 1280 3680 1120 480 1600 3520 680 170 10710 5950 850 5440 1530 2720 170 680 2880 2400 1760 2560 9440 800 1920 2400 2720 320 2080 2240 320 1280 1600 5280 960 6400 2720 4320 3570 2210 1020 1190 340 4080 2550 4250 3910 5780 6800 2550 5610 1530 3400 850 3910 1020 1530 1700 2632 12489 2632 1146 585 1372 920 4370 5423 2576 5568 4180 4246 588 588 4416 955 4577 2716 2702 5742 1372 2970 792 975 1488 728 4393 12696 2618 1134 985 724 4070 5394 1295 12512 1146 564 4232 582 1288 13317 950 740 910 12920 920 13396 1337 4255 4462 1164 13110 920 13260 1122 4209 3948 2955 1128 1386 955 4053 3864 13041 1146 788 1110 5278
