itemNumber 500
itemClassNumber 500
itemClass_widthVector 31 30 29 28 27 26 25 24 23 22 21 20 19 18 17 16 29 28 27 26 25 24 23 22 21 20 19 18 17 16 15 14 33 32 31 30 29 28 27 26 25 24 23 22 21 20 19 18 29 28 27 26 25 24 23 22 21 20 19 18 17 16 15 14 33 32 31 30 29 28 27 26 25 24 23 22 21 20 19 18 32 31 30 29 28 27 26 25 24 23 22 21 20 19 18 17 33 32 31 30 29 28 27 26 25 24 23 22 21 20 19 18 32 31 30 29 28 27 26 25 24 23 22 21 20 19 18 17 33 32 31 30 29 28 27 26 25 24 23 22 21 20 19 18 31 30 29 28 27 26 25 24 23 22 21 20 19 18 17 16 27 26 25 24 23 22 21 20 19 18 17 16 15 14 13 12 33 32 31 30 29 28 27 26 25 24 23 22 21 20 19 18 30 29 28 27 26 25 24 23 22 21 20 19 18 17 16 15 34 33 32 31 30 29 28 27 26 25 24 23 22 21 20 19 28 27 26 25 24 23 22 21 20 19 18 17 16 15 14 13 32 31 30 29 28 27 26 25 24 23 22 21 20 19 18 17 18 32 18 32 19 20 32 22 34 27 31 35 21 19 28 19 28 24 19 22 31 29 19 27 28 31 34 31 29 32 19 23 25 30 21 23 24 19 31 34 20 35 32 21 34 21 31 23 20 20 22 32 29 18 26 19 26 27 22 18 28 20 30 29 23 33 22 18 21 18 27 23 29 28 31 28 32 20 23 30 27 22 22 21 28 26 27 25 34 29 26 25 20 21 20 26 20 33 33 21 19 26 26 19 24 26 26 27 25 25 28 34 19 31 18 24 28 35 32 19 29 29 30 18 20 25 27 24 26 30 32 31 23 33 28 19 33 32 25 21 27 30 27 31 26 30 28 27 35 20 27 22 29 24 27 30 28 19 27 20 35 19 30 25 24 35 19 35 18 18 21 28 29 27 21 34 18 24 28 25 23 20 31 20 26 28 28 25 24 26 31 33 31 20 35 21 27 19 26 22 25 19 19 28 23 32 28 29 22 20 30 23 25 24 35 35 28 23 23 35 24 23 27 28 25 28 30 25 34 25 30 32 19 31 24 23 20 30 20 24 19 33 35 24
itemClass_lengthVector 7 20 26 5 23 46 1 63 4 46 38 15 81 70 17 38 86 8 8 3 44 12 116 44 27 6 93 2 33 11 3 4 12 18 61 4 37 25 5 20 60 5 110 4 59 61 6 13 19 37 73 23 37 33 15 32 33 82 14 2 9 32 17 42 17 8 17 41 39 7 48 31 66 31 3 61 11 44 49 27 31 42 14 64 65 17 17 18 50 35 21 59 4 36 19 8 18 15 150 2 73 6 17 20 39 16 41 4 2 5 37 55 89 52 36 2 1 30 120 23 25 47 7 12 2 27 8 19 22 60 11 8 12 3 110 16 59 19 4 9 19 16 21 111 1 58 84 37 12 16 2 71 72 15 58 13 5 19 25 12 1 46 9 13 33 78 16 49 44 23 27 82 37 33 5 4 11 2 50 11 55 18 11 6 49 32 7 67 19 138 8 16 9 52 86 4 93 9 13 44 2 19 39 11 62 8 8 41 8 211 1 27 48 10 19 9 20 10 36 15 26 27 22 11 25 11 43 91 48 37 21 2 4 18 56 20 40 40 43 1 23 12 42 6 11 1 15 40 62 13 88 6 43 49 60 29 16 27 18 21 70 70 25 38 19 1 21 6 14 69 45 18 1 38 70 14 19 4 17 1 46 4 20 27 22 7 17 14 62 23 14 14 37 18 26 21 80 8 7 82 6 14 20 37 80 70 37 27 6 17 3 71 64 2 14 16 23 70 27 6 47 7 14 16 81 17 62 14 22 45 26 22 6 70 45 26 45 14 39 81 46 64 62 4 19 4 64 62 69 80 80 1 69 6 21 81 71 2 5 70 37 4 5 64 3 45 23 20 16 19 17 3 47 8 27 18 45 4 23 16 80 47 1 5 1 26 20 5 39 7 45 16 6 20 45 15 45 5 64 5 1 27 1 64 6 82 1 39 23 4 1 26 1 69 45 69 7 71 4 64 47 6 71 7 17 17 80 45 5 46 80 21 17 37 47 62 45 81 27 80 5 22 46 5 45 3 25 6 6 81 8 80 62 17 1 38 5 18 70 45 47 6 45 23 14 69 27 46 45 3 8 8 2 47 14 6 39 39 1 23 5 1 23 62 21 47 25 27 18 26 5 37 70 5 71 39 69 19 8 38
itemClass_demand 1 1 1 1 1 1 1 1 1 1 1 1 1 1 1 1 1 1 1 1 1 1 1 1 1 1 1 1 1 1 1 1 1 1 1 1 1 1 1 1 1 1 1 1 1 1 1 1 1 1 1 1 1 1 1 1 1 1 1 1 1 1 1 1 1 1 1 1 1 1 1 1 1 1 1 1 1 1 1 1 1 1 1 1 1 1 1 1 1 1 1 1 1 1 1 1 1 1 1 1 1 1 1 1 1 1 1 1 1 1 1 1 1 1 1 1 1 1 1 1 1 1 1 1 1 1 1 1 1 1 1 1 1 1 1 1 1 1 1 1 1 1 1 1 1 1 1 1 1 1 1 1 1 1 1 1 1 1 1 1 1 1 1 1 1 1 1 1 1 1 1 1 1 1 1 1 1 1 1 1 1 1 1 1 1 1 1 1 1 1 1 1 1 1 1 1 1 1 1 1 1 1 1 1 1 1 1 1 1 1 1 1 1 1 1 1 1 1 1 1 1 1 1 1 1 1 1 1 1 1 1 1 1 1 1 1 1 1 1 1 1 1 1 1 1 1 1 1 1 1 1 1 1 1 1 1 1 1 1 1 1 1 1 1 1 1 1 1 1 1 1 1 1 1 1 1 1 1 1 1 1 1 1 1 1 1 1 1 1 1 1 1 1 1 1 1 1 1 1 1 1 1 1 1 1 1 1 1 1 1 1 1 1 1 1 1 1 1 1 1 1 1 1 1 1 1 1 1 1 1 1 1 1 1 1 1 1 1 1 1 1 1 1 1 1 1 1 1 1 1 1 1 1 1 1 1 1 1 1 1 1 1 1 1 1 1 1 1 1 1 1 1 1 1 1 1 1 1 1 1 1 1 1 1 1 1 1 1 1 1 1 1 1 1 1 1 1 1 1 1 1 1 1 1 1 1 1 1 1 1 1 1 1 1 1 1 1 1 1 1 1 1 1 1 1 1 1 1 1 1 1 1 1 1 1 1 1 1 1 1 1 1 1 1 1 1 1 1 1 1 1 1 1 1 1 1 1 1 1 1 1 1 1 1 1 1 1 1 1 1 1 1 1 1 1 1 1 1 1 1 1 1 1 1 1 1 1 1 1 1 1 1 1 1 1 1 1 1 1 1
binNumber 10000
binClassNumber 1
binClass_widthVector 500
binClass_lengthVector 500
binClass_disponibility 1000
itemClass_weight 2170 6200 8060 1550 7130 14260 310 19530 1240 14260 11780 4650 25110 21700 5270 11780 24940 2320 2320 870 12760 3480 33640 12760 7830 1740 26970 580 9570 3190 870 1160 3960 5940 20130 1320 12210 8250 1650 6600 19800 1650 36300 1320 19470 20130 1980 4290 5510 10730 21170 6670 10730 9570 4350 9280 9570 23780 4060 580 2610 9280 4930 12180 5610 2640 5610 13530 12870 2310 15840 10230 21780 10230 990 20130 3630 14520 16170 8910 9920 13440 4480 20480 20800 5440 5440 5760 16000 11200 6720 18880 1280 11520 6080 2560 5940 4950 49500 660 24090 1980 5610 6600 12870 5280 13530 1320 660 1650 12210 18150 28480 16640 11520 640 320 9600 38400 7360 8000 15040 2240 3840 640 8640 2560 6080 7260 19800 3630 2640 3960 990 36300 5280 19470 6270 1320 2970 6270 5280 6930 36630 310 17980 26040 11470 3720 4960 620 22010 22320 4650 17980 4030 1550 5890 7750 3720 270 12420 2430 3510 8910 21060 4320 13230 11880 6210 7290 22140 9990 8910 1350 1080 3630 660 16500 3630 18150 5940 3630 1980 16170 10560 2310 22110 6270 45540 2640 5280 2700 15600 25800 1200 27900 2700 3900 13200 600 5700 11700 3300 18600 2400 2400 12300 2720 71740 340 9180 16320 3400 6460 3060 6800 3400 12240 5100 8840 9180 7480 3740 7000 3080 12040 25480 13440 10360 5880 560 1120 5040 15680 5600 11200 11200 12040 280 7360 3840 13440 1920 3520 320 4800 12800 19840 4160 28160 1920 13760 15680 19200 9280 5264 8883 5886 6867 22820 23450 7800 11894 6194 331 7035 1950 4788 23115 14940 6030 333 12844 22680 4410 6118 1368 5287 338 14582 1284 6820 8586 7172 2331 5338 4760 20522 7498 4522 4550 12432 5940 8554 6741 25920 2624 2373 26322 1902 4788 6520 12432 26160 23100 11951 9072 1896 5372 945 22152 21888 638 4746 5104 7521 22330 9207 2028 15416 2198 4676 5392 25191 5304 19344 4732 7018 14445 8606 6864 1914 22890 15210 8632 14445 4494 13221 25758 14950 20544 19902 1244 5966 1304 21504 20336 22977 26640 27360 320 23115 2016 6783 27621 22933 634 1610 23170 12210 1364 1680 20096 1002 14580 7176 6600 5216 6270 5797 978 15792 2680 8748 6030 15030 1316 7245 5392 25200 15839 341 1650 332 8320 6760 1585 12285 2205 15075 5072 1908 6680 15255 4755 14535 1610 20224 1700 334 9234 315 21056 1998 27224 342 12402 7245 1300 315 8866 335 23391 13995 21528 2345 22294 1244 20992 14664 2028 23004 2366 5457 5610 25200 15165 1705 14628 25200 6573 5491 12654 14993 20708 14490 26568 8964 26320 1580 7392 15686 1630 14040 1005 7850 2022 1956 26406 2664 27120 19716 5695 315 12312 1585 6012 23800 13995 15980 1908 14940 7360 4578 23115 8829 14674 14985 1020 2504 2544 678 14946 4424 1980 12285 12402 340 7613 1700 324 7452 20646 7119 15792 8550 9153 5616 8892 1630 12099 22190 1665 24282 12324 22908 6118 2576 12426
