itemNumber 50
itemClassNumber 50
itemClass_widthVector 9 8 7 6 5 4 8 7 6 5 4 3 9 8 7 6 5 4 7 6 5 4 3 2 10 9 8 7 6 5 7 6 5 4 3 2 7 9 7 7 10 10 6 7 10 8 6 9 8 6
itemClass_lengthVector 19 4 3 8 4 12 2 5 11 2 1 29 2 3 2 20 20 3 15 12 8 2 4 9 7 25 4 5 5 4 24 4 4 1 2 15 8 4 8 8 18 19 4 9 18 3 4 3 4 5
itemClass_demand 1 1 1 1 1 1 1 1 1 1 1 1 1 1 1 1 1 1 1 1 1 1 1 1 1 1 1 1 1 1 1 1 1 1 1 1 1 1 1 1 1 1 1 1 1 1 1 1 1 1
binNumber 10000
binClassNumber 1
binClass_widthVector 50
binClass_lengthVector 50
binClass_disponibility 1000
itemClass_weight 1710 360 270 720 360 1080 160 400 880 160 80 2320 180 270 180 1800 1800 270 1050 840 560 140 280 630 700 2500 400 500 500 400 1680 280 280 70 140 1050 760 392 784 728 1746 1862 372 828 1746 282 388 300 400 475
