itemNumber 190
itemClassNumber 190
itemClass_widthVector 20 19 18 17 16 15 14 13 12 11 19 18 17 16 15 14 13 12 11 10 20 19 18 17 16 15 14 13 12 11 19 18 17 16 15 14 13 12 11 10 18 17 16 15 14 13 12 11 10 9 20 19 18 17 16 15 14 13 12 11 17 16 15 14 13 12 11 10 9 8 18 17 16 15 14 13 12 11 10 9 20 19 18 17 16 15 14 13 12 11 19 18 17 16 15 14 13 12 11 10 14 19 17 21 20 19 14 16 20 16 17 17 13 14 14 14 14 22 17 18 15 18 16 23 16 16 15 18 23 18 22 21 19 19 21 18 21 14 17 14 20 16 16 21 20 23 21 14 17 16 17 14 21 15 17 17 19 20 18 21 16 18 17 14 16 17 18 16 13 19 19 20 18 18 17 16 16 14 17 19 16 20 17 15 15 19 16 20 16 16
itemClass_lengthVector 1 58 59 25 11 6 5 5 7 13 5 11 7 1 34 46 27 39 5 15 99 4 5 13 2 16 14 3 16 18 8 38 15 25 8 2 33 2 16 43 10 10 26 11 14 40 17 13 38 11 43 4 2 8 5 32 25 22 15 34 7 24 9 32 11 46 11 24 8 18 55 17 13 29 18 32 15 2 7 2 16 36 15 45 9 23 2 14 25 5 5 3 2 9 21 67 30 40 5 8 8 24 5 59 60 58 5 6 57 6 10 5 8 4 8 6 8 1 10 26 4 11 5 2 5 5 4 10 2 10 2 1 26 59 58 25 2 7 7 6 59 6 5 1 57 1 2 6 6 4 5 6 1 5 6 5 25 60 11 59 7 11 6 4 4 7 11 4 6 59 59 59 25 26 11 5 6 8 6 58 6 60 5 4 4 58 6 57 6 5
itemClass_demand 1 1 1 1 1 1 1 1 1 1 1 1 1 1 1 1 1 1 1 1 1 1 1 1 1 1 1 1 1 1 1 1 1 1 1 1 1 1 1 1 1 1 1 1 1 1 1 1 1 1 1 1 1 1 1 1 1 1 1 1 1 1 1 1 1 1 1 1 1 1 1 1 1 1 1 1 1 1 1 1 1 1 1 1 1 1 1 1 1 1 1 1 1 1 1 1 1 1 1 1 1 1 1 1 1 1 1 1 1 1 1 1 1 1 1 1 1 1 1 1 1 1 1 1 1 1 1 1 1 1 1 1 1 1 1 1 1 1 1 1 1 1 1 1 1 1 1 1 1 1 1 1 1 1 1 1 1 1 1 1 1 1 1 1 1 1 1 1 1 1 1 1 1 1 1 1 1 1 1 1 1 1 1 1 1 1 1 1 1 1
binNumber 10000
binClassNumber 1
binClass_widthVector 190
binClass_lengthVector 190
binClass_disponibility 1000
itemClass_weight 200 11600 11800 5000 2200 1200 1000 1000 1400 2600 950 2090 1330 190 6460 8740 5130 7410 950 2850 19800 800 1000 2600 400 3200 2800 600 3200 3600 1520 7220 2850 4750 1520 380 6270 380 3040 8170 1800 1800 4680 1980 2520 7200 3060 2340 6840 1980 8600 800 400 1600 1000 6400 5000 4400 3000 6800 1190 4080 1530 5440 1870 7820 1870 4080 1360 3060 9900 3060 2340 5220 3240 5760 2700 360 1260 360 3200 7200 3000 9000 1800 4600 400 2800 5000 1000 950 570 380 1710 3990 12730 5700 7600 950 1520 1752 5088 1025 12390 12720 12528 1010 1266 12084 1284 2170 1065 1720 856 1736 1224 1696 212 2160 5434 848 2343 1045 426 1055 1065 828 2170 424 2070 404 206 5382 12980 12644 5425 426 1505 1498 1206 12036 1320 1060 214 11856 219 438 1290 1248 808 1020 1254 204 1065 1296 1015 5225 12540 2244 12154 1540 2310 1302 880 880 1435 2431 884 1254 12390 12390 12213 5525 5616 2376 1065 1248 1736 1260 12180 1296 13140 1070 808 832 12644 1260 11856 1302 1035
