itemNumber 600
itemClassNumber 600
itemClass_widthVector 33 32 31 30 29 28 27 26 25 24 23 22 21 20 19 18 17 16 31 30 29 28 27 26 25 24 23 22 21 20 19 18 17 16 15 14 30 29 28 27 26 25 24 23 22 21 20 19 18 17 16 15 14 13 32 31 30 29 28 27 26 25 24 23 22 21 20 19 18 17 16 15 34 33 32 31 30 29 28 27 26 25 24 23 22 21 20 19 18 17 30 29 28 27 26 25 24 23 22 21 20 19 18 17 16 15 14 13 30 29 28 27 26 25 24 23 22 21 20 19 18 17 16 15 14 13 33 32 31 30 29 28 27 26 25 24 23 22 21 20 19 18 17 16 35 34 33 32 31 30 29 28 27 26 25 24 23 22 21 20 19 18 33 32 31 30 29 28 27 26 25 24 23 22 21 20 19 18 17 16 31 30 29 28 27 26 25 24 23 22 21 20 19 18 17 16 15 14 36 35 34 33 32 31 30 29 28 27 26 25 24 23 22 21 20 19 37 36 35 34 33 32 31 30 29 28 27 26 25 24 23 22 21 20 35 34 33 32 31 30 29 28 27 26 25 24 23 22 21 20 19 18 34 33 32 31 30 29 28 27 26 25 24 23 22 21 20 19 18 17 37 36 35 34 33 32 31 30 29 28 27 26 25 24 23 22 21 20 34 33 32 31 30 29 28 27 26 25 24 23 22 21 20 19 18 17 35 34 33 32 31 30 29 28 27 26 25 24 23 22 21 20 19 18 20 31 31 33 32 24 37 36 21 28 32 33 33 26 20 23 18 30 28 34 25 27 30 30 25 37 26 18 21 19 36 30 35 34 28 21 21 28 30 36 28 19 25 34 30 19 19 25 26 20 24 20 37 25 31 19 18 26 23 25 27 24 23 34 34 31 21 28 28 19 25 35 36 31 30 32 31 35 34 30 20 19 34 29 33 31 25 25 27 19 32 27 35 21 27 32 27 35 34 31 26 18 28 30 24 20 19 32 34 20 29 29 29 28 26 28 19 33 25 26 23 26 25 23 30 35 30 28 36 29 29 24 33 27 21 36 20 20 28 24 30 27 27 25 23 25 34 23 22 18 24 22 20 22 23 26 21 25 34 22 20 36 26 22 23 22 35 30 22 28 23 23 28 20 25 33 26 34 20 22 35 32 25 32 24 35 19 35 18 24 31 27 22 21 31 23 25 30 29 19 32 26 18 28 21 29 32 30 35 20 21 32 30 34 22 30 25 23 18 29 23 21 34 33 29 37 24 31 30 31 30 25 25 24 35 19 26 21 28 25 30 20 36 29 36 29 33 24 19 30 19 29 25 19 23 34 21 25 26 36 28 24 30 29 29 29 35 30 30 31 28 19 24 18 26 26
itemClass_lengthVector 81 131 17 6 2 76 8 43 5 61 1 36 6 29 22 55 13 8 76 5 88 15 54 3 62 15 1 7 37 49 68 33 2 42 12 31 45 16 3 20 79 75 24 198 2 12 12 7 18 1 1 66 5 16 3 58 87 83 19 6 2 65 4 6 6 10 15 140 7 14 6 69 120 41 40 39 90 17 31 38 55 8 54 10 15 6 7 10 12 7 58 93 10 14 3 54 3 95 48 4 47 1 50 5 6 23 70 16 128 43 98 52 18 6 55 15 38 8 1 4 10 4 12 23 70 15 124 29 3 12 54 5 20 2 18 31 107 34 21 34 29 8 58 11 75 90 19 6 31 20 4 12 6 51 66 118 8 4 22 11 42 15 46 18 3 25 34 15 17 14 62 134 31 29 17 2 40 62 35 16 49 63 12 35 29 37 21 33 12 33 16 68 29 71 22 30 28 12 23 16 97 1 3 52 54 10 47 1 73 6 61 50 35 51 14 6 45 25 1 8 19 28 22 67 8 1 22 38 39 45 20 27 29 156 22 47 63 22 3 96 39 17 4 5 11 50 19 71 37 13 48 33 9 3 8 13 30 7 67 15 37 16 1 33 68 18 1 46 156 72 8 46 16 21 16 29 13 13 52 57 64 47 17 118 33 2 19 29 128 16 91 1 7 18 26 18 4 18 44 17 100 15 3 44 31 19 32 9 39 62 5 85 33 3 115 28 24 14 21 4 21 36 44 25 21 2 77 16 1 6 80 130 21 5 16 18 131 5 56 37 12 76 6 6 61 4 75 7 1 81 6 14 23 54 130 7 81 131 7 28 30 44 1 80 9 55 37 6 76 54 55 35 2 55 7 54 82 1 7 12 13 4 37 60 4 1 5 82 18 6 21 44 5 13 1 131 82 76 3 16 3 17 130 2 54 14 5 42 132 2 60 60 42 55 1 60 130 21 4 1 4 16 16 6 6 13 4 77 6 56 56 5 131 56 8 42 8 8 60 5 12 18 37 6 30 60 1 36 3 132 8 43 130 9 76 1 16 42 23 132 54 55 44 1 76 61 44 1 36 36 131 7 28 13 2 28 21 5 6 6 23 1 81 28 56 82 2 29 35 6 130 7 5 4 7 28 5 21 61 130 5 131 22 28 17 5 1 16 37 81 56 82 14 1 3 43 29 23 76 5 36 77 77 54 7 4 14 42 21 77 18 75 82 55 28 2 3 7 30 77 60 6 13 77 7 23 16 131 9 81 36 2 1 2 76 62 35 2 81 12 4 29 4 1 1 22 80 8 81 76 18 5 55 77 14 75 35 14 35 5 30 1 61 132 7 5 77 8 75 9 132 77 75 1 6 14 1 14 5 61
itemClass_demand 1 1 1 1 1 1 1 1 1 1 1 1 1 1 1 1 1 1 1 1 1 1 1 1 1 1 1 1 1 1 1 1 1 1 1 1 1 1 1 1 1 1 1 1 1 1 1 1 1 1 1 1 1 1 1 1 1 1 1 1 1 1 1 1 1 1 1 1 1 1 1 1 1 1 1 1 1 1 1 1 1 1 1 1 1 1 1 1 1 1 1 1 1 1 1 1 1 1 1 1 1 1 1 1 1 1 1 1 1 1 1 1 1 1 1 1 1 1 1 1 1 1 1 1 1 1 1 1 1 1 1 1 1 1 1 1 1 1 1 1 1 1 1 1 1 1 1 1 1 1 1 1 1 1 1 1 1 1 1 1 1 1 1 1 1 1 1 1 1 1 1 1 1 1 1 1 1 1 1 1 1 1 1 1 1 1 1 1 1 1 1 1 1 1 1 1 1 1 1 1 1 1 1 1 1 1 1 1 1 1 1 1 1 1 1 1 1 1 1 1 1 1 1 1 1 1 1 1 1 1 1 1 1 1 1 1 1 1 1 1 1 1 1 1 1 1 1 1 1 1 1 1 1 1 1 1 1 1 1 1 1 1 1 1 1 1 1 1 1 1 1 1 1 1 1 1 1 1 1 1 1 1 1 1 1 1 1 1 1 1 1 1 1 1 1 1 1 1 1 1 1 1 1 1 1 1 1 1 1 1 1 1 1 1 1 1 1 1 1 1 1 1 1 1 1 1 1 1 1 1 1 1 1 1 1 1 1 1 1 1 1 1 1 1 1 1 1 1 1 1 1 1 1 1 1 1 1 1 1 1 1 1 1 1 1 1 1 1 1 1 1 1 1 1 1 1 1 1 1 1 1 1 1 1 1 1 1 1 1 1 1 1 1 1 1 1 1 1 1 1 1 1 1 1 1 1 1 1 1 1 1 1 1 1 1 1 1 1 1 1 1 1 1 1 1 1 1 1 1 1 1 1 1 1 1 1 1 1 1 1 1 1 1 1 1 1 1 1 1 1 1 1 1 1 1 1 1 1 1 1 1 1 1 1 1 1 1 1 1 1 1 1 1 1 1 1 1 1 1 1 1 1 1 1 1 1 1 1 1 1 1 1 1 1 1 1 1 1 1 1 1 1 1 1 1 1 1 1 1 1 1 1 1 1 1 1 1 1 1 1 1 1 1 1 1 1 1 1 1 1 1 1 1 1 1 1 1 1 1 1 1 1 1 1 1 1 1 1 1 1 1 1 1 1 1 1 1 1 1 1 1 1 1 1 1 1 1 1 1 1 1 1 1 1 1 1 1 1 1 1 1 1 1 1 1 1 1 1 1 1 1 1 1 1 1 1 1 1 1 1
binNumber 10000
binClassNumber 1
binClass_widthVector 600
binClass_lengthVector 600
binClass_disponibility 1000
itemClass_weight 26730 43230 5610 1980 660 25080 2640 14190 1650 20130 330 11880 1980 9570 7260 18150 4290 2640 23560 1550 27280 4650 16740 930 19220 4650 310 2170 11470 15190 21080 10230 620 13020 3720 9610 13500 4800 900 6000 23700 22500 7200 59400 600 3600 3600 2100 5400 300 300 19800 1500 4800 960 18560 27840 26560 6080 1920 640 20800 1280 1920 1920 3200 4800 44800 2240 4480 1920 22080 40800 13940 13600 13260 30600 5780 10540 12920 18700 2720 18360 3400 5100 2040 2380 3400 4080 2380 17400 27900 3000 4200 900 16200 900 28500 14400 1200 14100 300 15000 1500 1800 6900 21000 4800 38400 12900 29400 15600 5400 1800 16500 4500 11400 2400 300 1200 3000 1200 3600 6900 21000 4500 40920 9570 990 3960 17820 1650 6600 660 5940 10230 35310 11220 6930 11220 9570 2640 19140 3630 26250 31500 6650 2100 10850 7000 1400 4200 2100 17850 23100 41300 2800 1400 7700 3850 14700 5250 15180 5940 990 8250 11220 4950 5610 4620 20460 44220 10230 9570 5610 660 13200 20460 11550 5280 15190 19530 3720 10850 8990 11470 6510 10230 3720 10230 4960 21080 8990 22010 6820 9300 8680 3720 8280 5760 34920 360 1080 18720 19440 3600 16920 360 26280 2160 21960 18000 12600 18360 5040 2160 16650 9250 370 2960 7030 10360 8140 24790 2960 370 8140 14060 14430 16650 7400 9990 10730 57720 7700 16450 22050 7700 1050 33600 13650 5950 1400 1750 3850 17500 6650 24850 12950 4550 16800 11550 3060 1020 2720 4420 10200 2380 22780 5100 12580 5440 340 11220 23120 6120 340 15640 53040 24480 2960 17020 5920 7770 5920 10730 4810 4810 19240 21090 23680 17390 6290 43660 12210 740 7030 10730 43520 5440 30940 340 2380 6120 8840 6120 1360 6120 14960 5780 34000 5100 1020 14960 10540 6460 11200 3150 13650 21700 1750 29750 11550 1050 40250 9800 8400 4900 7350 1400 7350 12600 15400 8750 7245 692 26719 5712 332 2076 29040 47190 7413 1740 5552 6030 43361 1725 19096 13135 4140 27056 2184 2178 21594 1432 25575 2443 363 27945 2160 4634 7705 18468 46800 2478 27864 46898 2415 9632 10440 15972 355 27920 3024 19690 12321 2070 27588 18360 18865 11970 674 18975 2492 18846 27716 356 2331 4176 4459 1444 13283 20700 1344 343 1740 28290 6372 2100 7224 14872 1725 4654 343 44147 27798 25764 1044 5616 1047 6137 45110 718 19062 5012 1695 14406 47256 690 20580 20340 15162 19415 348 21060 46800 7308 1340 364 1420 5376 5536 2082 2148 4433 1444 27181 2172 18872 20328 1805 45457 19488 2888 15288 2672 2720 20580 1735 4368 6372 12691 2184 10260 20700 346 12528 1005 46728 2784 15652 43030 3087 27436 362 5328 15036 8142 46596 18198 19415 15972 335 26068 21167 14564 335 12384 12096 47029 2450 9716 4680 672 9268 7413 1695 1998 2040 8096 336 27459 9884 19600 27306 662 9715 11830 2094 47060 2345 1710 1352 2443 10164 1765 7203 20557 44720 1760 46636 7964 9828 6137 1740 357 5520 13209 28431 20160 29110 4704 342 1089 14620 9744 7751 26980 1725 13032 27874 26950 18900 2485 1420 5012 14532 7077 25795 6264 26850 27388 19580 9940 690 1086 2338 10350 27874 21120 1986 4537 25564 2506 8073 5792 46112 2979 28431 12564 666 363 688 26372 22010 12285 666 29079 4056 1348 10121 1392 361 339 7502 28960 2648 27135 25384 6426 1810 18810 26180 4844 25650 11655 4970 11970 1705 10530 338 20374 45540 2485 1780 26488 2696 25950 3114 45012 27412 26175 334 2160 4970 352 4774 1720 21594
