itemNumber 180
itemClassNumber 180
itemClass_widthVector 19 18 17 16 15 14 13 12 11 10 18 17 16 15 14 13 12 11 10 9 17 16 15 14 13 12 11 10 9 8 19 18 17 16 15 14 13 12 11 10 18 17 16 15 14 13 12 11 10 9 17 16 15 14 13 12 11 10 9 8 17 16 15 14 13 12 11 10 9 8 17 16 15 14 13 12 11 10 9 8 18 17 16 15 14 13 12 11 10 9 20 19 18 17 16 15 14 13 12 11 14 18 16 15 13 18 18 13 19 13 14 19 16 16 16 17 16 15 19 13 19 19 15 14 15 14 16 18 14 18 13 13 17 14 19 17 16 15 21 12 15 13 14 15 16 13 18 17 21 15 19 19 13 18 17 19 20 19 16 16 19 12 19 16 16 18 19 20 15 19 14 17 13 14 16 15 14 17 19 18
itemClass_lengthVector 4 23 29 8 8 26 7 35 7 33 43 8 3 2 19 6 58 22 13 6 1 16 51 10 7 66 2 2 19 6 5 1 9 31 20 26 12 4 33 39 28 37 24 2 4 24 13 3 16 29 21 3 22 33 1 2 58 21 15 4 9 6 23 27 43 9 10 37 3 13 16 21 7 32 32 9 8 9 25 21 23 24 23 17 39 2 4 9 20 19 3 43 19 19 4 34 19 8 18 13 35 30 26 6 8 7 28 34 28 34 35 24 25 8 25 9 8 8 28 34 23 23 7 35 6 35 26 29 34 29 8 34 7 36 22 9 9 26 4 6 8 35 34 8 7 7 29 8 4 8 22 24 34 29 7 23 24 28 27 27 30 7 24 9 26 30 24 24 7 24 6 9 34 7 27 6 7 9 22 28
itemClass_demand 1 1 1 1 1 1 1 1 1 1 1 1 1 1 1 1 1 1 1 1 1 1 1 1 1 1 1 1 1 1 1 1 1 1 1 1 1 1 1 1 1 1 1 1 1 1 1 1 1 1 1 1 1 1 1 1 1 1 1 1 1 1 1 1 1 1 1 1 1 1 1 1 1 1 1 1 1 1 1 1 1 1 1 1 1 1 1 1 1 1 1 1 1 1 1 1 1 1 1 1 1 1 1 1 1 1 1 1 1 1 1 1 1 1 1 1 1 1 1 1 1 1 1 1 1 1 1 1 1 1 1 1 1 1 1 1 1 1 1 1 1 1 1 1 1 1 1 1 1 1 1 1 1 1 1 1 1 1 1 1 1 1 1 1 1 1 1 1 1 1 1 1 1 1 1 1 1 1 1 1
binNumber 10000
binClassNumber 1
binClass_widthVector 180
binClass_lengthVector 180
binClass_disponibility 1000
itemClass_weight 760 4370 5510 1520 1520 4940 1330 6650 1330 6270 7740 1440 540 360 3420 1080 10440 3960 2340 1080 170 2720 8670 1700 1190 11220 340 340 3230 1020 950 190 1710 5890 3800 4940 2280 760 6270 7410 5040 6660 4320 360 720 4320 2340 540 2880 5220 3570 510 3740 5610 170 340 9860 3570 2550 680 1530 1020 3910 4590 7310 1530 1700 6290 510 2210 2720 3570 1190 5440 5440 1530 1360 1530 4250 3570 4140 4320 4140 3060 7020 360 720 1620 3600 3420 600 8600 3800 3800 800 6800 3800 1600 3600 2600 7245 5910 5018 1200 1528 1470 5376 6528 5488 6936 7350 4752 5075 1664 4850 1881 1632 1640 5852 7140 4669 4623 1386 7105 1200 6685 5200 5626 6528 5974 1584 7004 1400 7452 4400 1890 1845 4992 776 1224 1624 7000 6494 1648 1442 1456 5597 1544 772 1536 4620 4800 7140 5597 1421 4807 5040 5404 5562 5184 5850 1393 4776 1782 5096 6030 4632 4752 1407 4992 1224 1737 7140 1400 5481 1200 1463 1827 4224 5376
