itemNumber 180
itemClassNumber 180
itemClass_widthVector 19 18 17 16 15 14 13 12 11 10 18 17 16 15 14 13 12 11 10 9 20 19 18 17 16 15 14 13 12 11 17 16 15 14 13 12 11 10 9 8 18 17 16 15 14 13 12 11 10 9 17 16 15 14 13 12 11 10 9 8 19 18 17 16 15 14 13 12 11 10 17 16 15 14 13 12 11 10 9 8 18 17 16 15 14 13 12 11 10 9 17 16 15 14 13 12 11 10 9 8 16 18 18 21 17 15 20 16 21 19 19 15 18 19 14 12 20 18 20 13 12 16 18 13 20 13 21 12 16 13 13 14 18 17 20 19 20 19 17 20 18 15 15 21 21 16 17 16 19 19 19 15 19 18 14 14 12 18 18 18 19 16 12 14 15 15 17 14 21 18 13 18 13 14 16 20 19 20 17 16
itemClass_lengthVector 16 2 5 1 38 46 1 3 30 38 27 4 6 10 32 60 5 3 28 5 21 26 16 1 13 16 24 33 29 1 11 9 19 42 27 18 17 4 25 8 73 7 9 10 16 33 18 6 3 5 21 22 21 37 1 1 12 13 13 39 4 35 7 1 13 8 57 26 18 11 16 2 9 22 52 1 1 21 39 17 7 12 20 15 11 29 3 61 5 17 22 5 10 5 26 20 35 10 45 2 45 1 2 15 37 46 1 45 16 2 5 1 4 6 4 31 17 5 16 29 30 46 6 29 15 4 16 29 37 4 3 4 2 1 2 3 1 6 37 2 1 1 46 16 16 39 1 37 5 6 2 1 2 1 2 1 31 5 1 1 5 37 31 2 2 2 1 1 15 4 31 2 2 2 47 16 4 2 1 37
itemClass_demand 1 1 1 1 1 1 1 1 1 1 1 1 1 1 1 1 1 1 1 1 1 1 1 1 1 1 1 1 1 1 1 1 1 1 1 1 1 1 1 1 1 1 1 1 1 1 1 1 1 1 1 1 1 1 1 1 1 1 1 1 1 1 1 1 1 1 1 1 1 1 1 1 1 1 1 1 1 1 1 1 1 1 1 1 1 1 1 1 1 1 1 1 1 1 1 1 1 1 1 1 1 1 1 1 1 1 1 1 1 1 1 1 1 1 1 1 1 1 1 1 1 1 1 1 1 1 1 1 1 1 1 1 1 1 1 1 1 1 1 1 1 1 1 1 1 1 1 1 1 1 1 1 1 1 1 1 1 1 1 1 1 1 1 1 1 1 1 1 1 1 1 1 1 1 1 1 1 1 1 1
binNumber 10000
binClassNumber 1
binClass_widthVector 180
binClass_lengthVector 180
binClass_disponibility 1000
itemClass_weight 3040 380 950 190 7220 8740 190 570 5700 7220 4860 720 1080 1800 5760 10800 900 540 5040 900 4200 5200 3200 200 2600 3200 4800 6600 5800 200 1870 1530 3230 7140 4590 3060 2890 680 4250 1360 13140 1260 1620 1800 2880 5940 3240 1080 540 900 3570 3740 3570 6290 170 170 2040 2210 2210 6630 760 6650 1330 190 2470 1520 10830 4940 3420 2090 2720 340 1530 3740 8840 170 170 3570 6630 2890 1260 2160 3600 2700 1980 5220 540 10980 900 3060 3740 850 1700 850 4420 3400 5950 1700 7650 340 8910 198 404 3090 7585 9108 197 9450 3088 412 965 193 764 1170 780 5921 3519 985 3200 5771 5760 9522 1242 5684 2925 832 3104 5713 7659 772 597 828 416 204 402 612 194 1170 7326 392 207 197 9292 3280 3312 7566 199 7363 1015 1206 392 191 420 194 416 192 6014 980 207 207 955 7067 6417 388 416 394 195 195 3060 812 6510 384 398 404 9306 3232 812 414 193 7511
