itemNumber 160
itemClassNumber 160
itemClass_widthVector 18 17 16 15 14 13 12 11 10 18 17 16 15 14 13 12 11 10 19 18 17 16 15 14 13 12 11 17 16 15 14 13 12 11 10 9 19 18 17 16 15 14 13 12 11 16 15 14 13 12 11 10 9 8 19 18 17 16 15 14 13 12 11 15 14 13 12 11 10 9 8 7 19 18 17 16 15 14 13 12 11 15 12 14 15 18 16 17 19 19 15 17 18 18 15 17 16 13 12 17 14 14 13 13 14 13 17 13 14 14 14 17 16 19 14 15 16 18 16 15 16 19 16 16 17 17 19 15 15 16 18 19 19 14 16 15 16 17 14 17 14 14 16 19 20 13 17 16 17 13 17 15 15 20 19 18 13 20 14 16
itemClass_lengthVector 3 34 20 4 6 9 2 8 74 23 35 9 9 4 13 15 46 6 40 21 17 2 2 14 30 8 26 6 15 11 5 80 5 6 29 3 3 21 2 6 27 4 19 57 21 3 24 3 8 24 1 72 15 10 8 2 6 35 15 33 11 19 31 33 1 3 24 42 1 7 18 31 6 14 12 44 2 1 46 22 13 8 9 10 9 33 5 4 3 2 7 4 21 33 10 19 4 1 7 19 1 2 3 8 8 2 4 2 1 1 3 19 7 2 10 6 7 35 6 8 7 33 6 5 3 4 35 8 6 5 34 35 33 8 7 9 5 19 3 19 1 2 4 4 3 3 21 3 20 7 4 10 6 2 2 35 2 3 8 5
itemClass_demand 1 1 1 1 1 1 1 1 1 1 1 1 1 1 1 1 1 1 1 1 1 1 1 1 1 1 1 1 1 1 1 1 1 1 1 1 1 1 1 1 1 1 1 1 1 1 1 1 1 1 1 1 1 1 1 1 1 1 1 1 1 1 1 1 1 1 1 1 1 1 1 1 1 1 1 1 1 1 1 1 1 1 1 1 1 1 1 1 1 1 1 1 1 1 1 1 1 1 1 1 1 1 1 1 1 1 1 1 1 1 1 1 1 1 1 1 1 1 1 1 1 1 1 1 1 1 1 1 1 1 1 1 1 1 1 1 1 1 1 1 1 1 1 1 1 1 1 1 1 1 1 1 1 1 1 1 1 1 1 1
binNumber 10000
binClassNumber 1
binClass_widthVector 160
binClass_lengthVector 160
binClass_disponibility 1000
itemClass_weight 540 6120 3600 720 1080 1620 360 1440 13320 4140 6300 1620 1620 720 2340 2700 8280 1080 7600 3990 3230 380 380 2660 5700 1520 4940 1020 2550 1870 850 13600 850 1020 4930 510 570 3990 380 1140 5130 760 3610 10830 3990 480 3840 480 1280 3840 160 11520 2400 1600 1520 380 1140 6650 2850 6270 2090 3610 5890 4950 150 450 3600 6300 150 1050 2700 4650 1140 2660 2280 8360 380 190 8740 4180 2470 1464 1773 1840 1737 6435 905 748 579 374 1379 768 3906 6039 1840 3496 796 183 1393 3553 184 368 576 1448 1496 398 728 370 186 182 546 3553 1267 370 1990 1164 1386 6370 1170 1544 1267 6369 1122 905 555 796 6335 1552 1116 990 6154 6545 6468 1464 1288 1737 950 3534 549 3515 190 386 780 768 591 591 4158 546 3840 1295 776 1880 1164 370 362 6580 390 573 1456 955
