itemNumber 200
itemClassNumber 200
itemClass_widthVector 17 16 15 14 13 12 11 10 9 8 7 18 17 16 15 14 13 12 11 10 9 8 19 18 17 16 15 14 13 12 11 10 9 17 16 15 14 13 12 11 10 9 8 7 19 18 17 16 15 14 13 12 11 10 9 17 16 15 14 13 12 11 10 9 8 7 18 17 16 15 14 13 12 11 10 9 8 19 18 17 16 15 14 13 12 11 10 9 17 16 15 14 13 12 11 10 9 8 7 20 19 18 17 16 15 14 13 12 11 10 19 18 17 16 15 14 13 12 11 10 9 11 12 17 12 9 16 11 12 9 16 15 19 14 10 15 18 13 18 14 9 17 13 13 15 13 9 11 17 11 17 18 12 9 9 15 10 14 14 17 10 14 19 12 16 15 13 15 9 14 12 15 13 18 9 17 16 13 9 13 12 18 14 13 15 17 12 10 14 16 13 19 15 11 14 12 9 18 18 14
itemClass_lengthVector 1 3 14 20 22 1 34 15 40 43 7 6 17 9 8 2 46 29 25 45 3 10 32 6 14 23 13 12 5 17 16 6 56 1 17 39 69 8 7 6 7 2 36 8 10 7 24 4 51 14 24 40 1 24 1 14 1 52 7 31 8 11 45 21 9 1 8 5 23 19 10 29 29 12 32 20 13 7 26 31 4 16 66 2 13 11 8 16 19 12 2 4 36 5 37 23 27 3 32 3 14 28 15 40 2 17 27 37 13 4 75 5 3 48 2 2 18 7 20 9 11 16 16 2 33 43 20 14 14 42 20 23 1 22 39 23 2 1 2 21 44 14 34 35 19 1 42 14 13 15 13 1 35 44 42 19 41 1 1 4 39 22 2 33 20 21 33 21 44 1 14 21 33 1 42 15 21 1 42 2 35 2 21 35 21 14 15 40 2 15 33 2 20 16 1 15 44 3 2 21
itemClass_demand 1 1 1 1 1 1 1 1 1 1 1 1 1 1 1 1 1 1 1 1 1 1 1 1 1 1 1 1 1 1 1 1 1 1 1 1 1 1 1 1 1 1 1 1 1 1 1 1 1 1 1 1 1 1 1 1 1 1 1 1 1 1 1 1 1 1 1 1 1 1 1 1 1 1 1 1 1 1 1 1 1 1 1 1 1 1 1 1 1 1 1 1 1 1 1 1 1 1 1 1 1 1 1 1 1 1 1 1 1 1 1 1 1 1 1 1 1 1 1 1 1 1 1 1 1 1 1 1 1 1 1 1 1 1 1 1 1 1 1 1 1 1 1 1 1 1 1 1 1 1 1 1 1 1 1 1 1 1 1 1 1 1 1 1 1 1 1 1 1 1 1 1 1 1 1 1 1 1 1 1 1 1 1 1 1 1 1 1 1 1 1 1 1 1 1 1 1 1 1 1
binNumber 10000
binClassNumber 1
binClass_widthVector 200
binClass_lengthVector 200
binClass_disponibility 1000
itemClass_weight 170 510 2380 3400 3740 170 5780 2550 6800 7310 1190 1080 3060 1620 1440 360 8280 5220 4500 8100 540 1800 6080 1140 2660 4370 2470 2280 950 3230 3040 1140 10640 170 2890 6630 11730 1360 1190 1020 1190 340 6120 1360 1900 1330 4560 760 9690 2660 4560 7600 190 4560 190 2380 170 8840 1190 5270 1360 1870 7650 3570 1530 170 1440 900 4140 3420 1800 5220 5220 2160 5760 3600 2340 1330 4940 5890 760 3040 12540 380 2470 2090 1520 3040 3230 2040 340 680 6120 850 6290 3910 4590 510 5440 600 2800 5600 3000 8000 400 3400 5400 7400 2600 800 14250 950 570 9120 380 380 3420 1330 3800 1710 2090 2960 2928 344 5907 7955 3620 2408 2548 7518 3660 4301 177 3806 7293 4255 354 179 374 3738 8052 2562 5984 6090 3458 187 7770 2632 2301 2730 2431 184 6230 7524 7728 3534 7626 175 171 704 7098 3872 358 5742 3680 3927 5874 3822 7524 176 2408 3780 6006 179 7392 2655 3885 183 7896 342 6195 374 3738 6510 3759 2492 2580 6880 360 2640 5676 370 3760 2736 181 2775 7876 555 346 3675
