itemNumber 200
itemClassNumber 200
itemClass_widthVector 20 19 18 17 16 15 14 13 12 11 10 17 16 15 14 13 12 11 10 9 8 7 19 18 17 16 15 14 13 12 11 10 9 18 17 16 15 14 13 12 11 10 9 8 16 15 14 13 12 11 10 9 8 7 6 17 16 15 14 13 12 11 10 9 8 7 17 16 15 14 13 12 11 10 9 8 7 20 19 18 17 16 15 14 13 12 11 10 19 18 17 16 15 14 13 12 11 10 9 19 18 17 16 15 14 13 12 11 10 9 18 17 16 15 14 13 12 11 10 9 8 15 14 20 13 17 12 12 19 13 17 15 14 19 19 22 20 12 18 18 12 20 23 18 18 13 16 12 16 23 15 19 20 18 20 20 16 18 18 12 19 16 13 16 17 20 16 20 12 15 14 17 20 20 13 21 19 19 14 19 16 18 21 14 17 12 20 15 14 14 15 14 18 14 13 18 15 21 12 18
itemClass_lengthVector 6 45 19 36 20 12 1 36 12 11 2 12 13 26 1 23 76 12 5 12 14 6 30 21 18 11 49 6 21 14 4 11 15 33 42 4 17 1 3 36 7 16 13 28 20 2 28 28 20 7 5 11 12 48 19 66 3 16 21 2 8 9 4 4 24 43 69 13 15 5 23 30 4 7 12 9 13 4 12 24 10 19 40 17 9 16 7 42 12 13 2 92 4 38 5 6 11 3 14 17 54 4 19 19 2 8 20 6 34 17 9 13 40 2 74 17 9 19 7 1 9 2 37 45 13 21 11 12 19 10 12 2 13 18 19 5 46 10 36 19 10 44 7 20 37 10 13 12 13 6 2 18 45 19 18 18 2 19 36 10 18 1 12 1 12 19 11 18 10 1 11 13 45 46 11 44 20 18 37 19 13 19 7 36 21 11 18 1 36 12 35 11 21 13 13 37 37 6 11 19
itemClass_demand 1 1 1 1 1 1 1 1 1 1 1 1 1 1 1 1 1 1 1 1 1 1 1 1 1 1 1 1 1 1 1 1 1 1 1 1 1 1 1 1 1 1 1 1 1 1 1 1 1 1 1 1 1 1 1 1 1 1 1 1 1 1 1 1 1 1 1 1 1 1 1 1 1 1 1 1 1 1 1 1 1 1 1 1 1 1 1 1 1 1 1 1 1 1 1 1 1 1 1 1 1 1 1 1 1 1 1 1 1 1 1 1 1 1 1 1 1 1 1 1 1 1 1 1 1 1 1 1 1 1 1 1 1 1 1 1 1 1 1 1 1 1 1 1 1 1 1 1 1 1 1 1 1 1 1 1 1 1 1 1 1 1 1 1 1 1 1 1 1 1 1 1 1 1 1 1 1 1 1 1 1 1 1 1 1 1 1 1 1 1 1 1 1 1 1 1 1 1 1 1
binNumber 10000
binClassNumber 1
binClass_widthVector 200
binClass_lengthVector 200
binClass_disponibility 1000
itemClass_weight 1200 9000 3800 7200 4000 2400 200 7200 2400 2200 400 2040 2210 4420 170 3910 12920 2040 850 2040 2380 1020 5700 3990 3420 2090 9310 1140 3990 2660 760 2090 2850 5940 7560 720 3060 180 540 6480 1260 2880 2340 5040 3200 320 4480 4480 3200 1120 800 1760 1920 7680 3040 11220 510 2720 3570 340 1360 1530 680 680 4080 7310 11730 2210 2550 850 3910 5100 680 1190 2040 1530 2210 800 2400 4800 2000 3800 8000 3400 1800 3200 1400 8400 2280 2470 380 17480 760 7220 950 1140 2090 570 2660 3230 10260 760 3610 3610 380 1520 3800 1140 6460 3230 1620 2340 7200 360 13320 3060 1620 3420 1260 180 1620 430 7585 9270 2678 4557 2288 2568 4142 2070 2412 416 2717 3978 3838 1010 9752 2180 7884 3857 2150 8888 1498 4160 7733 2170 2847 2544 2704 1266 424 3798 9675 3952 3924 3960 418 3838 7416 2170 3942 217 2652 201 2532 4161 2310 3960 2070 205 2332 2717 9090 9982 2233 9284 4120 3888 8140 4161 2743 3819 1512 7236 4473 2332 3888 204 7380 2436 7245 2321 4410 2795 2821 8029 7622 1242 2255 3990
