itemNumber 200
itemClassNumber 200
itemClass_widthVector 17 16 15 14 13 12 11 10 9 8 7 19 18 17 16 15 14 13 12 11 10 9 20 19 18 17 16 15 14 13 12 11 10 17 16 15 14 13 12 11 10 9 8 7 18 17 16 15 14 13 12 11 10 9 8 19 18 17 16 15 14 13 12 11 10 9 19 18 17 16 15 14 13 12 11 10 9 19 18 17 16 15 14 13 12 11 10 9 16 15 14 13 12 11 10 9 8 7 6 20 19 18 17 16 15 14 13 12 11 10 16 15 14 13 12 11 10 9 8 7 6 9 18 19 9 15 13 10 14 9 16 11 16 17 10 16 13 13 12 19 9 12 9 12 12 16 13 19 15 10 9 11 18 12 17 15 18 10 19 17 12 14 10 10 13 12 12 11 14 14 9 15 12 16 13 11 17 15 14 16 17 12 18 14 19 12 9 17 15 12 10 12 13 10 9 17 17 9 12 17
itemClass_lengthVector 50 10 7 35 19 1 17 2 1 42 16 100 2 8 4 8 26 5 30 2 2 13 60 27 3 9 6 25 7 10 3 25 25 6 12 5 16 37 13 17 4 14 40 36 9 11 8 23 17 7 30 33 16 3 43 61 9 8 33 1 18 29 4 21 1 15 6 66 19 29 6 25 5 18 7 8 11 7 20 41 9 18 2 49 7 42 3 2 21 23 12 2 28 1 26 54 6 17 10 34 36 5 14 19 11 14 18 8 4 37 9 48 60 16 11 26 14 7 1 1 7 41 9 51 41 20 1 1 18 42 35 2 6 10 2 7 18 1 16 51 41 3 42 3 17 36 16 50 18 1 43 1 51 16 9 20 51 2 51 9 3 2 1 1 18 16 3 3 18 1 43 18 16 35 18 3 10 34 18 6 6 16 10 1 50 17 43 8 18 3 2 2 2 1 43 7 11 42 2 9
itemClass_demand 1 1 1 1 1 1 1 1 1 1 1 1 1 1 1 1 1 1 1 1 1 1 1 1 1 1 1 1 1 1 1 1 1 1 1 1 1 1 1 1 1 1 1 1 1 1 1 1 1 1 1 1 1 1 1 1 1 1 1 1 1 1 1 1 1 1 1 1 1 1 1 1 1 1 1 1 1 1 1 1 1 1 1 1 1 1 1 1 1 1 1 1 1 1 1 1 1 1 1 1 1 1 1 1 1 1 1 1 1 1 1 1 1 1 1 1 1 1 1 1 1 1 1 1 1 1 1 1 1 1 1 1 1 1 1 1 1 1 1 1 1 1 1 1 1 1 1 1 1 1 1 1 1 1 1 1 1 1 1 1 1 1 1 1 1 1 1 1 1 1 1 1 1 1 1 1 1 1 1 1 1 1 1 1 1 1 1 1 1 1 1 1 1 1 1 1 1 1 1 1
binNumber 10000
binClassNumber 1
binClass_widthVector 200
binClass_lengthVector 200
binClass_disponibility 1000
itemClass_weight 8500 1700 1190 5950 3230 170 2890 340 170 7140 2720 19000 380 1520 760 1520 4940 950 5700 380 380 2470 12000 5400 600 1800 1200 5000 1400 2000 600 5000 5000 1020 2040 850 2720 6290 2210 2890 680 2380 6800 6120 1620 1980 1440 4140 3060 1260 5400 5940 2880 540 7740 11590 1710 1520 6270 190 3420 5510 760 3990 190 2850 1140 12540 3610 5510 1140 4750 950 3420 1330 1520 2090 1330 3800 7790 1710 3420 380 9310 1330 7980 570 380 3360 3680 1920 320 4480 160 4160 8640 960 2720 1600 6800 7200 1000 2800 3800 2200 2800 3600 1600 800 7400 1440 7680 9600 2560 1760 4160 2240 1120 160 160 1120 7626 1602 8772 7175 3440 174 178 3348 7518 6020 344 1032 1730 362 1274 3240 181 3008 8823 7462 516 7644 552 3026 6228 2800 9400 3132 181 7353 183 8874 2896 1674 3460 8874 376 8976 1602 537 364 183 176 3150 2784 561 525 3366 184 7611 3348 2912 6125 3186 558 1850 6018 3222 1074 1056 2784 1720 171 9200 3009 7869 1392 3132 522 364 348 372 180 7525 1218 1991 7392 352 1692
