itemNumber 600
itemClassNumber 600
itemClass_widthVector 30 29 28 27 26 25 24 23 22 21 20 19 18 17 16 15 14 13 35 34 33 32 31 30 29 28 27 26 25 24 23 22 21 20 19 18 37 36 35 34 33 32 31 30 29 28 27 26 25 24 23 22 21 20 30 29 28 27 26 25 24 23 22 21 20 19 18 17 16 15 14 13 33 32 31 30 29 28 27 26 25 24 23 22 21 20 19 18 17 16 36 35 34 33 32 31 30 29 28 27 26 25 24 23 22 21 20 19 37 36 35 34 33 32 31 30 29 28 27 26 25 24 23 22 21 20 34 33 32 31 30 29 28 27 26 25 24 23 22 21 20 19 18 17 31 30 29 28 27 26 25 24 23 22 21 20 19 18 17 16 15 14 30 29 28 27 26 25 24 23 22 21 20 19 18 17 16 15 14 13 37 36 35 34 33 32 31 30 29 28 27 26 25 24 23 22 21 20 34 33 32 31 30 29 28 27 26 25 24 23 22 21 20 19 18 17 31 30 29 28 27 26 25 24 23 22 21 20 19 18 17 16 15 14 33 32 31 30 29 28 27 26 25 24 23 22 21 20 19 18 17 16 35 34 33 32 31 30 29 28 27 26 25 24 23 22 21 20 19 18 30 29 28 27 26 25 24 23 22 21 20 19 18 17 16 15 14 13 35 34 33 32 31 30 29 28 27 26 25 24 23 22 21 20 19 18 32 31 30 29 28 27 26 25 24 23 22 21 20 19 18 17 16 15 26 29 23 31 27 26 25 26 20 27 32 26 19 16 16 17 17 15 32 24 23 29 27 31 19 27 17 23 27 15 18 24 20 21 24 20 24 18 23 27 21 23 27 28 29 21 23 20 26 26 24 23 31 17 33 16 19 21 23 28 22 27 29 21 31 29 15 17 23 27 34 18 27 27 16 26 30 27 25 16 17 27 26 24 16 27 28 23 30 21 30 26 25 31 31 16 23 32 31 20 23 22 20 21 22 15 20 32 33 20 17 27 21 28 20 24 18 19 31 28 30 18 19 31 27 31 31 22 18 21 30 24 29 24 16 26 28 19 15 24 31 15 29 31 24 18 28 31 24 20 27 24 20 18 19 16 30 16 26 30 26 20 31 29 29 28 28 29 30 31 17 28 21 27 19 18 18 24 19 29 20 20 25 24 31 22 33 24 25 29 28 20 20 18 20 30 16 16 20 30 24 24 18 30 29 23 34 25 28 31 18 33 16 27 29 22 30 26 32 24 23 18 24 31 17 28 31 30 26 18 18 23 25 28 32 23 16 29 34 25 15 27 18 18 23 29 20 27 20 32 30 28 23 18 17 16 23 29 22 22 17 16 30 19 19 23 32 19 19 20 26 23 28 20 17 16
itemClass_lengthVector 5 41 91 42 63 4 23 22 20 53 8 13 6 41 19 17 129 3 74 9 16 17 38 17 25 113 49 26 10 31 19 9 4 90 34 19 82 81 85 1 20 10 49 12 60 15 44 36 13 4 21 5 59 3 52 43 17 31 13 110 71 15 7 75 13 11 7 5 27 17 19 67 82 17 46 42 10 3 13 103 43 11 41 23 3 22 16 60 34 31 199 71 14 6 12 48 8 57 20 18 5 20 11 6 17 7 1 80 17 38 21 22 98 1 10 19 90 32 54 30 18 120 14 2 3 11 62 38 50 30 20 152 11 35 36 10 9 3 7 7 13 43 47 27 39 5 36 87 6 5 3 19 137 17 52 10 15 9 40 24 92 4 27 45 5 23 3 91 30 11 60 69 45 77 37 21 28 19 6 3 6 9 14 3 25 13 57 1 1 54 212 1 33 16 114 6 34 1 4 10 67 13 14 16 21 13 23 79 25 10 21 27 129 66 12 50 29 16 100 13 1 12 9 4 163 52 14 50 12 1 5 21 17 81 11 24 35 23 13 24 1 51 45 92 56 1 63 7 21 23 90 20 6 55 98 16 9 29 41 12 41 35 8 15 11 18 33 39 31 103 24 64 31 108 40 137 13 15 23 15 19 6 10 28 31 18 3 15 28 2 4 26 105 4 4 28 28 86 7 61 48 48 65 11 24 21 58 52 8 184 2 24 9 22 10 68 3 8 37 9 4 30 38 34 21 91 20 90 4 24 22 23 13 24 42 3 7 128 18 16 20 130 40 19 8 63 64 5 7 63 18 9 64 128 20 54 13 8 21 14 21 19 19 3 13 7 62 5 62 13 19 12 22 23 52 8 41 17 5 16 41 7 20 3 54 24 41 8 42 62 128 18 52 3 5 42 5 24 17 22 42 62 19 17 19 22 24 52 17 63 4 52 41 14 43 3 23 40 41 130 20 5 91 13 9 53 13 12 54 129 12 5 6 7 19 63 14 42 7 52 40 7 40 43 42 40 41 6 24 91 91 54 18 8 41 19 64 54 130 23 42 7 130 21 42 130 41 40 53 40 5 90 20 14 64 20 7 41 5 17 41 18 23 43 5 14 42 64 92 41 3 91 41 40 18 41 12 24 40 20 18 21 41 91 12 7 21 20 92 9 6 22 22 42 42 7 6 42 13 42 128 18 5 41 20 23 41 92 42 7 6 20 62 42 20 6 130 24 90 8 42 5 42 19 54 18 20 90 17 4 40 42 24 42 40 20 23 5 42 8 16 90 4 21 129 4 19 18 21 62 12 64 5 42 40 3 7 40 17 129 8 90 52 7 19 16 42 42 6 53 41 5 6 5 4 8 42 6 19 128
itemClass_demand 1 1 1 1 1 1 1 1 1 1 1 1 1 1 1 1 1 1 1 1 1 1 1 1 1 1 1 1 1 1 1 1 1 1 1 1 1 1 1 1 1 1 1 1 1 1 1 1 1 1 1 1 1 1 1 1 1 1 1 1 1 1 1 1 1 1 1 1 1 1 1 1 1 1 1 1 1 1 1 1 1 1 1 1 1 1 1 1 1 1 1 1 1 1 1 1 1 1 1 1 1 1 1 1 1 1 1 1 1 1 1 1 1 1 1 1 1 1 1 1 1 1 1 1 1 1 1 1 1 1 1 1 1 1 1 1 1 1 1 1 1 1 1 1 1 1 1 1 1 1 1 1 1 1 1 1 1 1 1 1 1 1 1 1 1 1 1 1 1 1 1 1 1 1 1 1 1 1 1 1 1 1 1 1 1 1 1 1 1 1 1 1 1 1 1 1 1 1 1 1 1 1 1 1 1 1 1 1 1 1 1 1 1 1 1 1 1 1 1 1 1 1 1 1 1 1 1 1 1 1 1 1 1 1 1 1 1 1 1 1 1 1 1 1 1 1 1 1 1 1 1 1 1 1 1 1 1 1 1 1 1 1 1 1 1 1 1 1 1 1 1 1 1 1 1 1 1 1 1 1 1 1 1 1 1 1 1 1 1 1 1 1 1 1 1 1 1 1 1 1 1 1 1 1 1 1 1 1 1 1 1 1 1 1 1 1 1 1 1 1 1 1 1 1 1 1 1 1 1 1 1 1 1 1 1 1 1 1 1 1 1 1 1 1 1 1 1 1 1 1 1 1 1 1 1 1 1 1 1 1 1 1 1 1 1 1 1 1 1 1 1 1 1 1 1 1 1 1 1 1 1 1 1 1 1 1 1 1 1 1 1 1 1 1 1 1 1 1 1 1 1 1 1 1 1 1 1 1 1 1 1 1 1 1 1 1 1 1 1 1 1 1 1 1 1 1 1 1 1 1 1 1 1 1 1 1 1 1 1 1 1 1 1 1 1 1 1 1 1 1 1 1 1 1 1 1 1 1 1 1 1 1 1 1 1 1 1 1 1 1 1 1 1 1 1 1 1 1 1 1 1 1 1 1 1 1 1 1 1 1 1 1 1 1 1 1 1 1 1 1 1 1 1 1 1 1 1 1 1 1 1 1 1 1 1 1 1 1 1 1 1 1 1 1 1 1 1 1 1 1 1 1 1 1 1 1 1 1 1 1 1 1 1 1 1 1 1 1 1 1 1 1 1 1 1 1 1 1 1 1 1 1 1 1 1 1 1 1 1 1 1 1 1 1 1 1 1 1 1 1 1 1 1 1 1 1 1 1 1 1 1 1 1 1 1 1 1 1 1 1
binNumber 10000
binClassNumber 1
binClass_widthVector 600
binClass_lengthVector 600
binClass_disponibility 1000
itemClass_weight 1500 12300 27300 12600 18900 1200 6900 6600 6000 15900 2400 3900 1800 12300 5700 5100 38700 900 25900 3150 5600 5950 13300 5950 8750 39550 17150 9100 3500 10850 6650 3150 1400 31500 11900 6650 30340 29970 31450 370 7400 3700 18130 4440 22200 5550 16280 13320 4810 1480 7770 1850 21830 1110 15600 12900 5100 9300 3900 33000 21300 4500 2100 22500 3900 3300 2100 1500 8100 5100 5700 20100 27060 5610 15180 13860 3300 990 4290 33990 14190 3630 13530 7590 990 7260 5280 19800 11220 10230 71640 25560 5040 2160 4320 17280 2880 20520 7200 6480 1800 7200 3960 2160 6120 2520 360 28800 6290 14060 7770 8140 36260 370 3700 7030 33300 11840 19980 11100 6660 44400 5180 740 1110 4070 21080 12920 17000 10200 6800 51680 3740 11900 12240 3400 3060 1020 2380 2380 4420 14620 15980 9180 12090 1550 11160 26970 1860 1550 930 5890 42470 5270 16120 3100 4650 2790 12400 7440 28520 1240 8100 13500 1500 6900 900 27300 9000 3300 18000 20700 13500 23100 11100 6300 8400 5700 1800 900 2220 3330 5180 1110 9250 4810 21090 370 370 19980 78440 370 12210 5920 42180 2220 12580 370 1360 3400 22780 4420 4760 5440 7140 4420 7820 26860 8500 3400 7140 9180 43860 22440 4080 17000 8990 4960 31000 4030 310 3720 2790 1240 50530 16120 4340 15500 3720 310 1550 6510 5270 25110 3630 7920 11550 7590 4290 7920 330 16830 14850 30360 18480 330 20790 2310 6930 7590 29700 6600 2100 19250 34300 5600 3150 10150 14350 4200 14350 12250 2800 5250 3850 6300 11550 13650 10850 36050 7200 19200 9300 32400 12000 41100 3900 4500 6900 4500 5700 1800 3000 8400 9300 5400 900 4500 9800 700 1400 9100 36750 1400 1400 9800 9800 30100 2450 21350 16800 16800 22750 3850 8400 7350 18560 16640 2560 58880 640 7680 2880 7040 3200 21760 960 2560 11840 2880 1280 9600 12160 10880 6888 28938 6500 27540 1316 7752 6754 7544 4225 7872 13314 972 2240 39808 5868 5008 6280 40040 12120 6156 2496 20223 21120 1650 2142 19908 5454 2781 20160 38656 6360 17226 4095 2632 6741 4634 6531 5814 6270 975 3978 2247 20150 1650 19220 4030 6099 3888 7084 7107 16328 2584 12956 5610 1645 5008 12464 2128 6120 954 16794 7752 12341 2520 13398 19220 39040 5958 17212 963 1645 12642 1565 7680 5287 7216 13692 19034 5757 5559 6099 7018 7224 16952 5559 19530 1264 16120 12423 4228 14233 978 7567 13120 12751 40690 6360 1590 29393 3926 2835 16218 4212 3624 17874 41796 3828 1560 1908 2240 6270 19656 4396 12936 2254 16744 12320 2142 12480 13932 12642 12720 12464 1968 7704 28119 27664 16632 5796 2512 12874 6251 20800 17334 42770 7429 12852 2135 40170 6846 13146 42250 12710 12440 16854 13200 1535 27450 6340 4508 20032 6380 2184 12751 1625 5593 12382 5454 7429 13803 1600 4522 12936 20160 29072 13161 924 27664 13325 13080 5832 13571 3732 7368 13080 6440 5418 6384 12874 29848 3636 2142 6867 6340 28428 2772 1968 6622 6622 13272 13398 2128 1968 13608 4121 13398 38912 5922 1655 13243 6560 7222 12833 27968 13062 2114 1926 6180 19220 13734 6320 1830 39780 7320 28440 2488 13776 1610 13776 6080 16470 5832 6540 28080 5321 1232 13040 12684 7584 13230 13000 6480 7222 1620 12894 2504 5280 27720 1244 6615 41925 1284 5947 5796 6405 20026 3612 21184 1530 13272 12720 939 2275 13000 5355 40764 2496 29430 16120 2135 5966 5088 12936 13608 1890 17225 12382 1505 1836 1585 1316 2640 13482 1902 5852 41600
