itemNumber 60
itemClassNumber 60
itemClass_widthVector 9 8 7 6 5 4 8 7 6 5 4 3 10 9 8 7 6 5 12 11 10 9 8 7 10 9 8 7 6 5 11 10 9 8 7 6 7 9 7 7 10 10 6 7 10 8 6 9 8 6 9 10 9 9 8 6 9 10 7 8
itemClass_lengthVector 7 3 7 21 1 21 2 18 17 3 18 2 5 2 40 5 4 4 20 13 4 6 16 1 7 2 4 19 9 19 24 4 4 1 20 7 21 3 21 21 6 7 1 22 6 7 1 2 8 2 3 7 3 3 8 1 2 8 22 7
itemClass_demand 1 1 1 1 1 1 1 1 1 1 1 1 1 1 1 1 1 1 1 1 1 1 1 1 1 1 1 1 1 1 1 1 1 1 1 1 1 1 1 1 1 1 1 1 1 1 1 1 1 1 1 1 1 1 1 1 1 1 1 1
binNumber 10000
binClassNumber 1
binClass_widthVector 60
binClass_lengthVector 60
binClass_disponibility 1000
itemClass_weight 630 270 630 1890 90 1890 160 1440 1360 240 1440 160 500 200 4000 500 400 400 2400 1560 480 720 1920 120 700 200 400 1900 900 1900 2640 440 440 110 2200 770 1995 294 2058 1911 582 686 93 2024 582 658 97 200 800 190 273 644 297 297 792 91 196 760 2112 686
