itemNumber 100
itemClassNumber 100
itemClass_widthVector 11 10 9 8 7 6 5 4 14 13 12 11 10 9 8 7 13 12 11 10 9 8 7 6 12 11 10 9 8 7 6 5 11 10 9 8 7 6 5 4 12 11 10 9 8 7 6 5 14 13 12 11 10 9 8 7 13 12 11 10 9 8 7 6 9 10 9 7 6 13 11 7 6 11 6 9 10 10 7 7 12 8 8 9 12 6 10 10 13 10 10 6 7 10 6 12 8 9 12 8
itemClass_lengthVector 3 23 9 6 22 31 5 1 13 20 14 6 4 33 7 3 4 61 1 8 8 1 7 10 15 11 9 5 38 7 8 7 3 37 3 29 8 3 3 14 13 19 19 4 2 20 19 4 11 14 10 18 35 3 5 4 25 8 10 10 5 7 2 33 6 10 7 31 4 4 22 31 6 23 6 5 8 8 30 31 4 21 23 6 22 5 9 9 4 9 8 6 30 8 4 2 21 7 3 23
itemClass_demand 1 1 1 1 1 1 1 1 1 1 1 1 1 1 1 1 1 1 1 1 1 1 1 1 1 1 1 1 1 1 1 1 1 1 1 1 1 1 1 1 1 1 1 1 1 1 1 1 1 1 1 1 1 1 1 1 1 1 1 1 1 1 1 1 1 1 1 1 1 1 1 1 1 1 1 1 1 1 1 1 1 1 1 1 1 1 1 1 1 1 1 1 1 1 1 1 1 1 1 1
binNumber 10000
binClassNumber 1
binClass_widthVector 100
binClass_lengthVector 100
binClass_disponibility 1000
itemClass_weight 330 2530 990 660 2420 3410 550 110 1820 2800 1960 840 560 4620 980 420 520 7930 130 1040 1040 130 910 1300 1800 1320 1080 600 4560 840 960 840 330 4070 330 3190 880 330 330 1540 1560 2280 2280 480 240 2400 2280 480 1540 1960 1400 2520 4900 420 700 560 3250 1040 1300 1300 650 910 260 4290 696 1200 812 3782 476 444 2662 3658 684 2691 672 580 960 968 3330 3782 488 2373 2783 726 2596 595 1035 999 460 1062 912 714 3480 976 464 234 2562 791 339 2599
