itemNumber 60
itemClassNumber 60
itemClass_widthVector 10 9 8 7 6 5 8 7 6 5 4 3 11 10 9 8 7 6 8 7 6 5 4 3 12 11 10 9 8 7 11 10 9 8 7 6 7 8 7 11 7 10 10 7 9 7 12 7 9 7 7 10 7 11 11 11 9 9 9 9
itemClass_lengthVector 14 11 6 11 9 9 18 11 16 2 5 8 1 24 10 7 15 3 15 8 13 8 5 11 8 11 22 6 9 4 3 23 7 5 17 5 10 12 9 14 10 10 12 9 7 8 14 8 6 10 8 12 9 13 14 15 5 7 7 6
itemClass_demand 1 1 1 1 1 1 1 1 1 1 1 1 1 1 1 1 1 1 1 1 1 1 1 1 1 1 1 1 1 1 1 1 1 1 1 1 1 1 1 1 1 1 1 1 1 1 1 1 1 1 1 1 1 1 1 1 1 1 1 1
binNumber 10000
binClassNumber 1
binClass_widthVector 60
binClass_lengthVector 60
binClass_disponibility 1000
itemClass_weight 1400 1100 600 1100 900 900 1440 880 1280 160 400 640 110 2640 1100 770 1650 330 1200 640 1040 640 400 880 960 1320 2640 720 1080 480 330 2530 770 550 1870 550 1020 1236 972 1470 1110 1010 1284 972 749 856 1540 864 606 1080 888 1224 999 1404 1470 1590 515 777 756 612
