itemNumber 150
itemClassNumber 150
itemClass_widthVector 16 15 14 13 12 11 10 9 8 17 16 15 14 13 12 11 10 9 15 14 13 12 11 10 9 8 7 19 18 17 16 15 14 13 12 11 19 18 17 16 15 14 13 12 11 16 15 14 13 12 11 10 9 8 15 14 13 12 11 10 9 8 7 18 17 16 15 14 13 12 11 10 15 14 13 12 11 10 9 8 7 13 15 13 11 13 13 10 15 16 17 14 12 12 17 17 14 12 13 14 12 17 16 12 11 13 14 13 17 17 16 13 10 10 14 17 15 15 14 11 10 14 14 14 10 13 16 15 16 13 10 15 13 15 14 13 15 12 12 17 18 16 17 15 11 18 13 17 12 14
itemClass_lengthVector 13 33 14 9 13 29 31 6 2 37 11 19 5 8 6 15 31 18 7 41 31 17 6 3 28 12 5 2 13 10 26 11 41 1 28 18 10 7 9 9 14 3 62 24 12 17 12 6 32 6 18 31 13 15 11 9 11 15 3 7 13 22 59 10 21 16 14 28 8 7 31 15 17 12 12 5 14 4 5 76 5 12 9 29 32 29 13 7 9 33 32 8 30 28 14 32 13 29 30 8 29 32 13 31 31 28 8 14 13 34 15 28 6 7 9 32 10 13 10 31 7 8 14 10 6 29 13 15 13 12 6 15 13 13 14 30 15 28 32 32 14 15 32 14 31 13 12 32 29 8
itemClass_demand 1 1 1 1 1 1 1 1 1 1 1 1 1 1 1 1 1 1 1 1 1 1 1 1 1 1 1 1 1 1 1 1 1 1 1 1 1 1 1 1 1 1 1 1 1 1 1 1 1 1 1 1 1 1 1 1 1 1 1 1 1 1 1 1 1 1 1 1 1 1 1 1 1 1 1 1 1 1 1 1 1 1 1 1 1 1 1 1 1 1 1 1 1 1 1 1 1 1 1 1 1 1 1 1 1 1 1 1 1 1 1 1 1 1 1 1 1 1 1 1 1 1 1 1 1 1 1 1 1 1 1 1 1 1 1 1 1 1 1 1 1 1 1 1 1 1 1 1 1 1
binNumber 10000
binClassNumber 1
binClass_widthVector 150
binClass_lengthVector 150
binClass_disponibility 1000
itemClass_weight 2080 5280 2240 1440 2080 4640 4960 960 320 6290 1870 3230 850 1360 1020 2550 5270 3060 1050 6150 4650 2550 900 450 4200 1800 750 380 2470 1900 4940 2090 7790 190 5320 3420 1900 1330 1710 1710 2660 570 11780 4560 2280 2720 1920 960 5120 960 2880 4960 2080 2400 1650 1350 1650 2250 450 1050 1950 3300 8850 1800 3780 2880 2520 5040 1440 1260 5580 2700 2550 1800 1800 750 2100 600 750 11400 750 2100 1485 4669 5312 4843 2236 1155 1539 5478 5472 1336 5310 4956 2296 5664 2301 4872 4830 1312 4959 5472 2210 5115 5208 4732 1344 2450 2145 5814 2445 4620 1038 1204 1467 5216 1690 2210 1710 5363 1183 1416 2268 1720 1008 4785 2132 2595 2301 1992 1056 2460 2288 2301 2450 5040 2460 4956 5568 5408 2366 2595 5216 2450 5332 2171 2040 5344 5075 1288
