itemNumber 160
itemClassNumber 160
itemClass_widthVector 18 17 16 15 14 13 12 11 10 18 17 16 15 14 13 12 11 10 20 19 18 17 16 15 14 13 12 18 17 16 15 14 13 12 11 10 17 16 15 14 13 12 11 10 9 17 16 15 14 13 12 11 10 9 17 16 15 14 13 12 11 10 9 17 16 15 14 13 12 11 10 9 18 17 16 15 14 13 12 11 10 17 18 14 16 13 16 14 19 15 15 13 16 14 15 12 18 14 16 14 17 16 12 18 13 17 19 19 14 14 15 14 13 14 18 16 18 18 17 18 15 18 13 14 12 16 16 14 19 20 13 19 17 20 18 17 15 13 14 15 17 20 16 14 13 17 13 13 20 18 16 12 14 18 19 15 19 17 13 18
itemClass_lengthVector 8 46 46 3 14 1 7 5 30 17 8 5 37 31 1 23 37 1 10 7 21 12 76 13 10 7 4 39 12 22 7 12 35 2 7 24 9 36 21 11 20 5 5 2 51 36 8 16 28 17 7 33 1 14 28 11 1 53 32 5 4 1 25 1 8 7 38 30 10 34 31 1 28 4 8 58 18 6 6 21 11 2 45 1 4 8 15 1 47 2 15 5 13 8 2 6 45 6 15 6 4 4 4 47 6 4 46 45 1 1 1 1 6 6 47 13 45 45 4 45 1 45 6 8 5 15 14 6 46 8 8 7 46 9 46 47 2 7 1 1 46 8 14 7 6 47 5 6 7 47 2 6 1 47 7 1 9 3 8 47
itemClass_demand 1 1 1 1 1 1 1 1 1 1 1 1 1 1 1 1 1 1 1 1 1 1 1 1 1 1 1 1 1 1 1 1 1 1 1 1 1 1 1 1 1 1 1 1 1 1 1 1 1 1 1 1 1 1 1 1 1 1 1 1 1 1 1 1 1 1 1 1 1 1 1 1 1 1 1 1 1 1 1 1 1 1 1 1 1 1 1 1 1 1 1 1 1 1 1 1 1 1 1 1 1 1 1 1 1 1 1 1 1 1 1 1 1 1 1 1 1 1 1 1 1 1 1 1 1 1 1 1 1 1 1 1 1 1 1 1 1 1 1 1 1 1 1 1 1 1 1 1 1 1 1 1 1 1 1 1 1 1 1 1
binNumber 10000
binClassNumber 1
binClass_widthVector 160
binClass_lengthVector 160
binClass_disponibility 1000
itemClass_weight 1440 8280 8280 540 2520 180 1260 900 5400 3060 1440 900 6660 5580 180 4140 6660 180 2000 1400 4200 2400 15200 2600 2000 1400 800 7020 2160 3960 1260 2160 6300 360 1260 4320 1530 6120 3570 1870 3400 850 850 340 8670 6120 1360 2720 4760 2890 1190 5610 170 2380 4760 1870 170 9010 5440 850 680 170 4250 170 1360 1190 6460 5100 1700 5780 5270 170 5040 720 1440 10440 3240 1080 1080 3780 1980 368 8145 197 764 1448 2745 190 9024 384 2805 995 2509 1592 374 1134 8505 1140 2835 1128 752 768 772 9353 1086 732 8740 8235 185 182 192 192 1134 1098 8601 2431 8910 8550 736 8460 186 8190 1164 1592 950 2775 2618 1176 8372 1536 1480 1365 8832 1728 9016 9212 384 1295 188 196 8694 1592 2660 1281 1146 9024 995 1110 1309 8883 364 1146 181 8930 1337 188 1773 552 1464 9118
