itemNumber 90
itemClassNumber 90
itemClass_widthVector 13 12 11 10 9 8 7 12 11 10 9 8 7 6 12 11 10 9 8 7 6 14 13 12 11 10 9 8 13 12 11 10 9 8 7 13 12 11 10 9 8 7 13 12 11 10 9 8 7 11 12 11 14 10 14 12 14 9 13 10 12 14 13 10 10 13 15 9 12 12 10 10 14 15 12 13 13 9 12 13 13 13 14 10 12 12 15 9 10 14
itemClass_lengthVector 17 8 10 11 11 11 22 3 43 8 2 10 15 9 37 4 7 25 1 11 5 23 3 16 25 2 18 3 14 23 6 5 22 6 14 19 12 12 21 6 6 14 2 1 18 8 22 37 2 10 10 11 18 12 17 11 9 12 10 12 9 8 9 12 11 9 16 10 12 12 12 11 7 18 11 10 8 11 11 8 9 11 17 12 10 11 16 11 12 18
itemClass_demand 1 1 1 1 1 1 1 1 1 1 1 1 1 1 1 1 1 1 1 1 1 1 1 1 1 1 1 1 1 1 1 1 1 1 1 1 1 1 1 1 1 1 1 1 1 1 1 1 1 1 1 1 1 1 1 1 1 1 1 1 1 1 1 1 1 1 1 1 1 1 1 1 1 1 1 1 1 1 1 1 1 1 1 1 1 1 1 1 1 1
binNumber 10000
binClassNumber 1
binClass_widthVector 90
binClass_lengthVector 90
binClass_disponibility 1000
itemClass_weight 2210 1040 1300 1430 1430 1430 2860 360 5160 960 240 1200 1800 1080 4440 480 840 3000 120 1320 600 3197 417 2224 3475 278 2502 417 1820 2990 780 650 2860 780 1820 2470 1560 1560 2730 780 780 1820 260 130 2340 1040 2860 4810 260 1320 1430 1452 2556 1620 2227 1584 1188 1668 1350 1728 1269 1072 1224 1608 1562 1233 2144 1410 1584 1656 1668 1452 959 2520 1507 1360 1096 1529 1507 1112 1188 1441 2278 1572 1340 1540 2240 1452 1572 2358
