itemNumber 90
itemClassNumber 90
itemClass_widthVector 12 11 10 9 8 7 6 13 12 11 10 9 8 7 14 13 12 11 10 9 8 13 12 11 10 9 8 7 13 12 11 10 9 8 7 13 12 11 10 9 8 7 12 11 10 9 8 7 6 8 10 8 9 14 8 9 12 13 14 9 13 12 12 11 11 8 9 10 12 12 13 14 9 8 11 12 9 11 8 14 13 12 8 13 14 8 10 13 14 14
itemClass_lengthVector 24 14 24 1 1 17 9 22 4 5 16 18 9 16 29 16 7 17 5 2 14 21 4 2 37 17 7 2 12 32 17 8 1 15 5 12 15 19 24 11 2 7 17 7 11 15 1 3 36 18 1 18 2 23 17 1 13 14 23 2 13 15 23 24 24 17 2 2 24 14 15 24 1 16 23 25 1 24 16 24 25 13 17 15 25 18 1 15 25 25
itemClass_demand 1 1 1 1 1 1 1 1 1 1 1 1 1 1 1 1 1 1 1 1 1 1 1 1 1 1 1 1 1 1 1 1 1 1 1 1 1 1 1 1 1 1 1 1 1 1 1 1 1 1 1 1 1 1 1 1 1 1 1 1 1 1 1 1 1 1 1 1 1 1 1 1 1 1 1 1 1 1 1 1 1 1 1 1 1 1 1 1 1 1
binNumber 10000
binClassNumber 1
binClass_widthVector 90
binClass_lengthVector 90
binClass_disponibility 1000
itemClass_weight 2880 1680 2880 120 120 2040 1080 2860 520 650 2080 2340 1170 2080 4031 2224 973 2363 695 278 1946 2730 520 260 4810 2210 910 260 1560 4160 2210 1040 130 1950 650 1560 1950 2470 3120 1430 260 910 2040 840 1320 1800 120 360 4320 2340 130 2178 258 2921 2210 133 1729 1792 3059 258 1586 1845 2806 3120 3048 2244 250 260 2928 1764 1830 3192 124 2128 2852 3225 131 3096 1936 3168 3125 1716 2091 1875 3275 2250 130 1920 3225 3125
