itemNumber 400
itemClassNumber 400
itemClass_widthVector 26 25 24 23 22 21 20 19 18 17 16 15 14 13 12 27 26 25 24 23 22 21 20 19 18 17 16 15 14 13 26 25 24 23 22 21 20 19 18 17 16 15 14 13 12 26 25 24 23 22 21 20 19 18 17 16 15 14 13 12 27 26 25 24 23 22 21 20 19 18 17 16 15 14 13 25 24 23 22 21 20 19 18 17 16 15 14 13 12 11 26 25 24 23 22 21 20 19 18 17 16 15 14 13 12 24 23 22 21 20 19 18 17 16 15 14 13 12 11 10 27 26 25 24 23 22 21 20 19 18 17 16 15 14 13 29 28 27 26 25 24 23 22 21 20 19 18 17 16 15 29 28 27 26 25 24 23 22 21 20 19 18 17 16 15 29 28 27 26 25 24 23 22 21 20 19 18 17 16 15 26 25 24 23 22 21 20 19 18 17 16 15 14 13 12 24 23 22 21 20 19 18 17 16 15 14 13 12 11 10 29 28 27 26 25 24 23 22 21 20 19 18 17 16 15 16 25 25 20 21 23 18 15 25 18 18 25 21 25 15 19 24 25 23 21 23 22 24 23 25 28 18 27 16 18 17 24 18 26 15 17 26 17 28 25 27 18 17 15 17 27 23 22 15 21 19 29 21 15 15 28 16 28 23 19 21 23 24 26 26 21 17 23 20 28 23 28 15 20 16 22 19 15 21 16 15 20 28 27 15 22 15 23 22 25 26 23 21 26 23 23 20 17 28 16 22 22 21 27 19 15 27 25 25 27 19 22 14 27 18 20 23 15 14 19 14 24 18 14 24 18 21 22 19 25 18 19 19 21 22 26 17 20 24 26 20 16 17 18 18 27 14 15 20 29 24 24 18 16 26 19 19 25 24 19 19 25 15 16 16 17 24 23 22 27 18 14 20 25 26
itemClass_lengthVector 6 5 1 61 40 1 16 22 3 4 13 137 33 39 19 4 19 20 37 41 24 6 5 3 33 59 17 21 8 103 12 5 6 51 45 71 15 3 69 33 23 3 2 25 37 6 48 6 16 3 13 31 3 5 139 29 28 2 27 44 53 3 3 1 13 38 35 51 8 8 10 11 24 66 76 40 24 60 28 4 1 85 8 6 18 20 36 48 7 15 1 6 27 64 10 7 30 42 14 6 26 91 41 3 32 12 36 8 14 19 9 81 57 6 5 51 68 2 16 16 17 5 19 37 1 2 25 76 32 80 54 24 14 10 4 23 6 80 66 22 11 3 1 53 19 20 39 32 21 4 1 13 13 34 25 14 51 60 88 4 12 26 2 34 23 39 95 22 2 4 32 34 17 45 32 11 2 23 14 28 6 50 24 35 22 26 10 37 5 78 11 77 11 2 6 2 10 22 21 6 1 38 30 54 31 38 2 97 11 37 15 32 27 31 31 13 24 39 8 105 6 28 30 3 8 136 1 61 21 22 1 12 38 1 5 3 61 21 40 32 3 40 60 41 17 41 1 1 1 39 4 5 1 138 3 138 60 4 62 40 14 4 12 6 39 1 14 138 38 136 5 1 17 34 17 4 7 23 33 34 4 33 5 40 3 16 1 1 61 60 22 13 16 21 5 16 6 33 3 32 15 4 39 22 34 33 3 5 6 39 1 39 1 1 61 6 16 22 61 16 40 23 14 7 136 1 17 21 7 4 38 4 1 41 5 2 15 40 5 5 22 1 32 40 4 38 41 4 40 60 5 22 16 4 62 13 4 2 23 2 1 13 22 41 1 21 32 13 12 12 2 40 32 22 5 39 39 4 137 60 2 5 41 62 4 3 2 40 138 32 137 2 16 2 5 12 38 2 60 6
itemClass_demand 1 1 1 1 1 1 1 1 1 1 1 1 1 1 1 1 1 1 1 1 1 1 1 1 1 1 1 1 1 1 1 1 1 1 1 1 1 1 1 1 1 1 1 1 1 1 1 1 1 1 1 1 1 1 1 1 1 1 1 1 1 1 1 1 1 1 1 1 1 1 1 1 1 1 1 1 1 1 1 1 1 1 1 1 1 1 1 1 1 1 1 1 1 1 1 1 1 1 1 1 1 1 1 1 1 1 1 1 1 1 1 1 1 1 1 1 1 1 1 1 1 1 1 1 1 1 1 1 1 1 1 1 1 1 1 1 1 1 1 1 1 1 1 1 1 1 1 1 1 1 1 1 1 1 1 1 1 1 1 1 1 1 1 1 1 1 1 1 1 1 1 1 1 1 1 1 1 1 1 1 1 1 1 1 1 1 1 1 1 1 1 1 1 1 1 1 1 1 1 1 1 1 1 1 1 1 1 1 1 1 1 1 1 1 1 1 1 1 1 1 1 1 1 1 1 1 1 1 1 1 1 1 1 1 1 1 1 1 1 1 1 1 1 1 1 1 1 1 1 1 1 1 1 1 1 1 1 1 1 1 1 1 1 1 1 1 1 1 1 1 1 1 1 1 1 1 1 1 1 1 1 1 1 1 1 1 1 1 1 1 1 1 1 1 1 1 1 1 1 1 1 1 1 1 1 1 1 1 1 1 1 1 1 1 1 1 1 1 1 1 1 1 1 1 1 1 1 1 1 1 1 1 1 1 1 1 1 1 1 1 1 1 1 1 1 1 1 1 1 1 1 1 1 1 1 1 1 1 1 1 1 1 1 1 1 1 1 1 1 1 1 1 1 1 1 1 1 1 1 1 1 1 1 1 1 1 1 1 1 1 1 1 1 1 1 1 1 1 1 1
binNumber 10000
binClassNumber 1
binClass_widthVector 400
binClass_lengthVector 400
binClass_disponibility 1000
itemClass_weight 1560 1300 260 15860 10400 260 4160 5720 780 1040 3380 35620 8580 10140 4940 1080 5130 5400 9990 11070 6480 1620 1350 810 8910 15930 4590 5670 2160 27810 3120 1300 1560 13260 11700 18460 3900 780 17940 8580 5980 780 520 6500 9620 1560 12480 1560 4160 780 3380 8060 780 1300 36140 7540 7280 520 7020 11440 14310 810 810 270 3510 10260 9450 13770 2160 2160 2700 2970 6480 17820 20520 10000 6000 15000 7000 1000 250 21250 2000 1500 4500 5000 9000 12000 1750 3750 260 1560 7020 16640 2600 1820 7800 10920 3640 1560 6760 23660 10660 780 8320 2880 8640 1920 3360 4560 2160 19440 13680 1440 1200 12240 16320 480 3840 3840 4590 1350 5130 9990 270 540 6750 20520 8640 21600 14580 6480 3780 2700 1080 6670 1740 23200 19140 6380 3190 870 290 15370 5510 5800 11310 9280 6090 1160 290 3770 3770 9860 7250 4060 14790 17400 25520 1160 3480 7540 580 9860 6670 11310 27550 6380 580 1160 9280 9860 4930 13050 9280 3190 580 6670 4060 8120 1560 13000 6240 9100 5720 6760 2600 9620 1300 20280 2860 20020 2860 520 1560 480 2400 5280 5040 1440 240 9120 7200 12960 7440 9120 480 23280 2640 8880 4350 9280 7830 8990 8990 3770 6960 11310 2320 30450 1740 8120 8700 870 2320 35496 269 15982 5691 6248 274 3132 10678 280 1305 840 15921 5964 10840 8384 849 10560 15720 11029 4828 11767 267 271 277 11154 1136 1395 266 36846 849 38226 16440 1056 16864 10720 3906 1128 3180 1632 10374 272 3990 38364 10412 38488 1380 268 4743 9078 4845 1056 1876 6256 9240 9180 1088 9240 1320 11280 861 4432 277 263 15921 16920 5852 3705 4480 5922 1385 4272 1674 8976 843 8768 4245 1136 11115 5962 8908 9108 801 1380 1692 10959 279 11115 283 263 16226 1710 4560 5874 16226 4208 11240 6210 3850 1995 37672 267 4845 5544 1904 1136 10222 1068 262 11439 1330 546 3960 10520 1425 1305 6050 267 8896 10480 1052 10640 10783 1044 11200 16920 1370 6270 4320 1064 17050 3653 1092 552 6118 546 284 3692 6270 11439 275 5922 8608 3588 3372 3264 540 11400 8384 5962 1315 10998 10764 1068 37264 16080 562 1410 10947 16864 1060 831 540 10640 38502 9152 39182 544 4496 550 1425 3420 10640 568 15720 1722
