itemNumber 100
itemClassNumber 100
itemClass_widthVector 11 10 9 8 7 6 5 4 13 12 11 10 9 8 7 6 14 13 12 11 10 9 8 7 11 10 9 8 7 6 5 4 11 10 9 8 7 6 5 4 14 13 12 11 10 9 8 7 13 12 11 10 9 8 7 6 13 12 11 10 9 8 7 6 6 13 12 12 9 9 8 11 12 6 6 12 12 10 10 11 7 6 7 8 6 9 6 6 10 9 7 10 10 9 7 9 8 8 7 8
itemClass_lengthVector 5 5 11 21 21 4 17 16 23 11 3 2 20 28 1 12 18 7 6 8 8 22 30 1 5 24 2 8 14 11 14 22 22 3 20 9 2 1 1 42 22 1 22 17 22 1 14 1 11 10 13 16 2 6 17 25 18 34 2 6 10 5 12 13 16 4 4 5 21 21 22 5 6 16 16 6 6 12 10 5 4 18 5 21 18 22 18 17 11 20 4 11 11 21 5 20 20 21 4 20
itemClass_demand 1 1 1 1 1 1 1 1 1 1 1 1 1 1 1 1 1 1 1 1 1 1 1 1 1 1 1 1 1 1 1 1 1 1 1 1 1 1 1 1 1 1 1 1 1 1 1 1 1 1 1 1 1 1 1 1 1 1 1 1 1 1 1 1 1 1 1 1 1 1 1 1 1 1 1 1 1 1 1 1 1 1 1 1 1 1 1 1 1 1 1 1 1 1 1 1 1 1 1 1
binNumber 10000
binClassNumber 1
binClass_widthVector 100
binClass_lengthVector 100
binClass_disponibility 1000
itemClass_weight 550 550 1210 2310 2310 440 1870 1760 2990 1430 390 260 2600 3640 130 1560 2520 980 840 1120 1120 3080 4200 140 550 2640 220 880 1540 1210 1540 2420 2420 330 2200 990 220 110 110 4620 3080 140 3080 2380 3080 140 1960 140 1430 1300 1690 2080 260 780 2210 3250 2340 4420 260 780 1300 650 1560 1690 1904 448 472 595 2562 2541 2684 605 666 1872 1792 690 678 1368 1200 560 488 2124 575 2541 2052 2574 2016 1887 1298 2360 476 1331 1298 2352 610 2440 2220 2352 460 2260
