itemNumber 150
itemClassNumber 150
itemClass_widthVector 16 15 14 13 12 11 10 9 8 18 17 16 15 14 13 12 11 10 17 16 15 14 13 12 11 10 9 17 16 15 14 13 12 11 10 9 17 16 15 14 13 12 11 10 9 16 15 14 13 12 11 10 9 8 17 16 15 14 13 12 11 10 9 15 14 13 12 11 10 9 8 7 17 16 15 14 13 12 11 10 9 18 17 13 14 18 15 11 15 17 10 15 17 15 14 16 16 16 13 14 13 12 17 17 13 17 14 17 10 17 11 18 13 14 15 14 17 14 17 14 14 15 15 14 13 14 17 17 13 10 18 17 11 15 12 15 12 12 14 17 18 11 15 17 14 17 13 13 17 11
itemClass_lengthVector 3 34 20 4 6 9 2 8 64 23 35 9 9 4 10 3 15 42 40 21 17 2 2 35 1 8 24 6 15 16 23 35 9 13 11 22 3 9 12 6 2 31 38 38 11 10 17 3 8 31 31 4 1 45 27 1 2 26 10 33 8 22 21 48 10 35 9 2 7 16 2 21 20 34 8 17 35 7 7 9 13 4 35 6 4 2 3 3 3 4 8 19 34 19 4 33 33 19 8 5 10 1 33 4 8 4 4 3 9 2 1 2 6 7 21 6 35 7 33 6 5 3 4 5 9 3 4 4 5 8 2 34 1 19 3 19 1 2 4 4 3 3 21 2 5 3 9 8 3 3
itemClass_demand 1 1 1 1 1 1 1 1 1 1 1 1 1 1 1 1 1 1 1 1 1 1 1 1 1 1 1 1 1 1 1 1 1 1 1 1 1 1 1 1 1 1 1 1 1 1 1 1 1 1 1 1 1 1 1 1 1 1 1 1 1 1 1 1 1 1 1 1 1 1 1 1 1 1 1 1 1 1 1 1 1 1 1 1 1 1 1 1 1 1 1 1 1 1 1 1 1 1 1 1 1 1 1 1 1 1 1 1 1 1 1 1 1 1 1 1 1 1 1 1 1 1 1 1 1 1 1 1 1 1 1 1 1 1 1 1 1 1 1 1 1 1 1 1 1 1 1 1 1 1
binNumber 10000
binClassNumber 1
binClass_widthVector 150
binClass_lengthVector 150
binClass_disponibility 1000
itemClass_weight 480 5440 3200 640 960 1440 320 1280 10240 4140 6300 1620 1620 720 1800 540 2700 7560 6800 3570 2890 340 340 5950 170 1360 4080 1020 2550 2720 3910 5950 1530 2210 1870 3740 510 1530 2040 1020 340 5270 6460 6460 1870 1600 2720 480 1280 4960 4960 640 160 7200 4590 170 340 4420 1700 5610 1360 3740 3570 7200 1500 5250 1350 300 1050 2400 300 3150 3400 5780 1360 2890 5950 1190 1190 1530 2210 664 6055 1008 644 346 483 495 531 704 1400 3059 5576 3116 696 5775 5445 3078 1392 835 1720 167 5742 696 1376 696 692 519 1485 340 164 326 1044 1141 3570 1026 6055 1127 5709 1002 805 495 656 830 1548 531 676 656 820 1288 348 5984 170 3154 489 3135 170 346 700 688 531 531 3528 332 880 504 1548 1392 501 483
