itemNumber 110
itemClassNumber 110
itemClass_widthVector 15 14 13 12 11 10 9 8 14 13 12 11 10 9 8 7 15 14 13 12 11 10 9 8 14 13 12 11 10 9 8 7 13 12 11 10 9 8 7 6 14 13 12 11 10 9 8 7 13 12 11 10 9 8 7 6 12 11 10 9 8 7 6 5 10 13 13 15 12 10 13 10 14 12 14 13 17 17 16 12 17 10 12 10 11 13 15 17 10 14 15 10 14 14 14 10 14 11 13 10 12 10 12 16 14 14 12 16 15 16
itemClass_lengthVector 32 1 17 4 11 31 9 5 9 7 24 3 27 12 10 18 7 39 2 14 12 21 2 13 8 1 16 10 1 60 5 9 2 5 28 8 31 1 26 9 3 7 24 29 17 12 4 14 7 8 13 12 29 18 21 2 10 1 41 10 8 12 3 25 9 12 3 16 32 9 11 8 17 10 4 12 32 32 1 12 32 8 10 8 32 11 18 33 10 17 2 9 16 18 16 9 5 32 12 9 10 8 11 1 16 3 11 32 17 2
itemClass_demand 1 1 1 1 1 1 1 1 1 1 1 1 1 1 1 1 1 1 1 1 1 1 1 1 1 1 1 1 1 1 1 1 1 1 1 1 1 1 1 1 1 1 1 1 1 1 1 1 1 1 1 1 1 1 1 1 1 1 1 1 1 1 1 1 1 1 1 1 1 1 1 1 1 1 1 1 1 1 1 1 1 1 1 1 1 1 1 1 1 1 1 1 1 1 1 1 1 1 1 1 1 1 1 1 1 1 1 1 1 1
binNumber 10000
binClassNumber 1
binClass_widthVector 110
binClass_lengthVector 110
binClass_disponibility 1000
itemClass_weight 4800 150 2550 600 1650 4650 1350 750 1260 980 3360 420 3780 1680 1400 2520 1050 5850 300 2100 1800 3150 300 1950 1120 140 2240 1400 140 8400 700 1260 260 650 3640 1040 4030 130 3380 1170 420 980 3360 4060 2380 1680 560 1960 910 1040 1690 1560 3770 2340 2730 260 1200 120 4920 1200 960 1440 360 3000 1476 1836 498 2416 4864 1422 1716 1312 2618 1560 620 1980 4992 5152 154 1812 5024 1320 1630 1216 5024 1782 2934 5049 1600 2737 332 1386 2624 2988 2480 1476 775 4992 1992 1377 1550 1288 1760 157 2576 459 1716 5120 2635 320
