itemNumber 160
itemClassNumber 160
itemClass_widthVector 19 18 17 16 15 14 13 12 11 18 17 16 15 14 13 12 11 10 19 18 17 16 15 14 13 12 11 17 16 15 14 13 12 11 10 9 17 16 15 14 13 12 11 10 9 17 16 15 14 13 12 11 10 9 18 17 16 15 14 13 12 11 10 17 16 15 14 13 12 11 10 9 18 17 16 15 14 13 12 11 10 20 17 20 14 19 13 21 21 17 16 18 18 21 17 15 20 16 21 19 19 15 18 19 14 18 18 20 18 14 14 18 20 20 13 21 20 21 21 18 13 16 18 13 14 20 17 20 18 15 15 21 21 16 17 16 19 19 19 15 19 18 14 14 17 20 16 13 16 20 14 15 15 17 14 21 18 16 20 16
itemClass_lengthVector 10 8 5 1 38 46 4 30 18 31 4 2 38 33 31 4 4 13 81 12 17 7 3 8 9 13 10 19 12 12 31 14 20 24 24 4 16 1 1 6 46 47 5 27 11 16 14 4 22 8 10 53 30 3 39 21 12 20 6 9 4 30 19 2 36 35 22 13 29 8 12 3 16 2 24 7 5 49 10 11 36 7 38 7 30 4 31 9 11 39 45 1 2 9 37 46 7 45 10 8 5 4 4 6 31 4 5 10 2 3 31 6 10 9 31 10 9 9 9 2 31 39 5 30 3 7 37 8 1 4 46 10 10 39 1 37 5 6 8 3 8 1 29 4 1 9 39 31 45 9 29 5 5 1 4 9 4 39 10 38
itemClass_demand 1 1 1 1 1 1 1 1 1 1 1 1 1 1 1 1 1 1 1 1 1 1 1 1 1 1 1 1 1 1 1 1 1 1 1 1 1 1 1 1 1 1 1 1 1 1 1 1 1 1 1 1 1 1 1 1 1 1 1 1 1 1 1 1 1 1 1 1 1 1 1 1 1 1 1 1 1 1 1 1 1 1 1 1 1 1 1 1 1 1 1 1 1 1 1 1 1 1 1 1 1 1 1 1 1 1 1 1 1 1 1 1 1 1 1 1 1 1 1 1 1 1 1 1 1 1 1 1 1 1 1 1 1 1 1 1 1 1 1 1 1 1 1 1 1 1 1 1 1 1 1 1 1 1 1 1 1 1 1 1
binNumber 10000
binClassNumber 1
binClass_widthVector 160
binClass_lengthVector 160
binClass_disponibility 1000
itemClass_weight 1900 1520 950 190 7220 8740 760 5700 3420 5580 720 360 6840 5940 5580 720 720 2340 15390 2280 3230 1330 570 1520 1710 2470 1900 3230 2040 2040 5270 2380 3400 4080 4080 680 2720 170 170 1020 7820 7990 850 4590 1870 2720 2380 680 3740 1360 1700 9010 5100 510 7020 3780 2160 3600 1080 1620 720 5400 3420 340 6120 5950 3740 2210 4930 1360 2040 510 2880 360 4320 1260 900 8820 1800 1980 6480 1365 7828 1435 5790 796 6417 1755 2123 7644 8910 198 404 1854 7585 9108 1379 9450 1930 1648 965 772 764 1170 6045 776 985 2000 398 606 6417 1242 2100 1755 6448 1940 1791 1872 1809 410 6417 7995 1015 5940 600 1365 7326 1568 207 788 9292 2050 2070 7566 199 7363 1015 1206 1568 573 1680 194 6032 768 199 1800 7800 6169 8640 1863 5626 1040 985 195 780 1836 812 7800 1960 7562
