itemNumber 110
itemClassNumber 110
itemClass_widthVector 15 14 13 12 11 10 9 8 15 14 13 12 11 10 9 8 14 13 12 11 10 9 8 7 13 12 11 10 9 8 7 6 13 12 11 10 9 8 7 6 15 14 13 12 11 10 9 8 13 12 11 10 9 8 7 6 12 11 10 9 8 7 6 5 13 16 10 14 15 13 16 12 15 12 15 15 15 16 14 15 11 17 16 17 15 12 10 11 10 13 12 16 14 12 13 14 16 10 17 11 10 16 16 15 15 14 10 13 14 12
itemClass_lengthVector 12 7 20 19 11 20 15 6 4 21 6 11 18 17 23 10 11 25 17 18 13 7 17 2 3 6 5 24 12 38 21 1 10 16 9 38 8 6 13 10 2 6 5 19 28 31 12 7 1 14 13 7 16 3 49 7 2 26 6 9 14 22 20 11 11 8 15 19 8 20 11 11 20 10 7 6 20 11 21 19 21 12 11 13 6 11 15 20 14 12 10 13 20 21 20 21 11 16 12 21 15 7 8 7 6 19 14 19 20 21
itemClass_demand 1 1 1 1 1 1 1 1 1 1 1 1 1 1 1 1 1 1 1 1 1 1 1 1 1 1 1 1 1 1 1 1 1 1 1 1 1 1 1 1 1 1 1 1 1 1 1 1 1 1 1 1 1 1 1 1 1 1 1 1 1 1 1 1 1 1 1 1 1 1 1 1 1 1 1 1 1 1 1 1 1 1 1 1 1 1 1 1 1 1 1 1 1 1 1 1 1 1 1 1 1 1 1 1 1 1 1 1 1 1
binNumber 10000
binClassNumber 1
binClass_widthVector 110
binClass_lengthVector 110
binClass_disponibility 1000
itemClass_weight 1800 1050 3000 2850 1650 3000 2250 900 600 3150 900 1650 2700 2550 3450 1500 1540 3500 2380 2520 1820 980 2380 280 390 780 650 3120 1560 4940 2730 130 1300 2080 1170 4940 1040 780 1690 1300 300 900 750 2850 4200 4650 1800 1050 130 1820 1690 910 2080 390 6370 910 240 3120 720 1080 1680 2640 2400 1320 1815 1240 2325 2983 1304 3280 1672 1793 3200 1550 1113 918 3160 1760 3213 3059 3192 1920 1826 2093 990 1705 2295 3280 2114 1956 1530 2067 3260 3465 3020 3486 1826 2544 1860 3276 2490 1113 1256 1127 996 3021 2310 3116 3220 3381
