itemNumber 600
itemClassNumber 600
itemClass_widthVector 30 29 28 27 26 25 24 23 22 21 20 19 18 17 16 15 14 13 31 30 29 28 27 26 25 24 23 22 21 20 19 18 17 16 15 14 33 32 31 30 29 28 27 26 25 24 23 22 21 20 19 18 17 16 37 36 35 34 33 32 31 30 29 28 27 26 25 24 23 22 21 20 35 34 33 32 31 30 29 28 27 26 25 24 23 22 21 20 19 18 34 33 32 31 30 29 28 27 26 25 24 23 22 21 20 19 18 17 32 31 30 29 28 27 26 25 24 23 22 21 20 19 18 17 16 15 34 33 32 31 30 29 28 27 26 25 24 23 22 21 20 19 18 17 31 30 29 28 27 26 25 24 23 22 21 20 19 18 17 16 15 14 34 33 32 31 30 29 28 27 26 25 24 23 22 21 20 19 18 17 36 35 34 33 32 31 30 29 28 27 26 25 24 23 22 21 20 19 35 34 33 32 31 30 29 28 27 26 25 24 23 22 21 20 19 18 34 33 32 31 30 29 28 27 26 25 24 23 22 21 20 19 18 17 32 31 30 29 28 27 26 25 24 23 22 21 20 19 18 17 16 15 35 34 33 32 31 30 29 28 27 26 25 24 23 22 21 20 19 18 34 33 32 31 30 29 28 27 26 25 24 23 22 21 20 19 18 17 30 29 28 27 26 25 24 23 22 21 20 19 18 17 16 15 14 13 33 32 31 30 29 28 27 26 25 24 23 22 21 20 19 18 17 16 19 30 32 23 21 23 17 26 26 21 28 28 22 27 17 25 26 25 24 28 21 29 23 26 27 18 23 23 16 25 27 18 29 20 28 33 28 32 23 27 27 30 24 16 26 16 20 18 26 32 25 23 16 16 27 15 26 27 24 17 15 18 26 19 29 19 24 28 19 29 27 23 18 26 32 24 34 19 27 18 17 27 26 28 25 18 18 18 23 29 22 17 34 15 15 15 29 18 28 23 21 17 22 31 17 19 27 25 29 34 31 32 30 25 27 27 28 25 29 25 16 25 27 28 18 16 22 19 21 18 29 30 29 16 28 30 25 25 32 25 23 19 23 24 18 28 27 28 27 21 29 20 29 23 23 19 28 15 30 34 25 20 31 23 30 17 24 34 22 25 19 18 24 26 28 18 18 18 29 26 31 26 15 19 18 17 21 26 29 23 20 28 24 29 33 24 31 25 23 23 17 33 19 16 33 33 26 17 23 32 20 16 18 18 16 18 18 33 30 32 27 24 32 23 19 28 25 30 32 17 18 16 20 17 30 29 30 17 17 19 25 25 28 22 16 24 20 28 29 28 16 17 28 19 27 18 20 29 30 16 26 26 31 32 18 29 18 32 26 25 30 26 17 15 21 30
itemClass_lengthVector 18 55 3 25 1 15 91 99 91 8 19 9 17 16 89 29 8 7 3 24 67 23 15 56 63 19 21 87 8 53 22 2 15 10 67 45 9 61 8 10 27 15 27 19 4 28 74 11 147 1 7 31 2 119 41 23 40 15 40 71 38 25 21 126 30 20 27 9 16 34 7 17 33 14 44 3 16 60 5 57 37 12 22 73 26 67 13 45 41 32 62 44 35 86 4 16 18 47 43 8 53 43 13 89 8 4 20 7 3 63 23 51 20 31 45 12 38 124 2 16 22 19 20 58 45 8 27 10 13 15 8 2 16 5 29 60 71 56 5 74 79 77 11 42 19 7 10 38 102 38 2 17 46 44 73 102 5 48 2 36 1 10 13 12 18 25 88 36 7 71 45 100 21 22 22 33 22 15 33 17 24 20 68 19 18 6 8 119 60 37 28 42 42 4 4 29 34 38 69 2 6 83 41 149 10 2 11 6 35 3 48 29 1 43 7 55 36 101 44 37 32 20 53 52 40 36 50 8 26 14 14 4 28 5 9 65 70 117 6 14 15 10 2 55 11 2 53 22 67 50 29 3 104 10 2 1 30 11 11 47 54 79 3 45 14 30 4 95 5 55 80 101 2 16 48 91 16 61 29 5 2 6 27 6 57 6 9 38 126 1 17 50 39 74 14 38 8 70 21 34 18 29 5 29 5 22 25 70 11 2 2 34 78 56 27 5 15 23 25 9 27 45 64 82 17 24 17 8 10 90 89 92 91 8 2 25 8 1 29 91 100 100 100 15 9 26 8 98 90 17 18 20 8 91 1 88 2 18 1 18 24 56 19 14 15 25 100 29 15 7 10 16 90 18 90 9 8 7 90 8 14 1 7 89 8 15 100 18 3 17 92 2 16 24 1 8 88 16 19 90 18 16 16 88 90 16 90 2 100 89 17 90 20 26 19 88 19 9 8 9 24 89 1 20 19 28 9 18 28 16 14 99 1 18 18 55 55 100 92 15 16 90 25 98 7 91 14 14 16 7 20 17 9 15 1 3 24 9 15 55 91 92 55 91 9 17 8 9 16 26 1 25 2 10 1 9 26 91 19 16 1 8 25 18 92 10 56 90 26 28 7 18 9 100 17 15 92 100 14 17 15 17 1 100 56 90 9 17 15 30 8 14 1 19 9 1 98 1 17 99 2 90 7 91 30 17 17 29 19 18 15 89 18 56 16 7 17 89 9 89 89 19 4 56 14 91 55 8 17 2 90 2 56 90 88 8 16 89 3 1 25 28 29 16 90 91 15 7 29 7 10 1 1 26 30 89 25 17 92 90 8 1 26 7 16 14 2 54 17 1 16 54 14 92 3 99 28 7 9 56
itemClass_demand 1 1 1 1 1 1 1 1 1 1 1 1 1 1 1 1 1 1 1 1 1 1 1 1 1 1 1 1 1 1 1 1 1 1 1 1 1 1 1 1 1 1 1 1 1 1 1 1 1 1 1 1 1 1 1 1 1 1 1 1 1 1 1 1 1 1 1 1 1 1 1 1 1 1 1 1 1 1 1 1 1 1 1 1 1 1 1 1 1 1 1 1 1 1 1 1 1 1 1 1 1 1 1 1 1 1 1 1 1 1 1 1 1 1 1 1 1 1 1 1 1 1 1 1 1 1 1 1 1 1 1 1 1 1 1 1 1 1 1 1 1 1 1 1 1 1 1 1 1 1 1 1 1 1 1 1 1 1 1 1 1 1 1 1 1 1 1 1 1 1 1 1 1 1 1 1 1 1 1 1 1 1 1 1 1 1 1 1 1 1 1 1 1 1 1 1 1 1 1 1 1 1 1 1 1 1 1 1 1 1 1 1 1 1 1 1 1 1 1 1 1 1 1 1 1 1 1 1 1 1 1 1 1 1 1 1 1 1 1 1 1 1 1 1 1 1 1 1 1 1 1 1 1 1 1 1 1 1 1 1 1 1 1 1 1 1 1 1 1 1 1 1 1 1 1 1 1 1 1 1 1 1 1 1 1 1 1 1 1 1 1 1 1 1 1 1 1 1 1 1 1 1 1 1 1 1 1 1 1 1 1 1 1 1 1 1 1 1 1 1 1 1 1 1 1 1 1 1 1 1 1 1 1 1 1 1 1 1 1 1 1 1 1 1 1 1 1 1 1 1 1 1 1 1 1 1 1 1 1 1 1 1 1 1 1 1 1 1 1 1 1 1 1 1 1 1 1 1 1 1 1 1 1 1 1 1 1 1 1 1 1 1 1 1 1 1 1 1 1 1 1 1 1 1 1 1 1 1 1 1 1 1 1 1 1 1 1 1 1 1 1 1 1 1 1 1 1 1 1 1 1 1 1 1 1 1 1 1 1 1 1 1 1 1 1 1 1 1 1 1 1 1 1 1 1 1 1 1 1 1 1 1 1 1 1 1 1 1 1 1 1 1 1 1 1 1 1 1 1 1 1 1 1 1 1 1 1 1 1 1 1 1 1 1 1 1 1 1 1 1 1 1 1 1 1 1 1 1 1 1 1 1 1 1 1 1 1 1 1 1 1 1 1 1 1 1 1 1 1 1 1 1 1 1 1 1 1 1 1 1 1 1 1 1 1 1 1 1 1 1 1 1 1 1 1 1 1 1 1 1 1 1 1 1 1 1 1 1 1 1 1 1 1 1 1 1 1 1 1 1 1 1 1 1 1 1 1 1 1 1 1 1 1 1 1 1 1 1 1 1
binNumber 10000
binClassNumber 1
binClass_widthVector 600
binClass_lengthVector 600
binClass_disponibility 1000
itemClass_weight 5400 16500 900 7500 300 4500 27300 29700 27300 2400 5700 2700 5100 4800 26700 8700 2400 2100 930 7440 20770 7130 4650 17360 19530 5890 6510 26970 2480 16430 6820 620 4650 3100 20770 13950 2970 20130 2640 3300 8910 4950 8910 6270 1320 9240 24420 3630 48510 330 2310 10230 660 39270 15170 8510 14800 5550 14800 26270 14060 9250 7770 46620 11100 7400 9990 3330 5920 12580 2590 6290 11550 4900 15400 1050 5600 21000 1750 19950 12950 4200 7700 25550 9100 23450 4550 15750 14350 11200 21080 14960 11900 29240 1360 5440 6120 15980 14620 2720 18020 14620 4420 30260 2720 1360 6800 2380 960 20160 7360 16320 6400 9920 14400 3840 12160 39680 640 5120 7040 6080 6400 18560 14400 2560 9180 3400 4420 5100 2720 680 5440 1700 9860 20400 24140 19040 1700 25160 26860 26180 3740 14280 5890 2170 3100 11780 31620 11780 620 5270 14260 13640 22630 31620 1550 14880 620 11160 310 3100 4420 4080 6120 8500 29920 12240 2380 24140 15300 34000 7140 7480 7480 11220 7480 5100 11220 5780 8640 7200 24480 6840 6480 2160 2880 42840 21600 13320 10080 15120 15120 1440 1440 10440 12240 13680 24150 700 2100 29050 14350 52150 3500 700 3850 2100 12250 1050 16800 10150 350 15050 2450 19250 12240 34340 14960 12580 10880 6800 18020 17680 13600 12240 17000 2720 8840 4760 4760 1360 9520 1700 2880 20800 22400 37440 1920 4480 4800 3200 640 17600 3520 640 16960 7040 21440 16000 9280 960 36400 3500 700 350 10500 3850 3850 16450 18900 27650 1050 15750 4900 10500 1400 33250 1750 19250 27200 34340 680 5440 16320 30940 5440 20740 9860 1700 680 2040 9180 2040 19380 2040 3060 12920 37800 300 5100 15000 11700 22200 4200 11400 2400 21000 6300 10200 5400 8700 1500 8700 1500 6600 8250 23100 3630 660 660 11220 25740 18480 8910 1650 4950 7590 8250 2970 8910 14850 21120 27060 5491 7368 5610 2648 3120 28170 26967 29532 27664 2504 612 7925 2600 313 9483 28392 32300 32300 31100 4680 2763 7930 2448 32046 28260 5525 5436 6540 2480 29484 323 28600 620 5796 309 5706 7368 17640 6099 4270 4800 7575 30100 9164 4725 2261 3260 4896 28350 5688 27450 2943 2608 2226 28530 2464 4340 312 2177 27234 2424 4770 32000 5418 930 5185 27968 662 5088 7440 312 2640 29040 5152 6023 27360 5670 4944 4848 27280 27990 4912 29070 610 32600 29281 5202 29340 6280 8502 6232 27808 5757 2943 2496 2790 7464 29103 315 6160 6137 8876 2979 5652 8428 5200 4480 32274 319 5958 5850 17710 17215 30400 29532 4845 5232 28170 8225 31458 2212 27755 4340 4578 4880 2275 6200 5355 2709 4560 305 975 7632 2916 4755 17765 28392 28520 17655 28847 2736 5236 2592 2907 4832 7982 315 8100 648 3240 318 2736 8476 30121 6023 5104 303 2528 7975 5688 29440 3110 17976 27720 8346 9128 2149 5850 2772 31900 5457 4515 28060 32400 4592 5202 4710 5542 327 32500 18424 27810 2763 5474 4650 9420 2544 4634 328 5966 2835 320 29596 310 5423 30690 626 27720 2233 27937 9090 5202 5593 9222 5985 5886 4950 28747 5796 17024 5152 2233 5338 28124 2898 26878 27412 6061 1308 17136 4298 29848 17215 2496 5576 650 29610 610 17304 27360 26664 2408 4976 28836 978 326 8200 8540 9164 4928 28800 27755 4590 2114 9454 2296 3090 313 327 7956 9450 27323 7900 5559 29716 27360 2536 316 7982 2205 5168 4214 606 16740 5185 329 5088 17118 4270 29072 957 30987 8456 2268 2880 16968
