itemNumber 160
itemClassNumber 160
itemClass_widthVector 18 17 16 15 14 13 12 11 10 17 16 15 14 13 12 11 10 9 17 16 15 14 13 12 11 10 9 18 17 16 15 14 13 12 11 10 19 18 17 16 15 14 13 12 11 17 16 15 14 13 12 11 10 9 17 16 15 14 13 12 11 10 9 18 17 16 15 14 13 12 11 10 19 18 17 16 15 14 13 12 11 15 19 18 14 18 19 19 19 18 20 13 17 13 14 12 13 19 13 13 13 19 13 18 13 15 18 15 18 17 12 17 16 13 15 14 16 19 17 12 14 14 15 15 16 15 12 18 17 20 13 14 15 19 20 16 13 15 18 15 17 15 15 13 14 19 17 15 12 20 12 20 13 17 14 19 18 14 13 13
itemClass_lengthVector 30 32 6 4 15 5 9 19 40 21 72 15 9 2 7 19 3 12 5 34 6 29 53 9 1 21 2 21 22 3 15 19 11 38 11 20 4 20 6 37 7 23 3 27 33 12 4 5 39 59 3 7 17 14 8 7 63 2 35 26 12 6 1 63 18 3 1 41 2 4 19 9 26 7 48 5 2 30 23 17 2 5 33 7 8 6 30 33 33 5 30 10 7 19 8 20 19 31 18 20 19 31 19 31 10 5 6 16 7 6 20 4 15 18 5 4 5 31 3 18 4 6 14 5 16 5 20 33 5 31 9 4 6 30 31 5 8 6 33 15 7 15 16 8 4 31 5 15 18 30 19 31 20 4 10 31 31 8 9 10
itemClass_demand 1 1 1 1 1 1 1 1 1 1 1 1 1 1 1 1 1 1 1 1 1 1 1 1 1 1 1 1 1 1 1 1 1 1 1 1 1 1 1 1 1 1 1 1 1 1 1 1 1 1 1 1 1 1 1 1 1 1 1 1 1 1 1 1 1 1 1 1 1 1 1 1 1 1 1 1 1 1 1 1 1 1 1 1 1 1 1 1 1 1 1 1 1 1 1 1 1 1 1 1 1 1 1 1 1 1 1 1 1 1 1 1 1 1 1 1 1 1 1 1 1 1 1 1 1 1 1 1 1 1 1 1 1 1 1 1 1 1 1 1 1 1 1 1 1 1 1 1 1 1 1 1 1 1 1 1 1 1 1 1
binNumber 10000
binClassNumber 1
binClass_widthVector 160
binClass_lengthVector 160
binClass_disponibility 1000
itemClass_weight 5400 5760 1080 720 2700 900 1620 3420 7200 3570 12240 2550 1530 340 1190 3230 510 2040 850 5780 1020 4930 9010 1530 170 3570 340 3780 3960 540 2700 3420 1980 6840 1980 3600 760 3800 1140 7030 1330 4370 570 5130 6270 2040 680 850 6630 10030 510 1190 2890 2380 1360 1190 10710 340 5950 4420 2040 1020 170 11340 3240 540 180 7380 360 720 3420 1620 4940 1330 9120 950 380 5700 4370 3230 380 940 6567 1365 1528 1116 5520 6171 6534 930 5640 1920 1372 3534 1512 3620 3534 6045 3510 3860 3743 6045 3743 5766 1930 945 1104 3024 1330 1110 3760 752 2895 3474 955 784 995 5859 567 3528 792 1092 2548 985 3056 905 3880 6402 915 6138 1683 728 1182 5550 6076 930 1552 1092 6369 2835 1316 2895 3152 1568 748 5952 995 2985 3330 5490 3648 5642 3720 780 1930 5828 5797 1464 1638 1940
