itemNumber 50
itemClassNumber 50
itemClass_widthVector 7 6 5 4 3 2 9 8 7 6 5 4 9 8 7 6 5 4 8 7 6 5 4 3 9 8 7 6 5 4 8 7 6 5 4 3 8 8 4 7 6 8 5 4 7 5 7 5 6 8
itemClass_lengthVector 12 2 17 2 1 16 3 7 5 30 4 1 2 6 16 18 3 5 22 4 6 4 11 3 13 1 29 1 5 1 10 9 5 3 8 15 11 12 2 3 17 11 2 2 3 3 1 3 16 12
itemClass_demand 1 1 1 1 1 1 1 1 1 1 1 1 1 1 1 1 1 1 1 1 1 1 1 1 1 1 1 1 1 1 1 1 1 1 1 1 1 1 1 1 1 1 1 1 1 1 1 1 1 1
binNumber 10000
binClassNumber 1
binClass_widthVector 50
binClass_lengthVector 50
binClass_disponibility 1000
itemClass_weight 840 140 1190 140 70 1120 270 630 450 2700 360 90 180 540 1440 1620 270 450 1760 320 480 320 880 240 1170 90 2610 90 450 90 800 720 400 240 640 1200 858 888 144 228 1258 803 142 154 228 222 78 213 1200 876
