itemNumber 170
itemClassNumber 170
itemClass_widthVector 15 14 13 12 11 10 9 8 7 6 16 15 14 13 12 11 10 9 8 7 15 14 13 12 11 10 9 8 7 6 18 17 16 15 14 13 12 11 10 9 16 15 14 13 12 11 10 9 8 7 18 17 16 15 14 13 12 11 10 9 17 16 15 14 13 12 11 10 9 8 19 18 17 16 15 14 13 12 11 10 17 16 15 14 13 12 11 10 9 8 19 18 17 16 15 14 13 12 11 10 17 13 14 8 8 9 12 17 15 9 9 13 16 16 9 15 16 13 9 11 13 9 14 8 15 10 15 11 16 11 15 10 9 14 13 9 13 10 9 16 10 8 9 10 9 12 9 13 16 10 15 12 8 17 14 15 13 13 8 8 17 8 16 14 12 9 15 12 13 14
itemClass_lengthVector 10 31 55 5 10 20 9 9 15 6 7 28 10 1 14 1 23 47 13 26 64 8 47 7 2 1 3 4 32 2 78 2 43 7 3 11 7 7 9 3 13 3 12 31 11 64 14 4 16 2 6 1 4 7 4 8 15 19 32 74 2 6 21 45 13 2 37 32 3 9 7 20 6 68 14 10 7 1 17 20 9 16 9 8 2 16 57 14 32 7 2 8 29 3 30 27 6 4 26 35 11 11 6 14 16 9 20 11 31 8 8 9 30 32 8 31 32 6 8 20 10 10 4 15 31 8 55 20 30 21 54 9 10 55 10 9 6 10 10 30 8 14 10 9 10 19 10 11 32 9 55 9 15 11 6 55 10 11 16 14 9 15 32 5 20 9 56 10 5 55
itemClass_demand 1 1 1 1 1 1 1 1 1 1 1 1 1 1 1 1 1 1 1 1 1 1 1 1 1 1 1 1 1 1 1 1 1 1 1 1 1 1 1 1 1 1 1 1 1 1 1 1 1 1 1 1 1 1 1 1 1 1 1 1 1 1 1 1 1 1 1 1 1 1 1 1 1 1 1 1 1 1 1 1 1 1 1 1 1 1 1 1 1 1 1 1 1 1 1 1 1 1 1 1 1 1 1 1 1 1 1 1 1 1 1 1 1 1 1 1 1 1 1 1 1 1 1 1 1 1 1 1 1 1 1 1 1 1 1 1 1 1 1 1 1 1 1 1 1 1 1 1 1 1 1 1 1 1 1 1 1 1 1 1 1 1 1 1 1 1 1 1 1 1
binNumber 10000
binClassNumber 1
binClass_widthVector 170
binClass_lengthVector 170
binClass_disponibility 1000
itemClass_weight 1500 4650 8250 750 1500 3000 1350 1350 2250 900 1120 4480 1600 160 2240 160 3680 7520 2080 4160 9600 1200 7050 1050 300 150 450 600 4800 300 14040 360 7740 1260 540 1980 1260 1260 1620 540 2080 480 1920 4960 1760 10240 2240 640 2560 320 1080 180 720 1260 720 1440 2700 3420 5760 13320 340 1020 3570 7650 2210 340 6290 5440 510 1530 1330 3800 1140 12920 2660 1900 1330 190 3230 3800 1530 2720 1530 1360 340 2720 9690 2380 5440 1190 380 1520 5510 570 5700 5130 1140 760 4940 6650 1815 1727 984 2296 2464 1386 3200 1694 4681 1328 1208 1440 4710 5216 1304 4774 5216 906 1280 3240 1640 1630 636 2310 4805 1216 8690 3200 4620 3339 8532 1485 1630 9130 1640 1377 978 1610 1560 4710 1304 2198 1510 1404 1530 2907 1650 1661 4992 1368 9075 1440 2430 1815 996 8415 1610 1683 2608 2240 1422 2310 5184 765 3120 1485 8792 1540 810 8525
