itemNumber 100
itemClassNumber 100
itemClass_widthVector 12 11 10 9 8 7 6 5 11 10 9 8 7 6 5 4 12 11 10 9 8 7 6 5 11 10 9 8 7 6 5 4 13 12 11 10 9 8 7 6 14 13 12 11 10 9 8 7 13 12 11 10 9 8 7 6 14 13 12 11 10 9 8 7 7 7 7 13 11 11 12 8 14 11 13 10 10 13 7 9 8 8 11 11 11 9 9 10 12 9 12 10 12 13 7 10 14 9 8 12
itemClass_lengthVector 4 9 14 23 6 7 15 22 2 2 24 21 21 14 4 12 3 26 9 16 5 28 11 2 5 32 14 11 2 1 11 24 14 7 27 3 15 1 18 15 2 24 4 35 5 1 28 1 17 10 28 11 1 5 23 5 1 42 2 24 1 9 1 20 16 14 15 5 13 15 15 7 3 14 4 22 22 9 14 7 8 7 13 13 15 6 5 22 9 7 9 23 15 3 16 22 4 6 6 8
itemClass_demand 1 1 1 1 1 1 1 1 1 1 1 1 1 1 1 1 1 1 1 1 1 1 1 1 1 1 1 1 1 1 1 1 1 1 1 1 1 1 1 1 1 1 1 1 1 1 1 1 1 1 1 1 1 1 1 1 1 1 1 1 1 1 1 1 1 1 1 1 1 1 1 1 1 1 1 1 1 1 1 1 1 1 1 1 1 1 1 1 1 1 1 1 1 1 1 1 1 1 1 1
binNumber 10000
binClassNumber 1
binClass_widthVector 100
binClass_lengthVector 100
binClass_disponibility 1000
itemClass_weight 480 1080 1680 2760 720 840 1800 2640 220 220 2640 2310 2310 1540 440 1320 360 3120 1080 1920 600 3360 1320 240 550 3520 1540 1210 220 110 1210 2640 1820 910 3510 390 1950 130 2340 1950 280 3360 560 4900 700 140 3920 140 2210 1300 3640 1430 130 650 2990 650 140 5880 280 3360 140 1260 140 2800 1952 1694 1875 630 1599 1965 1920 896 381 1750 520 2662 2904 1161 1736 889 1048 924 1573 1625 1905 726 650 2794 1116 910 1179 2783 1875 378 2016 2882 524 732 738 1000
