itemNumber 70
itemClassNumber 70
itemClass_widthVector 13 12 11 10 9 8 11 10 9 8 7 6 12 11 10 9 8 7 12 11 10 9 8 7 10 9 8 7 6 5 12 11 10 9 8 7 12 11 12 13 14 10 12 15 13 14 14 13 12 12 12 14 13 10 12 14 14 12 14 10 11 10 12 12 14 14 12 15 13 12
itemClass_lengthVector 4 11 17 18 4 16 20 6 1 16 26 1 3 16 25 9 12 5 1 14 16 17 4 18 17 8 8 3 33 1 2 5 28 8 2 25 17 17 19 11 3 4 16 5 18 5 10 11 19 17 17 10 11 5 18 12 10 17 5 5 18 4 17 18 4 3 18 3 12 17
itemClass_demand 1 1 1 1 1 1 1 1 1 1 1 1 1 1 1 1 1 1 1 1 1 1 1 1 1 1 1 1 1 1 1 1 1 1 1 1 1 1 1 1 1 1 1 1 1 1 1 1 1 1 1 1 1 1 1 1 1 1 1 1 1 1 1 1 1 1 1 1 1 1
binNumber 10000
binClassNumber 1
binClass_widthVector 70
binClass_lengthVector 70
binClass_disponibility 1000
itemClass_weight 520 1430 2210 2340 520 2080 2200 660 110 1760 2860 110 360 1920 3000 1080 1440 600 120 1680 1920 2040 480 2160 1700 800 800 300 3300 100 240 600 3360 960 240 3000 2414 2329 2527 1551 432 572 2192 720 2484 695 1400 1562 2736 2363 2431 1360 1562 655 2502 1632 1370 2363 670 690 2502 524 2227 2412 556 414 2574 417 1728 2227
