itemNumber 130
itemClassNumber 130
itemClass_widthVector 14 13 12 11 10 9 8 7 6 15 14 13 12 11 10 9 8 7 13 12 11 10 9 8 7 6 5 15 14 13 12 11 10 9 8 7 15 14 13 12 11 10 9 8 7 13 12 11 10 9 8 7 6 5 16 15 14 13 12 11 10 9 8 16 15 14 13 12 11 10 9 8 13 12 11 10 9 8 7 6 5 8 13 10 15 10 12 16 13 8 12 15 10 12 10 15 15 9 8 14 15 14 10 11 14 16 14 12 14 8 12 8 11 12 12 8 12 10 10 13 16 9 13 9 13 11 12 8 12 15
itemClass_lengthVector 27 6 19 2 28 24 10 6 8 9 13 3 24 3 11 2 8 57 4 11 21 4 32 5 9 29 15 14 7 9 15 5 8 18 36 18 4 15 3 2 4 38 12 8 44 26 2 5 23 6 9 29 8 22 1 24 21 3 27 4 24 21 5 18 8 29 18 23 6 17 2 9 11 10 32 2 18 20 11 10 16 6 2 24 27 23 3 26 18 5 29 7 25 2 25 7 28 9 7 18 28 19 23 27 6 27 7 29 19 5 2 6 29 3 27 5 3 24 24 20 26 11 3 11 18 27 1 6 3 27
itemClass_demand 1 1 1 1 1 1 1 1 1 1 1 1 1 1 1 1 1 1 1 1 1 1 1 1 1 1 1 1 1 1 1 1 1 1 1 1 1 1 1 1 1 1 1 1 1 1 1 1 1 1 1 1 1 1 1 1 1 1 1 1 1 1 1 1 1 1 1 1 1 1 1 1 1 1 1 1 1 1 1 1 1 1 1 1 1 1 1 1 1 1 1 1 1 1 1 1 1 1 1 1 1 1 1 1 1 1 1 1 1 1 1 1 1 1 1 1 1 1 1 1 1 1 1 1 1 1 1 1 1 1
binNumber 10000
binClassNumber 1
binClass_widthVector 130
binClass_lengthVector 130
binClass_disponibility 1000
itemClass_weight 3780 840 2660 280 3920 3360 1400 840 1120 1350 1950 450 3600 450 1650 300 1200 8550 520 1430 2730 520 4160 650 1170 3770 1950 2100 1050 1350 2250 750 1200 2700 5400 2700 600 2250 450 300 600 5700 1800 1200 6600 3380 260 650 2990 780 1170 3770 1040 2860 160 3840 3360 480 4320 640 3840 3360 800 2880 1280 4640 2880 3680 960 2720 320 1440 1430 1300 4160 260 2340 2600 1430 1300 2080 918 310 3600 3834 3404 435 3796 2646 735 4350 1015 3700 292 3775 1057 4088 1386 1085 2790 4340 2736 3335 3915 894 3969 1078 4495 2869 720 288 852 4437 456 3969 745 447 3384 3480 2860 4030 1639 444 1672 2664 3915 149 918 447 4023
