itemNumber 70
itemClassNumber 70
itemClass_widthVector 13 12 11 10 9 8 12 11 10 9 8 7 11 10 9 8 7 6 11 10 9 8 7 6 12 11 10 9 8 7 11 10 9 8 7 6 12 12 11 13 12 10 14 13 14 10 12 12 14 11 13 13 14 10 14 13 10 13 11 14 14 13 14 11 12 12 14 13 14 10
itemClass_lengthVector 2 10 8 17 20 13 11 10 12 6 25 6 9 4 27 1 3 26 12 7 1 6 38 6 11 18 3 34 3 1 9 31 7 5 9 9 7 18 16 9 18 20 10 7 3 19 17 18 2 16 9 9 1 21 10 9 19 8 17 1 10 11 2 16 18 8 1 11 10 21
itemClass_demand 1 1 1 1 1 1 1 1 1 1 1 1 1 1 1 1 1 1 1 1 1 1 1 1 1 1 1 1 1 1 1 1 1 1 1 1 1 1 1 1 1 1 1 1 1 1 1 1 1 1 1 1 1 1 1 1 1 1 1 1 1 1 1 1 1 1 1 1 1 1
binNumber 10000
binClassNumber 1
binClass_widthVector 70
binClass_lengthVector 70
binClass_disponibility 1000
itemClass_weight 260 1300 1040 2210 2600 1690 1320 1200 1440 720 3000 720 990 440 2970 110 330 2860 1320 770 110 660 4180 660 1320 2160 360 4080 360 120 990 3410 770 550 990 990 1008 2484 2112 1287 2520 2880 1360 994 405 2603 2346 2448 276 2288 1242 1188 131 2751 1320 1287 2641 1104 2312 133 1350 1474 270 2144 2520 1152 144 1441 1380 2856
