itemNumber 700
itemClassNumber 700
itemClass_widthVector 35 34 33 32 31 30 29 28 27 26 25 24 23 22 21 20 19 18 17 37 36 35 34 33 32 31 30 29 28 27 26 25 24 23 22 21 20 19 34 33 32 31 30 29 28 27 26 25 24 23 22 21 20 19 18 17 16 38 37 36 35 34 33 32 31 30 29 28 27 26 25 24 23 22 21 20 36 35 34 33 32 31 30 29 28 27 26 25 24 23 22 21 20 19 18 33 32 31 30 29 28 27 26 25 24 23 22 21 20 19 18 17 16 15 39 38 37 36 35 34 33 32 31 30 29 28 27 26 25 24 23 22 21 39 38 37 36 35 34 33 32 31 30 29 28 27 26 25 24 23 22 21 34 33 32 31 30 29 28 27 26 25 24 23 22 21 20 19 18 17 16 34 33 32 31 30 29 28 27 26 25 24 23 22 21 20 19 18 17 16 35 34 33 32 31 30 29 28 27 26 25 24 23 22 21 20 19 18 17 38 37 36 35 34 33 32 31 30 29 28 27 26 25 24 23 22 21 20 41 40 39 38 37 36 35 34 33 32 31 30 29 28 27 26 25 24 23 40 39 38 37 36 35 34 33 32 31 30 29 28 27 26 25 24 23 22 39 38 37 36 35 34 33 32 31 30 29 28 27 26 25 24 23 22 21 36 35 34 33 32 31 30 29 28 27 26 25 24 23 22 21 20 19 18 36 35 34 33 32 31 30 29 28 27 26 25 24 23 22 21 20 19 18 38 37 36 35 34 33 32 31 30 29 28 27 26 25 24 23 22 21 20 38 37 36 35 34 33 32 31 30 29 28 27 26 25 24 23 22 21 20 32 23 27 39 37 34 32 27 34 30 30 39 19 37 32 33 20 34 28 33 28 35 35 20 27 32 30 22 37 33 37 30 35 36 38 29 35 21 23 34 26 25 32 27 24 31 31 29 27 35 34 23 21 22 36 31 27 23 21 20 22 37 36 19 32 22 29 35 19 25 25 30 25 34 27 38 37 37 21 28 36 27 29 28 20 26 26 33 28 24 35 20 20 22 25 37 28 34 25 27 27 21 22 35 37 36 31 34 30 19 25 22 31 30 29 34 30 36 26 32 21 36 33 20 31 37 20 21 34 36 34 24 21 24 32 24 25 23 34 30 35 21 37 29 24 24 26 26 33 23 29 30 27 26 35 25 28 33 27 31 32 29 24 26 20 34 21 34 24 30 35 29 32 21 36 36 36 33 21 23 19 29 38 23 25 25 21 26 25 37 35 36 38 29 27 30 27 23 30 20 36 24 34 34 23 32 29 36 36 35 23 30 31 25 23 34 33 38 29 36 34 37 34 37 28 33 30 24 35 23 30 33 21 28 30 34 37 29 32 34 33 23 25 34 21 28 24 24 32 36 31 26 20 28 22 20 23 24 34 24 29 36 24 27 38 25 24 36 38 36 32 19 34 37 34 25 25 28 35 28 27 30 21 38 23 28 29 31 26 33 31 22 28 38 23 30 32 37 27 33 31 36 21 29 27 31 30 37 31 25 23 20 37 19 34 24 33 25 29 22 22 24 36 25 31 31 22 36 25 20 20 28 25 28 32 32 35 24 34
itemClass_lengthVector 36 48 2 9 2 98 12 5 37 11 31 46 78 23 66 27 56 56 57 54 29 35 2 4 5 32 8 8 22 31 124 62 23 8 85 63 28 77 13 12 3 74 10 18 9 22 39 25 57 38 78 32 89 7 14 143 17 5 59 5 33 46 64 71 7 16 68 9 14 9 68 7 111 46 55 7 4 90 48 64 30 25 39 27 58 19 3 55 8 34 72 20 42 33 29 20 66 150 18 44 6 94 3 43 16 46 13 21 9 75 12 29 5 30 26 53 9 44 8 10 25 9 68 14 5 11 44 22 233 65 32 7 15 70 48 3 62 12 12 5 1 10 74 16 1 97 46 23 39 29 104 48 45 47 6 22 58 2 17 90 131 10 25 3 53 38 30 1 35 5 82 15 49 1 9 88 21 52 35 45 52 6 39 135 45 57 6 38 3 4 1 53 74 57 7 16 22 1 52 17 88 49 82 105 1 26 28 7 14 2 22 4 59 35 37 1 107 26 23 11 35 12 83 8 17 40 111 67 6 7 14 43 35 2 14 202 19 99 66 22 10 39 23 54 20 18 7 42 93 27 44 16 23 6 43 61 180 38 8 13 1 16 9 17 2 61 61 48 84 40 19 4 24 12 26 22 17 81 8 24 18 16 25 159 12 18 12 12 33 37 10 16 71 21 1 33 88 46 76 51 12 26 117 20 25 21 31 17 28 7 11 1 15 61 16 2 11 30 63 65 96 108 92 6 38 8 53 51 17 64 31 24 17 37 6 78 55 31 119 43 9 13 60 11 15 9 45 116 74 64 10 63 29 28 5 3 14 12 20 19 103 11 66 31 37 3 1 13 45 3 36 5 35 56 3 13 9 55 3 12 98 36 8 2 56 31 2 12 26 47 1 49 37 49 49 36 4 9 55 22 1 77 78 3 30 66 4 98 38 10 48 99 22 26 28 3 12 11 26 55 56 27 47 2 56 3 28 38 1 55 23 22 37 45 97 11 35 48 37 27 11 3 30 12 11 56 30 79 99 11 79 48 55 55 65 47 49 38 9 47 46 46 28 27 1 2 47 98 2 6 57 79 27 98 11 6 97 12 9 32 1 27 2 10 57 11 35 56 56 1 3 3 78 57 79 97 67 79 26 1 4 48 27 36 10 66 24 78 45 99 22 6 37 45 78 3 24 32 10 46 4 13 10 77 78 55 9 27 9 65 12 47 10 12 27 35 36 36 8 28 23 57 4 49 27 78 46 57 47 78 49 48 36 37 37 31 37 10 27 36 56 3 23 9 99 23 13 4 3 1 1 67 5 97 24 67 10 2 48 6 10 8 36 3 37 10 10 4 78 1 22 37 8 55 10 13 2 3 38 11 2 98 24 46 1 57 30 22 65 12 10 13 79 56 38 28 56 23 78 1 22 5 10 23 11 37 24 65 35 37 37 98 55 10 36 3 77 46 31 47 31 30 38 26 37 65 31 10 11 32 97 11 65 37 37 24 36 13 49 12 2 11 8 56 6 10 98 13 3 6 46 67 57 48 55 9 79 2 78 11 27 26 77 47 22 11 4 28 8 45 56 56 10 78 11 3 2 49 66 98
itemClass_demand 1 1 1 1 1 1 1 1 1 1 1 1 1 1 1 1 1 1 1 1 1 1 1 1 1 1 1 1 1 1 1 1 1 1 1 1 1 1 1 1 1 1 1 1 1 1 1 1 1 1 1 1 1 1 1 1 1 1 1 1 1 1 1 1 1 1 1 1 1 1 1 1 1 1 1 1 1 1 1 1 1 1 1 1 1 1 1 1 1 1 1 1 1 1 1 1 1 1 1 1 1 1 1 1 1 1 1 1 1 1 1 1 1 1 1 1 1 1 1 1 1 1 1 1 1 1 1 1 1 1 1 1 1 1 1 1 1 1 1 1 1 1 1 1 1 1 1 1 1 1 1 1 1 1 1 1 1 1 1 1 1 1 1 1 1 1 1 1 1 1 1 1 1 1 1 1 1 1 1 1 1 1 1 1 1 1 1 1 1 1 1 1 1 1 1 1 1 1 1 1 1 1 1 1 1 1 1 1 1 1 1 1 1 1 1 1 1 1 1 1 1 1 1 1 1 1 1 1 1 1 1 1 1 1 1 1 1 1 1 1 1 1 1 1 1 1 1 1 1 1 1 1 1 1 1 1 1 1 1 1 1 1 1 1 1 1 1 1 1 1 1 1 1 1 1 1 1 1 1 1 1 1 1 1 1 1 1 1 1 1 1 1 1 1 1 1 1 1 1 1 1 1 1 1 1 1 1 1 1 1 1 1 1 1 1 1 1 1 1 1 1 1 1 1 1 1 1 1 1 1 1 1 1 1 1 1 1 1 1 1 1 1 1 1 1 1 1 1 1 1 1 1 1 1 1 1 1 1 1 1 1 1 1 1 1 1 1 1 1 1 1 1 1 1 1 1 1 1 1 1 1 1 1 1 1 1 1 1 1 1 1 1 1 1 1 1 1 1 1 1 1 1 1 1 1 1 1 1 1 1 1 1 1 1 1 1 1 1 1 1 1 1 1 1 1 1 1 1 1 1 1 1 1 1 1 1 1 1 1 1 1 1 1 1 1 1 1 1 1 1 1 1 1 1 1 1 1 1 1 1 1 1 1 1 1 1 1 1 1 1 1 1 1 1 1 1 1 1 1 1 1 1 1 1 1 1 1 1 1 1 1 1 1 1 1 1 1 1 1 1 1 1 1 1 1 1 1 1 1 1 1 1 1 1 1 1 1 1 1 1 1 1 1 1 1 1 1 1 1 1 1 1 1 1 1 1 1 1 1 1 1 1 1 1 1 1 1 1 1 1 1 1 1 1 1 1 1 1 1 1 1 1 1 1 1 1 1 1 1 1 1 1 1 1 1 1 1 1 1 1 1 1 1 1 1 1 1 1 1 1 1 1 1 1 1 1 1 1 1 1 1 1 1 1 1 1 1 1 1 1 1 1 1 1 1 1 1 1 1 1 1 1 1 1 1 1 1 1 1 1 1 1 1 1 1 1 1 1 1 1 1 1 1 1 1 1 1 1 1 1 1 1 1 1 1 1 1 1 1 1 1 1 1 1 1 1 1 1 1 1 1 1 1 1 1 1 1 1 1 1 1 1 1 1 1 1 1 1 1 1 1 1 1 1 1 1 1 1 1 1
binNumber 10000
binClassNumber 1
binClass_widthVector 700
binClass_lengthVector 700
binClass_disponibility 1000
itemClass_weight 12600 16800 700 3150 700 34300 4200 1750 12950 3850 10850 16100 27300 8050 23100 9450 19600 19600 19950 19980 10730 12950 740 1480 1850 11840 2960 2960 8140 11470 45880 22940 8510 2960 31450 23310 10360 28490 4420 4080 1020 25160 3400 6120 3060 7480 13260 8500 19380 12920 26520 10880 30260 2380 4760 48620 5780 1900 22420 1900 12540 17480 24320 26980 2660 6080 25840 3420 5320 3420 25840 2660 42180 17480 20900 2660 1440 32400 17280 23040 10800 9000 14040 9720 20880 6840 1080 19800 2880 12240 25920 7200 15120 11880 10440 6600 21780 49500 5940 14520 1980 31020 990 14190 5280 15180 4290 6930 2970 24750 3960 9570 1650 9900 10140 20670 3510 17160 3120 3900 9750 3510 26520 5460 1950 4290 17160 8580 90870 25350 12480 2730 5850 27300 18720 1170 24180 4680 4680 1950 390 3900 28860 6240 390 37830 17940 8970 15210 11310 40560 18720 15300 15980 2040 7480 19720 680 5780 30600 44540 3400 8500 1020 18020 12920 10200 340 11900 1700 27880 5100 16660 340 3060 29920 7140 17680 11900 15300 17680 2040 13260 45900 15300 19380 2040 12920 1020 1360 350 18550 25900 19950 2450 5600 7700 350 18200 5950 30800 17150 28700 36750 350 9100 9800 2450 4900 760 8360 1520 22420 13300 14060 380 40660 9880 8740 4180 13300 4560 31540 3040 6460 15200 42180 25460 2460 2870 5740 17630 14350 820 5740 82820 7790 40590 27060 9020 4100 15990 9430 22140 8200 7380 2870 16800 37200 10800 17600 6400 9200 2400 17200 24400 72000 15200 3200 5200 400 6400 3600 6800 800 24400 23790 18720 32760 15600 7410 1560 9360 4680 10140 8580 6630 31590 3120 9360 7020 6240 9750 62010 4680 6480 4320 4320 11880 13320 3600 5760 25560 7560 360 11880 31680 16560 27360 18360 4320 9360 42120 7200 9000 7560 11160 6120 10080 2520 3960 360 5400 21960 5760 720 3960 10800 22680 23400 34560 38880 33120 2280 14440 3040 20140 19380 6460 24320 11780 9120 6460 14060 2280 29640 20900 11780 45220 16340 3420 4940 22800 4180 5700 3420 17100 44080 28120 24320 3800 23940 11020 10640 1900 1140 5320 4560 7600 7220 39140 4103 23364 11067 13394 1158 378 4693 17370 1119 13896 1770 13405 21056 1113 4927 3213 20680 1077 4488 36456 13392 3056 728 20440 11036 738 4416 9256 17296 372 17248 14134 17591 17689 12888 1416 3240 21175 7854 377 27258 28236 1101 11460 24420 1432 35770 14060 3680 17760 36432 8228 9334 10444 1128 4452 4103 9724 20845 21224 9990 16497 718 20160 1056 10332 13680 371 21010 8418 7766 14282 17055 35599 3883 12460 17280 14060 9612 4224 1092 10710 4476 4147 19824 11460 29309 37422 4180 27966 17664 19690 19360 23335 17108 18571 14288 3402 16779 17020 16974 10584 9612 385 748 17672 35966 716 2184 21831 30257 9558 34692 4136 2298 34532 4380 3240 12096 372 10314 702 3670 21033 3894 12775 20496 21112 358 1059 1125 27456 20919 28519 36860 24723 27887 9776 365 1484 17520 9990 13032 3530 25212 8712 29250 17235 35838 8470 2316 13838 16245 28002 1107 9024 11872 3610 17066 1508 4719 3660 27181 28626 20790 3375 9909 3312 25025 4284 17578 3810 4332 10098 13405 13176 13320 2880 10780 8763 20178 1456 17493 9801 27846 16146 21147 17202 28470 17689 18384 13680 14134 14282 11873 13468 3620 10260 12672 20048 1122 8349 3294 37620 8510 4576 1528 1146 351 364 25527 1895 36860 8784 25594 3600 758 17520 2238 3710 2872 13896 1056 13135 3520 3680 1408 28080 386 8470 14208 2992 20350 3650 4966 706 1119 13718 3894 732 36162 8544 16284 362 20691 10710 8338 24570 4452 3540 4667 29072 20664 14174 10024 20216 8326 29952 386 7920 1870 3790 8395 4048 13727 8688 24830 13020 14245 14171 36750 19910 3620 13608 1059 28182 16652 11005 16873 11842 11430 14098 9568 13357 23140 11873 3820 3938 11936 35405 3883 23855 13024 13246 9072 12960 4927 18914 4452 714 3894 2960 21392 2190 3680 36064 4771 1086 2208 16882 24790 20349 17520 19965 3276 28519 710 28314 3971 9936 9464 27797 16779 8096 3861 1428 10136 3080 16335 20384 20160 3860 29640 4092 1101 710 18375 24222 37828
