itemNumber 140
itemClassNumber 140
itemClass_widthVector 14 13 12 11 10 9 8 7 6 17 16 15 14 13 12 11 10 9 16 15 14 13 12 11 10 9 8 14 13 12 11 10 9 8 7 6 15 14 13 12 11 10 9 8 7 17 16 15 14 13 12 11 10 9 16 15 14 13 12 11 10 9 8 16 15 14 13 12 11 10 9 8 15 14 13 12 11 10 9 8 7 12 12 12 13 16 9 9 12 13 12 12 10 8 10 14 15 10 9 13 14 14 8 12 10 10 13 10 10 10 8 8 14 10 13 13 13 10 16 15 10 16 10 14 10 14 9 14 12 15 13 14 13 9 10 16 16 13 10 13
itemClass_lengthVector 9 3 8 44 20 9 33 8 6 12 23 27 16 15 4 16 4 23 17 24 17 26 22 6 9 8 11 25 4 10 4 6 41 6 18 26 43 2 1 32 6 5 28 6 17 41 21 8 30 4 11 12 8 5 26 17 47 10 13 13 12 1 1 28 8 76 3 2 1 7 4 11 7 23 21 13 11 1 36 11 17 44 44 20 44 8 33 32 20 45 21 20 9 8 10 9 4 10 34 7 4 3 9 44 8 9 7 8 8 8 9 9 8 10 43 7 45 10 8 10 8 9 8 8 8 9 32 2 21 3 45 9 43 34 8 8 8 9 10 7
itemClass_demand 1 1 1 1 1 1 1 1 1 1 1 1 1 1 1 1 1 1 1 1 1 1 1 1 1 1 1 1 1 1 1 1 1 1 1 1 1 1 1 1 1 1 1 1 1 1 1 1 1 1 1 1 1 1 1 1 1 1 1 1 1 1 1 1 1 1 1 1 1 1 1 1 1 1 1 1 1 1 1 1 1 1 1 1 1 1 1 1 1 1 1 1 1 1 1 1 1 1 1 1 1 1 1 1 1 1 1 1 1 1 1 1 1 1 1 1 1 1 1 1 1 1 1 1 1 1 1 1 1 1 1 1 1 1 1 1 1 1 1 1
binNumber 10000
binClassNumber 1
binClass_widthVector 140
binClass_lengthVector 140
binClass_disponibility 1000
itemClass_weight 1260 420 1120 6160 2800 1260 4620 1120 840 2040 3910 4590 2720 2550 680 2720 680 3910 2720 3840 2720 4160 3520 960 1440 1280 1760 3500 560 1400 560 840 5740 840 2520 3640 6450 300 150 4800 900 750 4200 900 2550 6970 3570 1360 5100 680 1870 2040 1360 850 4160 2720 7520 1600 2080 2080 1920 160 160 4480 1280 12160 480 320 160 1120 640 1760 1050 3450 3150 1950 1650 150 5400 1650 2550 6248 6248 2960 6248 1200 4686 4672 2940 6660 3129 3020 1332 1136 1550 1368 564 1420 4930 1015 576 450 1323 6556 1128 1350 1050 1216 1184 1240 1350 1350 1232 1470 6493 1057 6975 1410 1152 1420 1232 1278 1144 1224 1232 1287 4928 294 3129 450 6345 1368 6106 4930 1200 1224 1168 1314 1530 1001
