itemNumber 180
itemClassNumber 180
itemClass_widthVector 18 17 16 15 14 13 12 11 10 9 17 16 15 14 13 12 11 10 9 8 16 15 14 13 12 11 10 9 8 7 19 18 17 16 15 14 13 12 11 10 19 18 17 16 15 14 13 12 11 10 19 18 17 16 15 14 13 12 11 10 19 18 17 16 15 14 13 12 11 10 17 16 15 14 13 12 11 10 9 8 18 17 16 15 14 13 12 11 10 9 18 17 16 15 14 13 12 11 10 9 18 13 12 19 14 14 18 15 18 17 13 19 20 17 14 14 17 18 20 16 15 20 18 16 13 13 13 13 15 14 17 11 13 18 16 16 13 19 17 15 20 12 13 18 16 16 13 18 12 13 15 16 17 11 11 15 18 19 18 15 16 19 18 19 15 14 13 13 18 18 18 12 16 20 19 19 17 14 12 16
itemClass_lengthVector 4 3 15 6 29 57 3 11 31 21 22 51 8 12 2 27 23 2 23 10 10 16 45 1 13 25 36 1 5 28 26 11 6 18 24 14 28 13 12 28 5 10 9 26 39 8 17 12 12 42 26 18 18 3 71 4 3 24 10 3 14 62 1 28 4 31 1 2 14 23 2 28 31 9 46 5 18 5 33 3 21 25 25 37 15 16 4 10 24 3 42 29 4 3 4 6 2 15 70 5 16 10 10 2 2 58 16 28 4 16 12 3 3 14 58 4 7 15 4 7 57 4 16 6 10 10 10 10 28 3 16 31 3 4 7 29 12 3 16 28 5 31 4 4 6 28 2 14 32 10 30 6 14 30 32 30 14 2 4 58 5 5 14 4 29 57 10 3 2 14 15 31 29 4 3 4 14 57 32 5
itemClass_demand 1 1 1 1 1 1 1 1 1 1 1 1 1 1 1 1 1 1 1 1 1 1 1 1 1 1 1 1 1 1 1 1 1 1 1 1 1 1 1 1 1 1 1 1 1 1 1 1 1 1 1 1 1 1 1 1 1 1 1 1 1 1 1 1 1 1 1 1 1 1 1 1 1 1 1 1 1 1 1 1 1 1 1 1 1 1 1 1 1 1 1 1 1 1 1 1 1 1 1 1 1 1 1 1 1 1 1 1 1 1 1 1 1 1 1 1 1 1 1 1 1 1 1 1 1 1 1 1 1 1 1 1 1 1 1 1 1 1 1 1 1 1 1 1 1 1 1 1 1 1 1 1 1 1 1 1 1 1 1 1 1 1 1 1 1 1 1 1 1 1 1 1 1 1 1 1 1 1 1 1
binNumber 10000
binClassNumber 1
binClass_widthVector 180
binClass_lengthVector 180
binClass_disponibility 1000
itemClass_weight 720 540 2700 1080 5220 10260 540 1980 5580 3780 3740 8670 1360 2040 340 4590 3910 340 3910 1700 1600 2560 7200 160 2080 4000 5760 160 800 4480 4940 2090 1140 3420 4560 2660 5320 2470 2280 5320 950 1900 1710 4940 7410 1520 3230 2280 2280 7980 4940 3420 3420 570 13490 760 570 4560 1900 570 2660 11780 190 5320 760 5890 190 380 2660 4370 340 4760 5270 1530 7820 850 3060 850 5610 510 3780 4500 4500 6660 2700 2880 720 1800 4320 540 7560 5220 720 540 720 1080 360 2700 12600 900 2944 1990 1890 364 374 10614 3072 5096 724 3040 2388 573 549 2716 11484 792 1365 2850 768 1309 10374 784 3072 1140 1920 1860 1830 1930 5432 558 3184 5673 570 788 1344 5626 2292 549 3040 5124 910 6138 748 744 1110 5096 370 2786 5792 1910 5580 1110 2716 5910 5856 5970 2688 382 740 11310 955 925 2548 744 5655 11058 1980 558 382 2702 2775 5766 5365 792 576 756 2632 10431 6048 990
