itemNumber 140
itemClassNumber 140
itemClass_widthVector 15 14 13 12 11 10 9 8 7 16 15 14 13 12 11 10 9 8 17 16 15 14 13 12 11 10 9 15 14 13 12 11 10 9 8 7 17 16 15 14 13 12 11 10 9 14 13 12 11 10 9 8 7 6 17 16 15 14 13 12 11 10 9 14 13 12 11 10 9 8 7 6 15 14 13 12 11 10 9 8 7 14 17 15 13 13 13 17 12 12 12 15 17 10 17 14 9 11 16 11 13 10 14 10 15 9 14 13 12 14 15 10 10 13 11 10 13 13 16 10 14 14 16 15 9 13 12 15 12 15 10 14 13 15 17 17 9 12 16 9
itemClass_lengthVector 1 3 7 7 20 22 35 15 30 6 17 9 8 2 46 15 14 23 19 13 6 14 36 12 22 16 2 1 6 11 6 17 85 1 7 6 17 10 14 3 1 18 33 14 30 15 3 24 21 11 31 8 11 16 13 23 2 1 26 22 36 12 5 3 4 26 3 35 8 19 39 3 7 12 6 6 6 11 54 13 25 7 1 3 21 7 21 2 21 21 23 4 2 35 1 7 14 22 1 23 19 35 7 36 6 14 8 7 23 6 7 35 36 6 21 36 6 19 1 36 7 8 2 6 16 19 21 2 22 6 34 7 8 3 2 2 14 21 3 16
itemClass_demand 1 1 1 1 1 1 1 1 1 1 1 1 1 1 1 1 1 1 1 1 1 1 1 1 1 1 1 1 1 1 1 1 1 1 1 1 1 1 1 1 1 1 1 1 1 1 1 1 1 1 1 1 1 1 1 1 1 1 1 1 1 1 1 1 1 1 1 1 1 1 1 1 1 1 1 1 1 1 1 1 1 1 1 1 1 1 1 1 1 1 1 1 1 1 1 1 1 1 1 1 1 1 1 1 1 1 1 1 1 1 1 1 1 1 1 1 1 1 1 1 1 1 1 1 1 1 1 1 1 1 1 1 1 1 1 1 1 1 1 1
binNumber 10000
binClassNumber 1
binClass_widthVector 140
binClass_lengthVector 140
binClass_disponibility 1000
itemClass_weight 150 450 1050 1050 3000 3300 5250 2250 4500 960 2720 1440 1280 320 7360 2400 2240 3680 3230 2210 1020 2380 6120 2040 3740 2720 340 150 900 1650 900 2550 12750 150 1050 900 2890 1700 2380 510 170 3060 5610 2380 5100 2100 420 3360 2940 1540 4340 1120 1540 2240 2210 3910 340 170 4420 3740 6120 2040 850 420 560 3640 420 4900 1120 2660 5460 420 1050 1800 900 900 900 1650 8100 1950 3750 1064 165 474 3192 1120 3234 320 3213 3213 3542 660 332 5530 152 1148 2282 3366 166 3795 3154 5285 1120 5508 978 2296 1296 1057 3565 978 1141 5460 5544 972 3192 5940 924 3078 155 5760 1106 1208 314 996 2480 3040 3213 314 3344 954 5236 1148 1312 471 312 332 2114 3297 471 2416
