itemNumber 90
itemClassNumber 90
itemClass_widthVector 12 11 10 9 8 7 6 13 12 11 10 9 8 7 14 13 12 11 10 9 8 14 13 12 11 10 9 8 12 11 10 9 8 7 6 13 12 11 10 9 8 7 12 11 10 9 8 7 6 10 14 9 13 12 12 10 10 12 14 10 13 12 12 8 9 12 10 13 13 8 10 8 8 9 11 11 10 14 8 8 11 10 12 13 10 14 8 11 8 8
itemClass_lengthVector 3 5 11 29 40 1 1 27 3 4 7 4 1 44 11 30 6 10 3 13 17 3 20 14 32 10 10 1 30 8 14 8 5 7 18 41 3 6 7 4 20 9 2 7 3 22 3 12 41 28 4 40 4 12 10 29 29 12 2 30 6 10 5 2 40 10 30 3 6 1 28 1 1 41 11 11 30 4 2 1 10 28 5 5 30 3 1 11 2 1
itemClass_demand 1 1 1 1 1 1 1 1 1 1 1 1 1 1 1 1 1 1 1 1 1 1 1 1 1 1 1 1 1 1 1 1 1 1 1 1 1 1 1 1 1 1 1 1 1 1 1 1 1 1 1 1 1 1 1 1 1 1 1 1 1 1 1 1 1 1 1 1 1 1 1 1 1 1 1 1 1 1 1 1 1 1 1 1 1 1 1 1 1 1
binNumber 10000
binClassNumber 1
binClass_widthVector 90
binClass_lengthVector 90
binClass_disponibility 1000
itemClass_weight 360 600 1320 3480 4800 120 120 3510 390 520 910 520 130 5720 1529 4170 834 1390 417 1807 2363 417 2780 1946 4448 1390 1390 139 3600 960 1680 960 600 840 2160 5330 390 780 910 520 2600 1170 240 840 360 2640 360 1440 4920 3584 496 5240 484 1524 1300 3857 3799 1548 248 3780 768 1320 615 264 4920 1260 3900 366 738 126 3612 132 130 4961 1463 1331 3660 496 266 124 1260 3696 645 640 3810 384 128 1331 260 121
