itemNumber 500
itemClassNumber 500
itemClass_widthVector 32 31 30 29 28 27 26 25 24 23 22 21 20 19 18 17 29 28 27 26 25 24 23 22 21 20 19 18 17 16 15 14 31 30 29 28 27 26 25 24 23 22 21 20 19 18 17 16 31 30 29 28 27 26 25 24 23 22 21 20 19 18 17 16 33 32 31 30 29 28 27 26 25 24 23 22 21 20 19 18 28 27 26 25 24 23 22 21 20 19 18 17 16 15 14 13 29 28 27 26 25 24 23 22 21 20 19 18 17 16 15 14 31 30 29 28 27 26 25 24 23 22 21 20 19 18 17 16 35 34 33 32 31 30 29 28 27 26 25 24 23 22 21 20 31 30 29 28 27 26 25 24 23 22 21 20 19 18 17 16 34 33 32 31 30 29 28 27 26 25 24 23 22 21 20 19 31 30 29 28 27 26 25 24 23 22 21 20 19 18 17 16 33 32 31 30 29 28 27 26 25 24 23 22 21 20 19 18 34 33 32 31 30 29 28 27 26 25 24 23 22 21 20 19 30 29 28 27 26 25 24 23 22 21 20 19 18 17 16 15 28 27 26 25 24 23 22 21 20 19 18 17 16 15 14 13 19 25 25 31 33 27 32 27 23 26 36 27 27 33 34 25 27 31 29 20 35 31 22 23 20 26 21 20 24 20 32 27 30 34 28 25 28 34 35 20 35 20 22 28 25 23 26 27 31 26 24 32 26 25 33 21 26 30 24 35 35 32 26 30 22 27 25 27 28 26 36 21 22 33 19 21 32 20 28 25 27 23 20 23 24 32 25 24 30 21 29 29 30 30 23 21 22 24 32 31 33 23 28 23 20 24 29 23 20 22 24 27 33 27 32 34 35 20 20 23 22 23 25 36 28 29 30 30 19 29 32 35 32 26 28 31 19 36 35 31 28 24 34 27 34 29 25 32 30 20 34 30 27 28 32 34 27 33 22 22 33 29 33 36 32 21 26 28 25 30 21 23 30 29 28 30 19 31 33 32 26 20 20 30 24 23 32 24 25 21 21 35 33 23 30 21 33 26 21 28 22 21 21 34 30 25 25 27 36 32 30 23 24 20 36 31 20 23 34 22 25 21 30 24 28 25 22 34 34 32 27 27 26 25 23 21 33 32 26 32 26 22 25 33
itemClass_lengthVector 23 16 33 56 40 14 3 11 20 35 16 42 73 59 47 12 100 23 33 5 27 36 7 10 34 7 60 54 64 6 16 18 50 8 28 12 81 34 9 5 2 167 2 16 72 8 3 3 3 20 18 41 43 10 29 6 30 8 22 49 20 66 95 40 2 17 7 8 17 129 33 12 1 49 12 138 22 49 3 1 13 4 43 41 65 80 49 7 15 5 8 22 62 11 39 36 41 9 50 7 51 61 19 65 48 5 25 4 57 13 38 7 100 31 14 6 28 6 33 16 5 17 4 62 34 28 5 111 9 29 119 8 3 24 12 99 2 8 21 42 4 49 5 66 25 73 70 100 21 6 97 3 20 13 7 11 9 23 11 11 31 44 15 92 45 1 4 10 68 3 49 8 52 22 30 26 26 26 33 6 5 19 40 5 25 105 7 29 103 58 3 10 49 6 6 18 42 80 3 13 46 66 28 60 39 36 5 3 14 3 19 3 58 51 34 23 67 14 33 97 26 10 45 3 3 12 1 48 1 133 17 65 3 17 5 10 75 40 18 52 18 19 35 24 34 6 51 18 31 15 71 19 23 2 122 12 48 15 15 55 32 11 34 4 17 21 23 12 12 34 32 16 4 32 2 60 16 39 74 17 59 35 72 60 16 58 34 4 14 32 14 16 4 32 15 46 24 46 73 2 17 42 10 12 41 34 17 32 34 21 33 72 11 55 16 23 22 34 21 14 74 2 17 12 13 20 24 74 73 16 48 58 17 60 11 16 3 43 60 74 43 55 17 36 14 73 3 4 55 39 73 58 41 15 34 56 32 72 12 15 48 43 41 42 47 43 16 3 15 11 33 22 24 47 59 16 43 74 36 24 12 14 41 14 46 3 16 16 34 21 15 33 47 24 24 34 12 35 32 11 24 2 36 56 15 60 22 57 4 15 34 23 2 16 74 72 23 15 17 22 16 59 36 3 21 57 60 17 15 40 14 56 48 39 22 56 35 48 59 39 17 41 56 17 36 72 74 22 17 15 57 59 24 36 59 15 41 58 73 23 39 36 20 4 22 34 55 42 41 46 22 40 58 17 24 73 15 74 40 16 15 20 74 32 23 57 21 19 34 20 43 74 15 34 10 17 11 41 17 34
itemClass_demand 1 1 1 1 1 1 1 1 1 1 1 1 1 1 1 1 1 1 1 1 1 1 1 1 1 1 1 1 1 1 1 1 1 1 1 1 1 1 1 1 1 1 1 1 1 1 1 1 1 1 1 1 1 1 1 1 1 1 1 1 1 1 1 1 1 1 1 1 1 1 1 1 1 1 1 1 1 1 1 1 1 1 1 1 1 1 1 1 1 1 1 1 1 1 1 1 1 1 1 1 1 1 1 1 1 1 1 1 1 1 1 1 1 1 1 1 1 1 1 1 1 1 1 1 1 1 1 1 1 1 1 1 1 1 1 1 1 1 1 1 1 1 1 1 1 1 1 1 1 1 1 1 1 1 1 1 1 1 1 1 1 1 1 1 1 1 1 1 1 1 1 1 1 1 1 1 1 1 1 1 1 1 1 1 1 1 1 1 1 1 1 1 1 1 1 1 1 1 1 1 1 1 1 1 1 1 1 1 1 1 1 1 1 1 1 1 1 1 1 1 1 1 1 1 1 1 1 1 1 1 1 1 1 1 1 1 1 1 1 1 1 1 1 1 1 1 1 1 1 1 1 1 1 1 1 1 1 1 1 1 1 1 1 1 1 1 1 1 1 1 1 1 1 1 1 1 1 1 1 1 1 1 1 1 1 1 1 1 1 1 1 1 1 1 1 1 1 1 1 1 1 1 1 1 1 1 1 1 1 1 1 1 1 1 1 1 1 1 1 1 1 1 1 1 1 1 1 1 1 1 1 1 1 1 1 1 1 1 1 1 1 1 1 1 1 1 1 1 1 1 1 1 1 1 1 1 1 1 1 1 1 1 1 1 1 1 1 1 1 1 1 1 1 1 1 1 1 1 1 1 1 1 1 1 1 1 1 1 1 1 1 1 1 1 1 1 1 1 1 1 1 1 1 1 1 1 1 1 1 1 1 1 1 1 1 1 1 1 1 1 1 1 1 1 1 1 1 1 1 1 1 1 1 1 1 1 1 1 1 1 1 1 1 1 1 1 1 1 1 1 1 1 1 1 1 1 1 1 1 1 1 1 1 1 1 1 1 1 1 1 1 1 1 1 1 1 1 1 1 1 1 1 1 1 1 1 1 1 1 1 1 1 1 1 1 1 1 1 1 1
binNumber 10000
binClassNumber 1
binClass_widthVector 500
binClass_lengthVector 500
binClass_disponibility 1000
itemClass_weight 7360 5120 10560 17920 12800 4480 960 3520 6400 11200 5120 13440 23360 18880 15040 3840 29000 6670 9570 1450 7830 10440 2030 2900 9860 2030 17400 15660 18560 1740 4640 5220 15500 2480 8680 3720 25110 10540 2790 1550 620 51770 620 4960 22320 2480 930 930 930 6200 5580 12710 13330 3100 8990 1860 9300 2480 6820 15190 6200 20460 29450 12400 660 5610 2310 2640 5610 42570 10890 3960 330 16170 3960 45540 7260 16170 990 330 3640 1120 12040 11480 18200 22400 13720 1960 4200 1400 2240 6160 17360 3080 10920 10080 11890 2610 14500 2030 14790 17690 5510 18850 13920 1450 7250 1160 16530 3770 11020 2030 31000 9610 4340 1860 8680 1860 10230 4960 1550 5270 1240 19220 10540 8680 1550 34410 3150 10150 41650 2800 1050 8400 4200 34650 700 2800 7350 14700 1400 17150 1750 23100 7750 22630 21700 31000 6510 1860 30070 930 6200 4030 2170 3410 2790 7130 3410 3410 10540 14960 5100 31280 15300 340 1360 3400 23120 1020 16660 2720 17680 7480 10200 8840 8060 8060 10230 1860 1550 5890 12400 1550 7750 32550 2170 8990 31930 17980 930 3100 16170 1980 1980 5940 13860 26400 990 4290 15180 21780 9240 19800 12870 11880 1650 990 4760 1020 6460 1020 19720 17340 11560 7820 22780 4760 11220 32980 8840 3400 15300 1020 900 3600 300 14400 300 39900 5100 19500 900 5100 1500 3000 22500 12000 5400 15600 5040 5320 9800 6720 9520 1680 14280 5040 8680 4200 19880 5320 6440 560 34160 3360 15552 4860 4815 19085 10496 3850 10948 1396 5814 6930 7613 4008 4140 11594 10368 5184 1292 11008 702 19620 5568 12831 24642 5610 20827 12075 23760 19500 5216 20300 11696 1344 4718 11104 4774 5184 1400 11136 4965 14996 8424 15088 24455 700 5984 13860 3510 4152 14309 11696 5780 11008 10948 6804 10923 23832 3883 18150 5488 7751 7106 11152 7119 4872 25086 702 5848 4212 4329 6660 7752 24494 25258 5328 16896 20416 5712 19860 3663 5360 1005 15093 19980 23976 14276 19030 5457 12276 4648 25185 981 1304 17875 13338 25112 19082 14309 4830 11798 18200 10816 23328 3876 5235 16320 14792 14350 13650 16121 14491 5600 1014 4815 3718 10857 7260 8232 15980 19647 5200 15007 24864 12204 8208 3888 4928 13161 4914 15870 1014 5216 5376 10914 6951 4920 11286 16403 7896 8472 11220 4080 12075 10272 3542 8112 706 12420 18760 4845 19800 7436 20064 1396 5010 11662 8096 702 5632 25086 24408 7498 4845 5593 7128 5552 20827 12204 963 7350 19665 20280 5508 5250 13240 4816 19040 16944 13416 7436 18032 12075 16752 19411 13377 5899 13530 19152 5712 11592 24840 24494 7568 5508 5205 19836 19352 7992 11700 19175 5100 14309 19778 25404 8004 12870 12708 7040 1348 7194 11492 17820 14826 13407 15640 7502 13920 19198 5525 8112 25039 4935 25604 13840 5552 5115 6440 25900 10752 7475 18639 6951 6536 11016 6600 13975 26048 4965 11050 3270 5559 3674 13448 5848 11594
