itemNumber 190
itemClassNumber 190
itemClass_widthVector 19 18 17 16 15 14 13 12 11 10 20 19 18 17 16 15 14 13 12 11 19 18 17 16 15 14 13 12 11 10 19 18 17 16 15 14 13 12 11 10 20 19 18 17 16 15 14 13 12 11 20 19 18 17 16 15 14 13 12 11 17 16 15 14 13 12 11 10 9 8 17 16 15 14 13 12 11 10 9 8 20 19 18 17 16 15 14 13 12 11 19 18 17 16 15 14 13 12 11 10 16 20 20 18 12 15 19 21 20 19 15 14 19 19 20 21 17 13 15 14 18 19 20 19 17 13 13 16 15 14 16 19 15 13 13 18 12 18 19 21 15 19 20 20 14 13 14 15 19 20 12 13 14 19 14 19 14 14 19 13 17 19 12 14 18 17 17 14 20 12 14 17 17 16 15 19 20 14 14 18 20 18 21 17 19 21 20 15 18 20
itemClass_lengthVector 24 1 12 11 30 37 23 20 4 28 8 43 9 24 29 6 14 19 2 36 8 10 10 31 15 1 28 29 13 45 19 4 28 19 17 21 37 17 11 17 46 3 66 5 5 6 13 31 13 2 6 5 15 22 6 47 47 7 10 25 4 20 30 9 32 1 54 4 9 27 41 8 2 49 24 18 20 14 10 4 18 15 12 31 32 18 8 19 32 5 12 4 30 18 9 22 20 21 11 43 38 25 2 11 4 37 1 25 25 2 24 20 2 1 1 24 12 20 24 22 12 11 25 11 29 4 20 31 37 23 29 1 36 20 21 11 5 10 12 24 38 1 1 24 20 19 22 38 13 1 4 5 24 13 19 2 22 24 2 4 29 12 4 24 13 10 30 19 2 4 24 12 12 36 36 1 1 23 24 12 2 10 23 10 11 23 1 24 12 23
itemClass_demand 1 1 1 1 1 1 1 1 1 1 1 1 1 1 1 1 1 1 1 1 1 1 1 1 1 1 1 1 1 1 1 1 1 1 1 1 1 1 1 1 1 1 1 1 1 1 1 1 1 1 1 1 1 1 1 1 1 1 1 1 1 1 1 1 1 1 1 1 1 1 1 1 1 1 1 1 1 1 1 1 1 1 1 1 1 1 1 1 1 1 1 1 1 1 1 1 1 1 1 1 1 1 1 1 1 1 1 1 1 1 1 1 1 1 1 1 1 1 1 1 1 1 1 1 1 1 1 1 1 1 1 1 1 1 1 1 1 1 1 1 1 1 1 1 1 1 1 1 1 1 1 1 1 1 1 1 1 1 1 1 1 1 1 1 1 1 1 1 1 1 1 1 1 1 1 1 1 1 1 1 1 1 1 1 1 1 1 1 1 1
binNumber 10000
binClassNumber 1
binClass_widthVector 190
binClass_lengthVector 190
binClass_disponibility 1000
itemClass_weight 4560 190 2280 2090 5700 7030 4370 3800 760 5320 1600 8600 1800 4800 5800 1200 2800 3800 400 7200 1520 1900 1900 5890 2850 190 5320 5510 2470 8550 3610 760 5320 3610 3230 3990 7030 3230 2090 3230 9200 600 13200 1000 1000 1200 2600 6200 2600 400 1200 1000 3000 4400 1200 9400 9400 1400 2000 5000 680 3400 5100 1530 5440 170 9180 680 1530 4590 6970 1360 340 8330 4080 3060 3400 2380 1700 680 3600 3000 2400 6200 6400 3600 1600 3800 6400 1000 2280 760 5700 3420 1710 4180 3800 3990 2090 8170 7296 5150 402 2255 780 7622 206 5075 4825 398 4872 4160 400 198 199 4680 2412 4020 4728 4466 2364 2222 4975 2266 5887 840 3840 6169 7215 4393 5568 208 7092 3820 4116 2288 1015 2030 2364 4920 7372 203 199 4608 3980 3667 4576 7828 2678 207 828 1000 4800 2717 3952 420 4554 4944 386 812 5974 2472 788 4776 2496 1910 5940 3971 394 812 4992 2484 2376 7560 7092 195 194 4531 4656 2424 414 1940 4485 1970 2134 4439 205 4896 2292 4692
