itemNumber 180
itemClassNumber 180
itemClass_widthVector 16 15 14 13 12 11 10 9 8 7 18 17 16 15 14 13 12 11 10 9 18 17 16 15 14 13 12 11 10 9 18 17 16 15 14 13 12 11 10 9 18 17 16 15 14 13 12 11 10 9 16 15 14 13 12 11 10 9 8 7 20 19 18 17 16 15 14 13 12 11 18 17 16 15 14 13 12 11 10 9 19 18 17 16 15 14 13 12 11 10 19 18 17 16 15 14 13 12 11 10 15 10 17 14 17 12 13 14 15 17 12 18 11 15 15 18 10 16 14 10 10 16 14 15 10 15 9 14 15 13 18 15 16 14 12 9 9 9 10 9 17 12 17 16 13 18 14 9 11 12 15 9 14 16 17 11 14 17 12 13 9 14 15 15 10 10 13 17 16 10 17 13 10 13 12 18 10 14 15 15
itemClass_lengthVector 31 27 9 1 13 11 1 8 61 18 25 28 18 27 6 9 37 6 9 15 8 15 4 4 1 34 6 1 56 51 25 41 35 6 5 6 4 3 28 27 6 62 10 11 3 3 14 12 25 34 1 6 23 35 8 19 38 4 17 29 9 32 34 10 10 49 9 2 20 5 23 4 7 18 16 19 23 11 44 15 24 9 24 9 29 13 1 5 25 41 16 4 63 11 27 18 26 1 9 5 9 8 31 1 31 1 12 12 2 27 1 31 2 1 1 30 7 10 1 7 9 10 13 8 8 8 60 13 9 12 30 9 28 14 1 60 62 60 7 62 26 11 28 9 10 30 2 62 1 2 2 62 1 27 30 1 1 31 10 12 61 2 9 2 9 9 11 31 8 8 31 12 8 11 1 30 9 1 9 9
itemClass_demand 1 1 1 1 1 1 1 1 1 1 1 1 1 1 1 1 1 1 1 1 1 1 1 1 1 1 1 1 1 1 1 1 1 1 1 1 1 1 1 1 1 1 1 1 1 1 1 1 1 1 1 1 1 1 1 1 1 1 1 1 1 1 1 1 1 1 1 1 1 1 1 1 1 1 1 1 1 1 1 1 1 1 1 1 1 1 1 1 1 1 1 1 1 1 1 1 1 1 1 1 1 1 1 1 1 1 1 1 1 1 1 1 1 1 1 1 1 1 1 1 1 1 1 1 1 1 1 1 1 1 1 1 1 1 1 1 1 1 1 1 1 1 1 1 1 1 1 1 1 1 1 1 1 1 1 1 1 1 1 1 1 1 1 1 1 1 1 1 1 1 1 1 1 1 1 1 1 1 1 1
binNumber 10000
binClassNumber 1
binClass_widthVector 180
binClass_lengthVector 180
binClass_disponibility 1000
itemClass_weight 4960 4320 1440 160 2080 1760 160 1280 9760 2880 4500 5040 3240 4860 1080 1620 6660 1080 1620 2700 1440 2700 720 720 180 6120 1080 180 10080 9180 4500 7380 6300 1080 900 1080 720 540 5040 4860 1080 11160 1800 1980 540 540 2520 2160 4500 6120 160 960 3680 5600 1280 3040 6080 640 2720 4640 1800 6400 6800 2000 2000 9800 1800 400 4000 1000 4140 720 1260 3240 2880 3420 4140 1980 7920 2700 4560 1710 4560 1710 5510 2470 190 950 4750 7790 3040 760 11970 2090 5130 3420 4940 190 1710 950 1449 1416 5239 168 5084 170 1932 2040 322 4671 167 5208 336 163 162 5220 1141 1750 172 1197 1458 1650 2106 1360 1376 1336 10080 2236 1548 1968 5070 1503 4844 2296 163 10020 10354 10320 1141 10416 4576 1892 4732 1476 1710 5010 344 10478 163 352 330 10540 166 4779 5010 168 170 5208 1620 2088 10675 352 1521 328 1449 1566 1793 5208 1352 1384 5053 2124 1368 1859 166 4920 1458 162 1503 1503
