itemNumber 120
itemClassNumber 120
itemClass_widthVector 15 14 13 12 11 10 9 8 15 14 13 12 11 10 9 8 14 13 12 11 10 9 8 7 17 16 15 14 13 12 11 10 17 16 15 14 13 12 11 10 14 13 12 11 10 9 8 7 14 13 12 11 10 9 8 7 14 13 12 11 10 9 8 7 15 14 16 11 12 17 12 16 17 16 13 14 10 15 13 13 15 15 10 15 10 13 11 13 15 17 13 16 12 16 12 14 10 13 10 10 17 14 12 13 10 15 12 11 14 13 14 12 10 13 16 15 11 15 16 12
itemClass_lengthVector 3 35 14 19 27 5 15 2 4 30 49 20 1 3 12 1 23 9 4 14 11 4 21 34 21 9 7 3 16 2 19 43 9 10 7 27 29 5 30 3 8 5 17 6 55 7 10 12 11 26 9 41 3 5 20 5 18 7 8 5 19 23 35 5 14 18 2 4 27 2 4 35 2 36 18 14 14 35 26 19 36 15 15 14 15 20 4 27 34 4 19 34 27 4 27 13 15 27 15 15 2 20 4 18 14 14 26 5 20 26 13 4 16 28 35 35 6 13 3 5
itemClass_demand 1 1 1 1 1 1 1 1 1 1 1 1 1 1 1 1 1 1 1 1 1 1 1 1 1 1 1 1 1 1 1 1 1 1 1 1 1 1 1 1 1 1 1 1 1 1 1 1 1 1 1 1 1 1 1 1 1 1 1 1 1 1 1 1 1 1 1 1 1 1 1 1 1 1 1 1 1 1 1 1 1 1 1 1 1 1 1 1 1 1 1 1 1 1 1 1 1 1 1 1 1 1 1 1 1 1 1 1 1 1 1 1 1 1 1 1 1 1 1 1
binNumber 10000
binClassNumber 1
binClass_widthVector 120
binClass_lengthVector 120
binClass_disponibility 1000
itemClass_weight 450 5250 2100 2850 4050 750 2250 300 600 4500 7350 3000 150 450 1800 150 3220 1260 560 1960 1540 560 2940 4760 3570 1530 1190 510 2720 340 3230 7310 1530 1700 1190 4590 4930 850 5100 510 1120 700 2380 840 7700 980 1400 1680 1540 3640 1260 5740 420 700 2800 700 2520 980 1120 700 2660 3220 4900 700 2156 2826 304 608 4347 328 628 5810 330 5652 2736 2198 2226 5635 3952 3116 5796 2415 2385 2142 2280 3180 660 4401 5304 616 2888 5644 4131 664 4104 2080 2295 4239 2370 2310 328 3060 664 2916 2170 2226 3926 770 3060 4160 1963 660 2640 4564 5635 5425 960 1989 483 780
