itemNumber 190
itemClassNumber 190
itemClass_widthVector 17 16 15 14 13 12 11 10 9 8 21 20 19 18 17 16 15 14 13 12 21 20 19 18 17 16 15 14 13 12 18 17 16 15 14 13 12 11 10 9 19 18 17 16 15 14 13 12 11 10 19 18 17 16 15 14 13 12 11 10 19 18 17 16 15 14 13 12 11 10 17 16 15 14 13 12 11 10 9 8 20 19 18 17 16 15 14 13 12 11 19 18 17 16 15 14 13 12 11 10 17 19 16 12 18 15 15 18 12 18 15 18 13 19 12 16 16 18 12 17 11 18 16 12 17 15 18 19 14 16 10 15 16 14 19 16 17 15 13 10 16 10 11 10 18 12 18 10 11 19 19 15 10 12 13 16 10 15 17 18 12 15 18 13 14 13 11 16 16 12 12 14 17 17 12 12 15 17 12 14 13 19 12 15 16 16 14 13 17 19
itemClass_lengthVector 31 27 10 13 11 9 1 18 56 14 8 14 31 18 27 6 9 37 6 34 23 4 4 1 34 6 1 52 4 61 25 41 14 27 5 6 4 3 28 37 6 83 6 9 5 12 25 35 1 8 1 6 2 41 23 7 50 4 17 39 47 7 10 11 10 10 60 20 10 5 9 14 41 4 19 23 11 36 8 25 14 14 38 29 3 11 30 1 41 9 12 79 14 38 5 5 13 3 12 9 26 32 10 18 31 13 14 26 18 31 10 27 1 31 2 12 12 30 1 28 19 28 14 19 11 11 30 32 10 9 55 11 10 9 30 10 28 12 1 55 14 55 17 57 26 18 28 56 18 32 30 14 57 1 2 14 57 13 27 30 1 12 31 8 10 2 17 10 14 19 19 9 28 26 18 1 14 28 18 9 1 30 19 13 10 10 10 8 28 30
itemClass_demand 1 1 1 1 1 1 1 1 1 1 1 1 1 1 1 1 1 1 1 1 1 1 1 1 1 1 1 1 1 1 1 1 1 1 1 1 1 1 1 1 1 1 1 1 1 1 1 1 1 1 1 1 1 1 1 1 1 1 1 1 1 1 1 1 1 1 1 1 1 1 1 1 1 1 1 1 1 1 1 1 1 1 1 1 1 1 1 1 1 1 1 1 1 1 1 1 1 1 1 1 1 1 1 1 1 1 1 1 1 1 1 1 1 1 1 1 1 1 1 1 1 1 1 1 1 1 1 1 1 1 1 1 1 1 1 1 1 1 1 1 1 1 1 1 1 1 1 1 1 1 1 1 1 1 1 1 1 1 1 1 1 1 1 1 1 1 1 1 1 1 1 1 1 1 1 1 1 1 1 1 1 1 1 1 1 1 1 1 1 1
binNumber 10000
binClassNumber 1
binClass_widthVector 190
binClass_lengthVector 190
binClass_disponibility 1000
itemClass_weight 5270 4590 1700 2210 1870 1530 170 3060 9520 2380 1680 2940 6510 3780 5670 1260 1890 7770 1260 7140 4830 840 840 210 7140 1260 210 10920 840 12810 4500 7380 2520 4860 900 1080 720 540 5040 6660 1140 15770 1140 1710 950 2280 4750 6650 190 1520 190 1140 380 7790 4370 1330 9500 760 3230 7410 8930 1330 1900 2090 1900 1900 11400 3800 1900 950 1530 2380 6970 680 3230 3910 1870 6120 1360 4250 2800 2800 7600 5800 600 2200 6000 200 8200 1800 2280 15010 2660 7220 950 950 2470 570 2280 1710 4498 5504 1710 3366 5549 2444 2548 4758 3258 5580 1710 4941 177 5518 356 2076 2256 5400 173 5096 3477 5208 2534 3268 1925 2068 5610 5952 1820 1593 9790 2002 1880 1566 5370 1770 5124 2088 173 10340 2478 10010 2941 10146 4888 3366 4872 9856 3276 5792 5310 2548 10203 173 372 2450 10260 2288 5049 5310 178 2160 5518 1376 1880 372 3162 1790 2436 3249 3496 1692 5068 4602 3348 183 2520 5236 3258 1611 176 5220 3268 2236 1770 1770 1810 1368 5264 5250
