itemNumber 70
itemClassNumber 70
itemClass_widthVector 11 10 9 8 7 6 10 9 8 7 6 5 12 11 10 9 8 7 11 10 9 8 7 6 13 12 11 10 9 8 13 12 11 10 9 8 10 11 11 8 10 8 13 8 10 8 8 11 8 12 12 12 10 10 10 10 13 9 10 9 9 12 12 8 8 10 10 10 8 8
itemClass_lengthVector 13 14 22 12 2 7 3 1 10 16 11 29 29 1 27 7 4 2 13 3 8 14 16 16 5 27 19 11 3 5 14 7 36 9 1 3 23 13 15 2 23 1 13 1 22 3 1 15 2 12 13 14 21 23 23 22 13 11 23 11 11 14 15 3 2 21 21 23 2 1
itemClass_demand 1 1 1 1 1 1 1 1 1 1 1 1 1 1 1 1 1 1 1 1 1 1 1 1 1 1 1 1 1 1 1 1 1 1 1 1 1 1 1 1 1 1 1 1 1 1 1 1 1 1 1 1 1 1 1 1 1 1 1 1 1 1 1 1 1 1 1 1 1 1
binNumber 10000
binClassNumber 1
binClass_widthVector 70
binClass_lengthVector 70
binClass_disponibility 1000
itemClass_weight 1430 1540 2420 1320 220 770 300 100 1000 1600 1100 2900 3480 120 3240 840 480 240 1430 330 880 1540 1760 1760 650 3510 2470 1430 390 650 1820 910 4680 1170 130 390 2783 1443 1755 236 2691 117 1560 118 2442 354 121 1680 242 1416 1495 1624 2373 2783 2714 2464 1508 1232 2760 1221 1342 1666 1710 351 222 2331 2415 2691 222 120
