itemNumber 170
itemClassNumber 170
itemClass_widthVector 18 17 16 15 14 13 12 11 10 9 16 15 14 13 12 11 10 9 8 7 16 15 14 13 12 11 10 9 8 7 17 16 15 14 13 12 11 10 9 8 18 17 16 15 14 13 12 11 10 9 16 15 14 13 12 11 10 9 8 7 17 16 15 14 13 12 11 10 9 8 16 15 14 13 12 11 10 9 8 7 17 16 15 14 13 12 11 10 9 8 19 18 17 16 15 14 13 12 11 10 14 18 11 19 12 17 12 12 16 14 16 16 20 19 19 17 14 20 12 15 20 18 19 19 12 13 17 20 11 13 20 16 11 18 14 16 12 13 11 20 17 14 18 13 17 20 16 17 12 19 16 16 15 14 18 13 13 15 14 17 14 18 14 20 12 19 13 19 15 16
itemClass_lengthVector 25 7 19 30 28 23 16 3 9 10 18 1 14 71 14 14 13 14 4 7 13 2 29 29 24 8 13 9 34 9 35 3 5 5 6 3 39 66 1 7 8 21 39 14 9 6 10 22 16 25 21 5 19 25 12 23 49 3 11 2 5 15 4 19 16 9 16 45 29 12 1 10 7 23 30 3 5 33 21 37 14 4 22 21 18 2 12 14 8 55 9 11 8 1 1 66 32 16 9 17 17 6 10 8 2 18 3 3 30 15 31 28 24 26 8 20 16 24 2 28 24 6 25 6 9 17 20 25 9 3 25 28 8 6 24 27 9 2 10 24 30 16 8 16 18 26 27 29 9 7 28 27 22 15 6 4 2 24 22 20 22 7 16 26 4 24 17 7 24 29
itemClass_demand 1 1 1 1 1 1 1 1 1 1 1 1 1 1 1 1 1 1 1 1 1 1 1 1 1 1 1 1 1 1 1 1 1 1 1 1 1 1 1 1 1 1 1 1 1 1 1 1 1 1 1 1 1 1 1 1 1 1 1 1 1 1 1 1 1 1 1 1 1 1 1 1 1 1 1 1 1 1 1 1 1 1 1 1 1 1 1 1 1 1 1 1 1 1 1 1 1 1 1 1 1 1 1 1 1 1 1 1 1 1 1 1 1 1 1 1 1 1 1 1 1 1 1 1 1 1 1 1 1 1 1 1 1 1 1 1 1 1 1 1 1 1 1 1 1 1 1 1 1 1 1 1 1 1 1 1 1 1 1 1 1 1 1 1 1 1 1 1 1 1
binNumber 10000
binClassNumber 1
binClass_widthVector 170
binClass_lengthVector 170
binClass_disponibility 1000
itemClass_weight 4500 1260 3420 5400 5040 4140 2880 540 1620 1800 2880 160 2240 11360 2240 2240 2080 2240 640 1120 2080 320 4640 4640 3840 1280 2080 1440 5440 1440 5950 510 850 850 1020 510 6630 11220 170 1190 1440 3780 7020 2520 1620 1080 1800 3960 2880 4500 3360 800 3040 4000 1920 3680 7840 480 1760 320 850 2550 680 3230 2720 1530 2720 7650 4930 2040 160 1600 1120 3680 4800 480 800 5280 3360 5920 2380 680 3740 3570 3060 340 2040 2380 1360 9350 1710 2090 1520 190 190 12540 6080 3040 1710 3230 3366 1140 1860 1472 386 3420 549 570 5580 2940 5921 5376 4704 4784 1512 3840 3056 4704 396 5432 4488 1104 4975 1104 1791 3383 3780 4550 1656 543 4950 5572 1592 1188 4440 5373 1746 396 1920 4344 5520 2896 1456 3184 3582 4992 4914 5626 1773 1358 5320 4887 4004 2715 1104 732 376 4464 4092 3880 4378 1337 3136 4940 752 4368 3145 1274 4440 5452
