itemNumber 120
itemClassNumber 120
itemClass_widthVector 16 15 14 13 12 11 10 9 16 15 14 13 12 11 10 9 15 14 13 12 11 10 9 8 16 15 14 13 12 11 10 9 14 13 12 11 10 9 8 7 16 15 14 13 12 11 10 9 13 12 11 10 9 8 7 6 14 13 12 11 10 9 8 7 18 11 14 14 16 13 11 14 12 15 17 13 14 15 17 11 15 18 11 13 12 12 14 16 18 11 15 16 12 15 15 15 11 18 14 17 12 13 12 13 17 16 15 18 17 16 17 14 18 17 14 14 17 13 15 15
itemClass_lengthVector 32 1 17 4 42 9 6 9 9 7 27 27 12 10 21 7 7 41 8 18 21 2 18 5 8 20 4 3 12 21 4 48 13 9 21 31 1 26 16 3 7 19 8 6 21 21 12 26 15 5 6 2 5 54 30 3 33 7 12 33 4 10 9 12 33 6 43 3 16 10 6 42 5 17 33 43 4 3 1 6 16 32 5 41 5 10 42 18 33 7 17 2 6 16 18 16 7 32 5 2 6 41 5 42 1 1 17 33 1 17 1 4 33 1 4 5 31 10 5 3
itemClass_demand 1 1 1 1 1 1 1 1 1 1 1 1 1 1 1 1 1 1 1 1 1 1 1 1 1 1 1 1 1 1 1 1 1 1 1 1 1 1 1 1 1 1 1 1 1 1 1 1 1 1 1 1 1 1 1 1 1 1 1 1 1 1 1 1 1 1 1 1 1 1 1 1 1 1 1 1 1 1 1 1 1 1 1 1 1 1 1 1 1 1 1 1 1 1 1 1 1 1 1 1 1 1 1 1 1 1 1 1 1 1 1 1 1 1 1 1 1 1 1 1
binNumber 10000
binClassNumber 1
binClass_widthVector 120
binClass_lengthVector 120
binClass_disponibility 1000
itemClass_weight 5120 160 2720 640 6720 1440 960 1440 1440 1120 4320 4320 1920 1600 3360 1120 1050 6150 1200 2700 3150 300 2700 750 1280 3200 640 480 1920 3360 640 7680 1820 1260 2940 4340 140 3640 2240 420 1120 3040 1280 960 3360 3360 1920 4160 1950 650 780 260 650 7020 3900 390 4620 980 1680 4620 560 1400 1260 1680 5709 1044 7009 528 2576 1620 1008 6972 870 3009 5511 7525 704 507 171 972 2576 5344 875 7093 810 1670 7224 3114 5379 1190 2907 352 984 2784 3168 2832 1190 5664 825 352 978 6765 855 7140 177 164 2958 5544 163 2907 170 696 5544 174 680 855 5332 1730 850 501
