itemNumber 700
itemClassNumber 700
itemClass_widthVector 34 33 32 31 30 29 28 27 26 25 24 23 22 21 20 19 18 17 16 34 33 32 31 30 29 28 27 26 25 24 23 22 21 20 19 18 17 16 35 34 33 32 31 30 29 28 27 26 25 24 23 22 21 20 19 18 17 38 37 36 35 34 33 32 31 30 29 28 27 26 25 24 23 22 21 20 36 35 34 33 32 31 30 29 28 27 26 25 24 23 22 21 20 19 18 38 37 36 35 34 33 32 31 30 29 28 27 26 25 24 23 22 21 20 37 36 35 34 33 32 31 30 29 28 27 26 25 24 23 22 21 20 19 37 36 35 34 33 32 31 30 29 28 27 26 25 24 23 22 21 20 19 33 32 31 30 29 28 27 26 25 24 23 22 21 20 19 18 17 16 15 36 35 34 33 32 31 30 29 28 27 26 25 24 23 22 21 20 19 18 39 38 37 36 35 34 33 32 31 30 29 28 27 26 25 24 23 22 21 40 39 38 37 36 35 34 33 32 31 30 29 28 27 26 25 24 23 22 39 38 37 36 35 34 33 32 31 30 29 28 27 26 25 24 23 22 21 40 39 38 37 36 35 34 33 32 31 30 29 28 27 26 25 24 23 22 38 37 36 35 34 33 32 31 30 29 28 27 26 25 24 23 22 21 20 33 32 31 30 29 28 27 26 25 24 23 22 21 20 19 18 17 16 15 34 33 32 31 30 29 28 27 26 25 24 23 22 21 20 19 18 17 16 38 37 36 35 34 33 32 31 30 29 28 27 26 25 24 23 22 21 20 41 40 39 38 37 36 35 34 33 32 31 30 29 28 27 26 25 24 23 22 26 20 30 36 36 22 36 34 23 20 26 24 29 30 23 24 29 18 38 25 34 20 28 20 29 35 32 22 28 21 34 26 20 37 26 36 22 36 26 28 32 28 38 19 20 34 22 31 22 24 32 28 30 30 23 28 28 22 20 18 27 19 35 23 23 18 30 23 23 28 25 37 34 26 27 23 32 38 36 20 31 31 21 20 24 18 22 29 25 30 20 29 34 29 35 36 23 31 28 35 36 22 21 21 25 29 26 26 25 26 25 18 23 26 32 24 18 28 23 26 30 34 22 18 19 35 19 23 29 25 29 25 32 23 22 24 37 30 31 29 23 26 27 24 18 23 20 27 33 24 19 26 35 28 19 26 30 20 32 19 21 36 21 28 19 36 25 33 31 18 36 21 36 19 37 35 28 22 32 19 28 29 35 29 29 35 30 36 26 34 19 27 33 34 31 24 19 30 26 28 34 27 28 34 35 35 33 29 34 33 35 35 25 27 35 33 25 30 21 22 29 20 22 28 34 34 31 31 18 24 18 22 29 30 20 28 29 23 19 18 25 25 34 26 29 24 23 23 19 28 29 25 35 22 35 32 29 26 27 30 29 29 20 24 19 25 23 21 25 34 35 28 23 23 30 36 27 23 35 34 28 23 29 22 29 21 20 20 31 34 31 28 34 23 29 20 20 21 19 26 22 24 32 31 25 33 36 18 19 25 22 20 23 28 29 26 24 30 24 20 31 30 24 19 19 18 30 28 38 28 34 37 23 21 32 25 29 24
itemClass_lengthVector 25 115 29 9 3 1 55 5 85 6 36 21 44 89 4 12 35 117 9 171 57 47 36 6 16 84 75 7 18 3 11 45 27 28 1 36 7 25 22 3 1 7 9 17 11 15 33 13 46 79 6 107 3 11 51 255 11 25 71 9 26 27 73 93 12 67 9 47 26 14 29 3 68 38 40 23 5 32 39 7 72 79 23 6 23 83 25 25 15 22 83 67 33 1 60 20 2 31 44 25 64 189 1 53 7 56 32 8 6 58 10 20 54 20 25 54 40 6 1 18 53 28 36 53 40 28 1 19 3 70 28 83 114 73 14 12 62 20 57 28 38 61 40 33 63 61 28 10 11 85 1 3 31 118 13 12 11 56 23 104 25 10 11 38 21 5 45 4 61 22 90 18 79 6 94 8 16 1 59 115 4 13 89 70 11 12 6 20 6 73 11 45 26 57 21 7 11 84 28 12 54 35 24 61 36 117 12 51 8 42 50 4 58 62 22 1 77 85 68 48 4 10 13 31 36 33 5 51 102 37 5 19 27 5 27 17 5 32 4 55 30 18 70 28 174 40 5 9 20 50 28 24 41 71 80 6 31 8 21 11 47 108 1 53 59 32 48 16 1 71 12 34 64 7 26 50 16 37 59 14 81 90 1 37 36 10 70 29 13 10 46 2 46 34 54 46 43 60 6 44 93 79 12 3 2 53 56 9 15 9 73 4 24 8 128 97 26 38 12 77 11 57 1 32 70 1 4 34 94 44 8 5 139 54 16 40 20 4 11 41 58 25 35 35 55 37 52 70 15 6 28 90 3 41 9 55 52 62 31 8 16 3 5 11 56 24 115 3 25 2 4 12 5 45 56 4 88 44 54 118 24 43 9 13 5 11 55 116 10 90 7 11 10 21 12 115 22 30 88 114 5 5 10 6 26 35 36 2 5 2 3 20 1 85 55 5 45 5 86 5 36 118 6 36 9 3 5 117 6 89 89 7 37 114 8 37 35 45 10 25 114 13 54 1 12 34 21 118 3 56 44 2 13 56 29 85 25 116 43 1 84 30 26 88 3 3 22 54 35 20 20 7 37 116 90 6 8 22 116 5 88 36 2 4 90 118 36 30 34 44 4 43 85 36 2 43 89 88 114 55 1 6 89 6 7 90 116 90 36 84 10 88 35 6 30 6 116 5 4 35 1 36 11 115 3 86 35 25 45 3 1 118 25 12 24 36 25 26 84 88 2 116 6 56 24 5 56 9 54 24 21 115 36 7 10 2 3 43 36 54 6 85 114 5 4 114 9 26 8 86 8 28 10 26 37 84 29 9 43 55 12 3 6 35 4 6 8 3 4 54 116 22 118 89 55 56 12 6 55 5 116 116 37 44 30 37 56 20 45 88 36 85 85 37 9 5 25 2 54 6 37 2 85 85 36 43 34 44 89 11 22 28 25 6 90 44 1 24 86 45 114 9 84 89 55 4 5 13 12 35 56 114 1 6 10 4 54 35 35 4 35 37 3 90 1 56 37 4 28 116 118 43 89 36 45 6 55 5 88 56 90 13 4 54 21 35 36 116 5 5 25 6 4 116 45 12 1 44 86 89
itemClass_demand 1 1 1 1 1 1 1 1 1 1 1 1 1 1 1 1 1 1 1 1 1 1 1 1 1 1 1 1 1 1 1 1 1 1 1 1 1 1 1 1 1 1 1 1 1 1 1 1 1 1 1 1 1 1 1 1 1 1 1 1 1 1 1 1 1 1 1 1 1 1 1 1 1 1 1 1 1 1 1 1 1 1 1 1 1 1 1 1 1 1 1 1 1 1 1 1 1 1 1 1 1 1 1 1 1 1 1 1 1 1 1 1 1 1 1 1 1 1 1 1 1 1 1 1 1 1 1 1 1 1 1 1 1 1 1 1 1 1 1 1 1 1 1 1 1 1 1 1 1 1 1 1 1 1 1 1 1 1 1 1 1 1 1 1 1 1 1 1 1 1 1 1 1 1 1 1 1 1 1 1 1 1 1 1 1 1 1 1 1 1 1 1 1 1 1 1 1 1 1 1 1 1 1 1 1 1 1 1 1 1 1 1 1 1 1 1 1 1 1 1 1 1 1 1 1 1 1 1 1 1 1 1 1 1 1 1 1 1 1 1 1 1 1 1 1 1 1 1 1 1 1 1 1 1 1 1 1 1 1 1 1 1 1 1 1 1 1 1 1 1 1 1 1 1 1 1 1 1 1 1 1 1 1 1 1 1 1 1 1 1 1 1 1 1 1 1 1 1 1 1 1 1 1 1 1 1 1 1 1 1 1 1 1 1 1 1 1 1 1 1 1 1 1 1 1 1 1 1 1 1 1 1 1 1 1 1 1 1 1 1 1 1 1 1 1 1 1 1 1 1 1 1 1 1 1 1 1 1 1 1 1 1 1 1 1 1 1 1 1 1 1 1 1 1 1 1 1 1 1 1 1 1 1 1 1 1 1 1 1 1 1 1 1 1 1 1 1 1 1 1 1 1 1 1 1 1 1 1 1 1 1 1 1 1 1 1 1 1 1 1 1 1 1 1 1 1 1 1 1 1 1 1 1 1 1 1 1 1 1 1 1 1 1 1 1 1 1 1 1 1 1 1 1 1 1 1 1 1 1 1 1 1 1 1 1 1 1 1 1 1 1 1 1 1 1 1 1 1 1 1 1 1 1 1 1 1 1 1 1 1 1 1 1 1 1 1 1 1 1 1 1 1 1 1 1 1 1 1 1 1 1 1 1 1 1 1 1 1 1 1 1 1 1 1 1 1 1 1 1 1 1 1 1 1 1 1 1 1 1 1 1 1 1 1 1 1 1 1 1 1 1 1 1 1 1 1 1 1 1 1 1 1 1 1 1 1 1 1 1 1 1 1 1 1 1 1 1 1 1 1 1 1 1 1 1 1 1 1 1 1 1 1 1 1 1 1 1 1 1 1 1 1 1 1 1 1 1 1 1 1 1 1 1 1 1 1 1 1 1 1 1 1 1 1 1 1 1 1 1 1 1 1 1 1 1 1 1 1 1 1 1 1 1 1 1 1 1 1 1 1 1 1 1 1 1 1 1 1 1 1 1 1 1 1 1 1 1 1 1 1 1 1 1 1 1 1 1 1 1 1 1 1 1 1 1 1 1 1 1 1 1 1 1 1 1 1 1 1 1 1
binNumber 10000
binClassNumber 1
binClass_widthVector 700
binClass_lengthVector 700
binClass_disponibility 1000
itemClass_weight 8500 39100 9860 3060 1020 340 18700 1700 28900 2040 12240 7140 14960 30260 1360 4080 11900 39780 3060 58140 19380 15980 12240 2040 5440 28560 25500 2380 6120 1020 3740 15300 9180 9520 340 12240 2380 8500 7700 1050 350 2450 3150 5950 3850 5250 11550 4550 16100 27650 2100 37450 1050 3850 17850 89250 3850 9500 26980 3420 9880 10260 27740 35340 4560 25460 3420 17860 9880 5320 11020 1140 25840 14440 15200 8740 1800 11520 14040 2520 25920 28440 8280 2160 8280 29880 9000 9000 5400 7920 29880 24120 11880 360 21600 7600 760 11780 16720 9500 24320 71820 380 20140 2660 21280 12160 3040 2280 22040 3800 7600 20520 7600 9250 19980 14800 2220 370 6660 19610 10360 13320 19610 14800 10360 370 7030 1110 25900 10360 30710 42180 27010 5180 4440 22940 7400 21090 10360 14060 22570 14800 12210 23310 22570 10360 3700 4070 31450 370 1110 10230 38940 4290 3960 3630 18480 7590 34320 8250 3300 3630 12540 6930 1650 14850 1320 20130 7260 29700 6480 28440 2160 33840 2880 5760 360 21240 41400 1440 4680 32040 25200 3960 4320 2160 7200 2160 26280 4290 17550 10140 22230 8190 2730 4290 32760 10920 4680 21060 13650 9360 23790 14040 45630 4680 19890 3120 16800 20000 1600 23200 24800 8800 400 30800 34000 27200 19200 1600 4000 5200 12400 14400 13200 2000 20400 39780 14430 1950 7410 10530 1950 10530 6630 1950 12480 1560 21450 11700 7020 27300 10920 67860 15600 1950 3600 8000 20000 11200 9600 16400 28400 32000 2400 12400 3200 8400 4400 18800 43200 400 21200 23600 12800 18240 6080 380 26980 4560 12920 24320 2660 9880 19000 6080 14060 22420 5320 30780 34200 380 14060 13680 3300 23100 9570 4290 3300 15180 660 15180 11220 17820 15180 14190 19800 1980 14520 30690 26070 3960 990 680 18020 19040 3060 5100 3060 24820 1360 8160 2720 43520 32980 8840 12920 4080 26180 3740 19380 340 12160 26600 380 1520 12920 35720 16720 3040 1900 52820 20520 6080 15200 7600 1520 4180 15580 22040 9500 14350 14350 22550 15170 21320 28700 6150 2460 11480 36900 1230 16810 3690 22550 21320 25420 12710 3280 6560 1086 1820 3960 19432 8664 41630 1113 8850 690 1384 4200 1810 16020 19992 1464 32208 15796 18576 44250 8832 15394 3366 4810 1710 3850 20625 41644 3490 30870 2506 3982 3470 7518 4104 39215 7568 11040 30888 40128 1780 1820 3560 2082 8996 12040 13248 698 1720 736 1047 7140 367 31450 19690 1715 16560 1855 30616 1820 12816 43660 2088 13140 3366 1095 1820 40950 2112 31328 32574 2499 13542 39558 2888 13024 12985 16605 3630 8725 41724 4823 19494 366 4152 12104 7476 41772 1074 19096 16016 704 4537 19096 10208 29070 9000 43036 15910 345 31500 10770 8970 31680 1086 1065 7634 18468 12145 6980 7060 2394 12765 43152 33390 2100 2800 7920 41180 1760 30184 13068 686 1400 32220 40828 12708 10470 12580 15884 1388 14964 30260 12348 702 15480 30972 30536 38874 19250 357 2160 32485 2202 2618 32490 41412 31140 13464 30576 3540 31064 12075 2238 10560 2208 43500 1830 1420 12495 366 12384 3949 40480 1092 30702 12635 8800 16695 1035 345 40356 9375 4164 8208 12600 8700 9438 29568 31152 736 40252 2064 19712 8472 1730 19936 3168 19386 8640 7560 42665 13068 2576 3550 692 1050 15652 13248 19548 2136 28985 40356 1865 1380 41610 3357 9152 2768 30788 2824 9548 3700 9230 13172 29652 10788 3249 15265 19140 4128 1110 2064 12180 1468 2136 3000 1029 1376 19278 43152 8096 40946 30349 19525 20944 4116 2244 20350 1755 40600 39672 13246 15356 10500 12728 19768 7440 15480 30888 12492 31620 30090 12617 3303 1835 8550 726 19602 2088 13320 714 31875 30685 13248 14878 12274 15224 31862 4125 7766 9996 9200 2136 32850 15708 353 8664 31132 15390 41838 3141 28812 30705 20625 1432 1780 4602 4284 12635 20552 40128 375 2070 3740 1400 19440 12950 12250 1472 12425 13283 1092 30870 374 20608 13246 1424 9548 40020 41418 15480 30349 12312 15840 2220 19030 1790 30536 19768 32040 4485 1456 20034 7749 11970 13032 41180 1840 1800 8725 2082 1456 43152 15570 4116 363 15884 31820 31061
