itemNumber 160
itemClassNumber 160
itemClass_widthVector 19 18 17 16 15 14 13 12 11 18 17 16 15 14 13 12 11 10 19 18 17 16 15 14 13 12 11 17 16 15 14 13 12 11 10 9 17 16 15 14 13 12 11 10 9 16 15 14 13 12 11 10 9 8 19 18 17 16 15 14 13 12 11 19 18 17 16 15 14 13 12 11 16 15 14 13 12 11 10 9 8 13 16 19 18 14 14 19 15 20 17 20 20 20 18 20 21 19 18 16 13 19 13 13 17 17 19 19 17 20 13 15 15 17 19 16 14 16 14 17 14 15 20 20 18 14 15 14 19 17 15 15 15 19 17 18 19 17 16 13 16 21 20 19 17 17 14 13 15 19 17 18 15 20 16 16 15 20 18 18
itemClass_lengthVector 11 33 42 12 11 7 26 16 2 23 30 1 4 11 6 27 6 52 1 6 22 3 4 25 48 44 7 18 6 26 1 51 6 30 11 11 12 30 19 33 10 26 4 23 3 1 28 26 2 28 13 13 45 4 17 47 25 9 12 18 16 1 15 8 5 18 12 2 22 1 88 4 23 13 1 35 1 18 33 20 16 16 12 32 11 25 17 34 27 34 13 34 11 11 12 12 12 32 41 8 15 33 17 15 12 11 32 34 12 11 16 25 8 10 42 10 15 7 25 11 16 7 32 10 43 17 6 26 33 11 6 6 27 43 10 43 41 11 11 16 6 12 12 33 13 13 25 16 26 32 10 43 8 10 12 11 25 11 13 42
itemClass_demand 1 1 1 1 1 1 1 1 1 1 1 1 1 1 1 1 1 1 1 1 1 1 1 1 1 1 1 1 1 1 1 1 1 1 1 1 1 1 1 1 1 1 1 1 1 1 1 1 1 1 1 1 1 1 1 1 1 1 1 1 1 1 1 1 1 1 1 1 1 1 1 1 1 1 1 1 1 1 1 1 1 1 1 1 1 1 1 1 1 1 1 1 1 1 1 1 1 1 1 1 1 1 1 1 1 1 1 1 1 1 1 1 1 1 1 1 1 1 1 1 1 1 1 1 1 1 1 1 1 1 1 1 1 1 1 1 1 1 1 1 1 1 1 1 1 1 1 1 1 1 1 1 1 1 1 1 1 1 1 1
binNumber 10000
binClassNumber 1
binClass_widthVector 160
binClass_lengthVector 160
binClass_disponibility 1000
itemClass_weight 2090 6270 7980 2280 2090 1330 4940 3040 380 4140 5400 180 720 1980 1080 4860 1080 9360 190 1140 4180 570 760 4750 9120 8360 1330 3060 1020 4420 170 8670 1020 5100 1870 1870 2040 5100 3230 5610 1700 4420 680 3910 510 160 4480 4160 320 4480 2080 2080 7200 640 3230 8930 4750 1710 2280 3420 3040 190 2850 1520 950 3420 2280 380 4180 190 16720 760 3680 2080 160 5600 160 2880 5280 3200 2560 3072 2352 6112 2255 5200 3536 7106 5589 6562 2522 6970 2310 2255 2376 2520 2448 6144 7831 1664 3015 6765 3451 3030 2364 2112 6464 6970 2376 2101 3104 5150 1536 1920 8022 2010 3150 1421 4975 2310 3136 1407 6656 2020 8643 3349 1248 5226 6600 2101 1170 1242 5481 8686 2030 8987 7831 2123 2277 3136 1260 2424 2496 6633 2652 2717 5050 3232 5122 6464 2070 8944 1568 2010 2412 2123 5125 2145 2691 8526
