itemNumber 130
itemClassNumber 130
itemClass_widthVector 13 12 11 10 9 8 7 6 5 16 15 14 13 12 11 10 9 8 15 14 13 12 11 10 9 8 7 13 12 11 10 9 8 7 6 5 13 12 11 10 9 8 7 6 5 14 13 12 11 10 9 8 7 6 16 15 14 13 12 11 10 9 8 15 14 13 12 11 10 9 8 7 15 14 13 12 11 10 9 8 7 7 10 10 15 10 9 11 13 14 8 13 7 13 13 13 11 12 15 9 8 12 12 12 15 14 9 11 10 15 13 15 10 11 15 13 9 15 14 14 15 10 8 8 7 10 7 13 13 7
itemClass_lengthVector 6 19 25 1 17 2 36 20 4 12 13 25 1 1 23 18 32 5 30 6 15 7 11 11 18 26 6 14 19 15 27 25 2 7 17 4 22 28 19 9 27 11 5 4 5 66 3 16 21 2 14 1 2 5 2 39 28 6 7 15 5 23 5 4 16 20 10 19 40 12 5 4 8 4 6 7 2 6 86 4 7 20 17 17 5 17 1 2 25 7 36 19 21 19 24 26 1 25 7 2 37 2 24 25 5 5 3 1 16 5 20 7 17 2 6 20 3 6 6 6 6 16 37 37 20 16 19 18 26 21
itemClass_demand 1 1 1 1 1 1 1 1 1 1 1 1 1 1 1 1 1 1 1 1 1 1 1 1 1 1 1 1 1 1 1 1 1 1 1 1 1 1 1 1 1 1 1 1 1 1 1 1 1 1 1 1 1 1 1 1 1 1 1 1 1 1 1 1 1 1 1 1 1 1 1 1 1 1 1 1 1 1 1 1 1 1 1 1 1 1 1 1 1 1 1 1 1 1 1 1 1 1 1 1 1 1 1 1 1 1 1 1 1 1 1 1 1 1 1 1 1 1 1 1 1 1 1 1 1 1 1 1 1 1
binNumber 10000
binClassNumber 1
binClass_widthVector 130
binClass_lengthVector 130
binClass_disponibility 1000
itemClass_weight 780 2470 3250 130 2210 260 4680 2600 520 1920 2080 4000 160 160 3680 2880 5120 800 4500 900 2250 1050 1650 1650 2700 3900 900 1820 2470 1950 3510 3250 260 910 2210 520 2860 3640 2470 1170 3510 1430 650 520 650 9240 420 2240 2940 280 1960 140 280 700 320 6240 4480 960 1120 2400 800 3680 800 600 2400 3000 1500 2850 6000 1800 750 600 1200 600 900 1050 300 900 12900 600 1050 2780 2448 2312 675 2346 134 284 3275 994 4788 2622 2793 2527 3408 3718 137 3475 938 262 5254 270 3408 3275 715 705 393 143 2112 660 2620 987 2278 270 858 2720 402 822 786 828 792 2128 4958 5180 2660 2288 2660 2376 3588 2814
