itemNumber 160
itemClassNumber 160
itemClass_widthVector 20 19 18 17 16 15 14 13 12 17 16 15 14 13 12 11 10 9 18 17 16 15 14 13 12 11 10 17 16 15 14 13 12 11 10 9 18 17 16 15 14 13 12 11 10 17 16 15 14 13 12 11 10 9 17 16 15 14 13 12 11 10 9 17 16 15 14 13 12 11 10 9 19 18 17 16 15 14 13 12 11 20 14 16 16 19 22 14 18 17 18 15 17 15 21 23 21 18 19 17 14 19 18 14 19 20 18 20 18 23 18 19 19 19 16 23 23 17 18 16 14 15 20 20 23 16 17 15 16 15 14 18 15 16 19 21 14 20 17 21 17 17 18 16 21 22 16 19 23 16 20 19 15 14 15 19 20 18 16 22
itemClass_lengthVector 4 4 22 14 69 7 6 7 27 9 9 37 25 1 6 7 45 21 37 3 11 33 39 4 21 7 5 18 35 6 20 22 3 17 18 21 10 5 6 2 58 32 2 1 44 5 12 21 30 8 11 9 53 11 3 2 13 26 38 20 17 5 36 7 6 1 33 14 25 40 17 17 21 19 9 39 9 9 11 1 42 4 6 7 7 21 3 8 68 68 68 6 7 7 3 4 5 14 15 6 7 22 14 7 15 4 15 23 69 4 68 23 23 15 8 4 3 8 15 7 6 5 4 22 4 7 68 6 8 5 6 69 6 6 22 3 8 5 69 5 8 8 13 6 4 4 5 14 3 8 5 15 6 7 5 21 21 69 6 4
itemClass_demand 1 1 1 1 1 1 1 1 1 1 1 1 1 1 1 1 1 1 1 1 1 1 1 1 1 1 1 1 1 1 1 1 1 1 1 1 1 1 1 1 1 1 1 1 1 1 1 1 1 1 1 1 1 1 1 1 1 1 1 1 1 1 1 1 1 1 1 1 1 1 1 1 1 1 1 1 1 1 1 1 1 1 1 1 1 1 1 1 1 1 1 1 1 1 1 1 1 1 1 1 1 1 1 1 1 1 1 1 1 1 1 1 1 1 1 1 1 1 1 1 1 1 1 1 1 1 1 1 1 1 1 1 1 1 1 1 1 1 1 1 1 1 1 1 1 1 1 1 1 1 1 1 1 1 1 1 1 1 1 1
binNumber 10000
binClassNumber 1
binClass_widthVector 160
binClass_lengthVector 160
binClass_disponibility 1000
itemClass_weight 800 800 4400 2800 13800 1400 1200 1400 5400 1530 1530 6290 4250 170 1020 1190 7650 3570 6660 540 1980 5940 7020 720 3780 1260 900 3060 5950 1020 3400 3740 510 2890 3060 3570 1800 900 1080 360 10440 5760 360 180 7920 850 2040 3570 5100 1360 1870 1530 9010 1870 510 340 2210 4420 6460 3400 2890 850 6120 1190 1020 170 5610 2380 4250 6800 2890 2890 3990 3610 1710 7410 1710 1710 2090 190 7980 836 1242 1533 1414 4368 630 1688 14688 14416 14144 1218 1484 1456 651 872 1035 2856 3300 1302 1470 4466 2912 1526 3060 880 3165 4784 15042 848 14144 4807 4991 3315 1648 864 618 1712 3120 1449 1254 1085 804 4510 824 1435 13872 1320 1664 1100 1224 14973 1272 1236 4752 657 1672 1100 14628 1020 1672 1640 2704 1314 852 828 1025 2884 618 1648 1040 3255 1248 1526 1055 4473 4284 14421 1266 868
