itemNumber 170
itemClassNumber 170
itemClass_widthVector 16 15 14 13 12 11 10 9 8 7 17 16 15 14 13 12 11 10 9 8 18 17 16 15 14 13 12 11 10 9 16 15 14 13 12 11 10 9 8 7 18 17 16 15 14 13 12 11 10 9 15 14 13 12 11 10 9 8 7 6 18 17 16 15 14 13 12 11 10 9 18 17 16 15 14 13 12 11 10 9 16 15 14 13 12 11 10 9 8 7 18 17 16 15 14 13 12 11 10 9 14 9 13 9 13 13 16 9 10 16 11 12 15 10 10 15 10 11 13 15 9 17 12 17 13 14 12 10 12 14 12 18 14 14 17 11 15 15 17 16 9 13 13 16 9 13 18 11 15 14 12 14 9 13 10 14 12 17 17 9 15 12 16 17 17 13 12 14 16 10
itemClass_lengthVector 1 3 14 20 23 34 15 26 14 20 6 17 9 8 2 53 22 25 25 3 19 13 20 2 46 22 22 5 20 1 1 6 11 6 17 28 57 1 14 29 10 7 10 14 3 1 51 14 24 36 14 1 3 49 7 31 8 11 20 26 8 5 23 19 10 29 29 12 32 3 7 26 31 4 16 14 52 2 13 5 7 12 12 2 4 36 42 50 3 2 3 9 3 2 83 19 11 11 14 15 24 15 35 15 33 35 4 15 27 2 14 16 20 25 25 20 26 16 33 13 14 2 34 2 22 24 15 27 16 19 33 1 19 22 1 16 20 21 2 13 15 33 34 4 13 23 2 14 20 21 14 21 15 34 25 21 14 1 1 15 21 33 14 1 2 22 16 21 14 26
itemClass_demand 1 1 1 1 1 1 1 1 1 1 1 1 1 1 1 1 1 1 1 1 1 1 1 1 1 1 1 1 1 1 1 1 1 1 1 1 1 1 1 1 1 1 1 1 1 1 1 1 1 1 1 1 1 1 1 1 1 1 1 1 1 1 1 1 1 1 1 1 1 1 1 1 1 1 1 1 1 1 1 1 1 1 1 1 1 1 1 1 1 1 1 1 1 1 1 1 1 1 1 1 1 1 1 1 1 1 1 1 1 1 1 1 1 1 1 1 1 1 1 1 1 1 1 1 1 1 1 1 1 1 1 1 1 1 1 1 1 1 1 1 1 1 1 1 1 1 1 1 1 1 1 1 1 1 1 1 1 1 1 1 1 1 1 1 1 1 1 1 1 1
binNumber 10000
binClassNumber 1
binClass_widthVector 170
binClass_lengthVector 170
binClass_disponibility 1000
itemClass_weight 160 480 2240 3200 3680 5440 2400 4160 2240 3200 1020 2890 1530 1360 340 9010 3740 4250 4250 510 3420 2340 3600 360 8280 3960 3960 900 3600 180 160 960 1760 960 2720 4480 9120 160 2240 4640 1800 1260 1800 2520 540 180 9180 2520 4320 6480 2100 150 450 7350 1050 4650 1200 1650 3000 3900 1440 900 4140 3420 1800 5220 5220 2160 5760 540 1260 4680 5580 720 2880 2520 9360 360 2340 900 1120 1920 1920 320 640 5760 6720 8000 480 320 540 1620 540 360 14940 3420 1980 1980 2520 2700 3936 2655 5950 2445 5379 5740 700 2625 4671 324 2366 2800 3420 4050 4300 3360 4420 2656 5709 2119 2450 334 5746 354 3696 3984 2610 4482 2624 3268 5841 175 3116 3784 165 2720 3360 3381 334 2301 2640 5445 5474 664 2236 3818 338 2296 3480 3717 2352 3612 2415 5644 4050 3570 2408 169 166 2505 3675 5709 2310 167 354 3696 2816 3549 2352 4212
