itemNumber 170
itemClassNumber 170
itemClass_widthVector 19 18 17 16 15 14 13 12 11 10 15 14 13 12 11 10 9 8 7 6 18 17 16 15 14 13 12 11 10 9 17 16 15 14 13 12 11 10 9 8 16 15 14 13 12 11 10 9 8 7 15 14 13 12 11 10 9 8 7 6 16 15 14 13 12 11 10 9 8 7 19 18 17 16 15 14 13 12 11 10 18 17 16 15 14 13 12 11 10 9 17 16 15 14 13 12 11 10 9 8 15 17 15 18 19 13 19 12 19 13 17 18 21 16 14 13 18 14 20 13 20 18 13 13 20 17 17 21 19 15 21 20 20 21 16 14 15 13 17 17 19 19 14 15 16 19 15 19 17 14 13 16 19 19 12 20 18 18 13 18 15 17 20 13 16 16 19 20 13 13
itemClass_lengthVector 6 19 26 19 12 24 20 12 1 31 12 13 26 1 23 18 58 12 5 2 30 21 18 11 18 26 5 6 21 14 14 19 15 27 22 3 9 17 10 34 22 23 5 19 9 27 11 5 4 45 69 37 2 14 1 2 30 2 12 1 41 28 6 7 20 23 19 11 11 4 4 16 20 10 19 40 17 9 23 12 12 6 7 2 92 4 38 1 4 4 17 54 4 19 19 2 8 20 6 21 23 20 24 20 18 1 18 1 25 2 20 26 7 24 21 2 25 19 6 1 5 20 11 11 7 12 20 6 20 25 6 6 6 6 11 21 21 2 11 19 18 27 13 19 24 26 23 25 20 20 1 25 19 20 1 18 27 25 13 26 25 11 7 12 13 23 26 7 12 1
itemClass_demand 1 1 1 1 1 1 1 1 1 1 1 1 1 1 1 1 1 1 1 1 1 1 1 1 1 1 1 1 1 1 1 1 1 1 1 1 1 1 1 1 1 1 1 1 1 1 1 1 1 1 1 1 1 1 1 1 1 1 1 1 1 1 1 1 1 1 1 1 1 1 1 1 1 1 1 1 1 1 1 1 1 1 1 1 1 1 1 1 1 1 1 1 1 1 1 1 1 1 1 1 1 1 1 1 1 1 1 1 1 1 1 1 1 1 1 1 1 1 1 1 1 1 1 1 1 1 1 1 1 1 1 1 1 1 1 1 1 1 1 1 1 1 1 1 1 1 1 1 1 1 1 1 1 1 1 1 1 1 1 1 1 1 1 1 1 1 1 1 1 1
binNumber 10000
binClassNumber 1
binClass_widthVector 170
binClass_lengthVector 170
binClass_disponibility 1000
itemClass_weight 1140 3610 4940 3610 2280 4560 3800 2280 190 5890 1800 1950 3900 150 3450 2700 8700 1800 750 300 5400 3780 3240 1980 3240 4680 900 1080 3780 2520 2380 3230 2550 4590 3740 510 1530 2890 1700 5780 3520 3680 800 3040 1440 4320 1760 800 640 7200 10350 5550 300 2100 150 300 4500 300 1800 150 6560 4480 960 1120 3200 3680 3040 1760 1760 640 760 3040 3800 1900 3610 7600 3230 1710 4370 2280 2160 1080 1260 360 16560 720 6840 180 720 720 2890 9180 680 3230 3230 340 1360 3400 1020 3570 4554 3920 4608 4020 3654 206 3636 207 4875 396 4080 5408 1379 4584 4158 398 4875 3629 1164 210 1020 3860 2156 2156 1428 2376 3980 1242 4040 4950 1224 1146 1236 1158 2145 4158 4389 398 2112 3724 3492 5562 2561 3629 4824 5434 4600 5250 3940 3900 202 4975 3648 4140 193 3618 5292 5150 2730 5434 5025 2101 1442 2292 2639 4485 5278 1358 2340 193
