itemNumber 400
itemClassNumber 400
itemClass_widthVector 27 26 25 24 23 22 21 20 19 18 17 16 15 14 13 28 27 26 25 24 23 22 21 20 19 18 17 16 15 14 26 25 24 23 22 21 20 19 18 17 16 15 14 13 12 26 25 24 23 22 21 20 19 18 17 16 15 14 13 12 25 24 23 22 21 20 19 18 17 16 15 14 13 12 11 25 24 23 22 21 20 19 18 17 16 15 14 13 12 11 30 29 28 27 26 25 24 23 22 21 20 19 18 17 16 29 28 27 26 25 24 23 22 21 20 19 18 17 16 15 25 24 23 22 21 20 19 18 17 16 15 14 13 12 11 26 25 24 23 22 21 20 19 18 17 16 15 14 13 12 28 27 26 25 24 23 22 21 20 19 18 17 16 15 14 27 26 25 24 23 22 21 20 19 18 17 16 15 14 13 28 27 26 25 24 23 22 21 20 19 18 17 16 15 14 24 23 22 21 20 19 18 17 16 15 14 13 12 11 10 26 25 24 23 22 21 20 19 18 17 16 15 14 13 12 24 18 29 23 21 21 25 17 16 27 29 17 18 15 19 16 23 25 28 28 25 16 18 15 29 28 25 19 19 28 26 28 16 25 28 22 20 17 25 22 24 26 17 15 25 29 28 17 22 28 19 29 28 19 20 24 21 16 26 19 17 20 21 28 17 16 20 22 23 29 17 20 21 16 17 28 18 22 26 26 16 23 16 28 18 28 21 17 27 17 23 17 19 18 27 24 17 19 23 17 20 24 18 30 23 23 19 19 27 20 15 19 17 23 18 18 26 20 20 29 24 27 28 23 18 25 16 23 30 27 21 16 27 30 18 25 17 29 28 30 28 24 23 27 20 23 22 26 30 26 28 27 27 27 20 25 16 19 26 16 20 23 19 25 24 24 24 23 18 20 27 16 29 25 18
itemClass_lengthVector 21 6 54 6 35 73 22 15 52 32 43 2 11 1 27 3 10 10 6 29 14 31 19 72 17 7 34 111 14 23 22 6 20 27 14 10 40 146 12 15 16 31 10 23 8 1 9 48 44 8 4 55 26 11 16 6 67 17 70 18 50 22 16 31 30 41 1 15 56 25 45 10 13 35 10 8 37 26 2 70 3 6 30 65 38 3 26 43 26 17 7 36 1 40 7 13 10 85 35 9 37 7 16 20 77 15 13 3 88 6 66 1 41 2 16 58 18 21 25 27 5 9 25 5 121 6 11 59 3 31 6 39 41 37 2 13 14 12 4 11 8 41 87 1 49 28 53 10 49 20 4 16 11 37 28 17 28 13 1 26 26 103 18 21 51 31 17 40 8 71 2 29 8 20 8 3 2 53 21 87 2 49 55 11 29 20 72 3 17 6 10 94 5 19 8 5 83 4 2 10 35 18 8 19 14 93 2 21 84 2 14 13 23 46 47 34 99 4 17 11 35 38 10 8 1 73 44 5 73 16 51 5 3 1 54 20 10 1 1 44 12 21 35 55 7 35 11 1 1 20 6 5 43 43 55 55 20 2 74 7 21 31 3 74 21 73 35 1 2 35 6 53 12 14 6 32 20 22 31 31 36 53 2 6 44 12 52 53 5 12 11 53 16 14 22 3 33 51 1 11 53 3 14 34 34 11 21 1 20 42 7 15 1 6 10 73 3 33 3 6 35 1 32 14 12 52 72 42 21 74 16 43 32 6 31 1 31 1 21 3 43 54 51 52 7 36 6 55 73 43 5 11 14 22 6 51 10 5 21 3 72 12 20 5 21 53 21 74 5 33 15 16 6 21 54 6 54 7 6 52 35 11 43 53 1 31 23 33 72 34 35 35 21 43 31 5 1 21 73 1
itemClass_demand 1 1 1 1 1 1 1 1 1 1 1 1 1 1 1 1 1 1 1 1 1 1 1 1 1 1 1 1 1 1 1 1 1 1 1 1 1 1 1 1 1 1 1 1 1 1 1 1 1 1 1 1 1 1 1 1 1 1 1 1 1 1 1 1 1 1 1 1 1 1 1 1 1 1 1 1 1 1 1 1 1 1 1 1 1 1 1 1 1 1 1 1 1 1 1 1 1 1 1 1 1 1 1 1 1 1 1 1 1 1 1 1 1 1 1 1 1 1 1 1 1 1 1 1 1 1 1 1 1 1 1 1 1 1 1 1 1 1 1 1 1 1 1 1 1 1 1 1 1 1 1 1 1 1 1 1 1 1 1 1 1 1 1 1 1 1 1 1 1 1 1 1 1 1 1 1 1 1 1 1 1 1 1 1 1 1 1 1 1 1 1 1 1 1 1 1 1 1 1 1 1 1 1 1 1 1 1 1 1 1 1 1 1 1 1 1 1 1 1 1 1 1 1 1 1 1 1 1 1 1 1 1 1 1 1 1 1 1 1 1 1 1 1 1 1 1 1 1 1 1 1 1 1 1 1 1 1 1 1 1 1 1 1 1 1 1 1 1 1 1 1 1 1 1 1 1 1 1 1 1 1 1 1 1 1 1 1 1 1 1 1 1 1 1 1 1 1 1 1 1 1 1 1 1 1 1 1 1 1 1 1 1 1 1 1 1 1 1 1 1 1 1 1 1 1 1 1 1 1 1 1 1 1 1 1 1 1 1 1 1 1 1 1 1 1 1 1 1 1 1 1 1 1 1 1 1 1 1 1 1 1 1 1 1 1 1 1 1 1 1 1 1 1 1 1 1 1 1 1 1 1 1 1 1 1 1 1 1 1 1 1 1 1 1 1 1 1 1 1 1
binNumber 10000
binClassNumber 1
binClass_widthVector 400
binClass_lengthVector 400
binClass_disponibility 1000
itemClass_weight 5670 1620 14580 1620 9450 19710 5940 4050 14040 8640 11610 540 2970 270 7290 840 2800 2800 1680 8120 3920 8680 5320 20160 4760 1960 9520 31080 3920 6440 5720 1560 5200 7020 3640 2600 10400 37960 3120 3900 4160 8060 2600 5980 2080 260 2340 12480 11440 2080 1040 14300 6760 2860 4160 1560 17420 4420 18200 4680 12500 5500 4000 7750 7500 10250 250 3750 14000 6250 11250 2500 3250 8750 2500 2000 9250 6500 500 17500 750 1500 7500 16250 9500 750 6500 10750 6500 4250 2100 10800 300 12000 2100 3900 3000 25500 10500 2700 11100 2100 4800 6000 23100 4350 3770 870 25520 1740 19140 290 11890 580 4640 16820 5220 6090 7250 7830 1250 2250 6250 1250 30250 1500 2750 14750 750 7750 1500 9750 10250 9250 500 3380 3640 3120 1040 2860 2080 10660 22620 260 12740 7280 13780 2600 12740 5200 1120 4480 3080 10360 7840 4760 7840 3640 280 7280 7280 28840 5040 5880 14280 8370 4590 10800 2160 19170 540 7830 2160 5400 2160 810 540 14310 5670 23490 560 13720 15400 3080 8120 5600 20160 840 4760 1680 2800 26320 1400 5320 2240 1200 19920 960 480 2400 8400 4320 1920 4560 3360 22320 480 5040 20160 480 3640 3380 5980 11960 12220 8840 25740 1040 4420 2860 9100 9880 2600 2080 260 20732 12672 1365 21535 4720 14892 1360 876 293 15282 5940 2850 276 291 13112 3564 5775 10290 15950 2009 10150 3047 280 298 5880 1680 1460 12126 12384 14905 15015 5580 564 20202 2051 5838 8742 873 21238 6048 20440 9940 282 568 9870 1764 14522 3408 3976 1662 9280 5860 6358 8835 8897 9828 14575 552 1680 13024 3504 15028 15741 1475 3276 3179 15423 4608 4018 6270 894 9735 13821 287 3245 14893 843 4102 9486 9622 3080 5880 287 5940 11466 1897 4275 297 1644 2910 20221 858 9372 855 1638 10290 290 9120 3836 3396 14456 20736 11466 5985 21608 4336 12556 9024 1674 9207 278 9052 291 6153 867 12212 15714 14586 14664 2037 9756 1764 16390 20148 12642 1355 3234 4088 6534 1680 14688 2730 1405 5796 867 20088 3300 5860 1465 5838 14416 6111 20350 1470 9504 4350 4448 1710 5817 15444 1764 15660 1925 1674 14924 9695 3080 12126 14416 294 9207 6739 9702 20520 10030 9485 9695 5712 12212 8742 1430 276 5943 21024 281
