itemNumber 170
itemClassNumber 170
itemClass_widthVector 17 16 15 14 13 12 11 10 9 8 18 17 16 15 14 13 12 11 10 9 17 16 15 14 13 12 11 10 9 8 17 16 15 14 13 12 11 10 9 8 18 17 16 15 14 13 12 11 10 9 16 15 14 13 12 11 10 9 8 7 17 16 15 14 13 12 11 10 9 8 15 14 13 12 11 10 9 8 7 6 18 17 16 15 14 13 12 11 10 9 17 16 15 14 13 12 11 10 9 8 11 16 18 16 15 17 17 17 14 15 14 13 18 18 10 12 13 13 13 16 15 18 13 14 15 17 15 14 15 18 15 15 16 16 15 14 15 18 18 18 18 13 15 14 15 16 13 16 13 13 15 18 19 12 16 15 16 12 16 14 14 19 18 17 12 19 13 10 13 17
itemClass_lengthVector 3 34 20 4 15 2 8 69 8 7 23 35 9 13 10 3 15 1 18 43 4 13 26 35 2 2 35 1 6 46 9 3 48 35 8 1 35 28 2 1 12 1 17 10 22 4 35 60 3 6 8 2 6 35 16 37 14 1 1 50 33 1 3 24 42 1 7 1 5 53 20 12 30 14 2 1 46 3 19 23 14 7 5 18 42 8 34 4 5 33 15 38 4 12 17 16 54 4 4 6 69 19 34 19 4 33 33 19 1 14 3 7 33 4 8 8 7 7 9 19 16 2 3 15 16 35 15 1 16 33 15 14 3 4 14 2 3 4 4 35 33 1 16 2 5 19 9 19 7 8 4 4 3 9 21 3 20 68 4 3 15 2 2 35 8 3 1 8 2 34
itemClass_demand 1 1 1 1 1 1 1 1 1 1 1 1 1 1 1 1 1 1 1 1 1 1 1 1 1 1 1 1 1 1 1 1 1 1 1 1 1 1 1 1 1 1 1 1 1 1 1 1 1 1 1 1 1 1 1 1 1 1 1 1 1 1 1 1 1 1 1 1 1 1 1 1 1 1 1 1 1 1 1 1 1 1 1 1 1 1 1 1 1 1 1 1 1 1 1 1 1 1 1 1 1 1 1 1 1 1 1 1 1 1 1 1 1 1 1 1 1 1 1 1 1 1 1 1 1 1 1 1 1 1 1 1 1 1 1 1 1 1 1 1 1 1 1 1 1 1 1 1 1 1 1 1 1 1 1 1 1 1 1 1 1 1 1 1 1 1 1 1 1 1
binNumber 10000
binClassNumber 1
binClass_widthVector 170
binClass_lengthVector 170
binClass_disponibility 1000
itemClass_weight 510 5780 3400 680 2550 340 1360 11730 1360 1190 4140 6300 1620 2340 1800 540 2700 180 3240 7740 680 2210 4420 5950 340 340 5950 170 1020 7820 1530 510 8160 5950 1360 170 5950 4760 340 170 2160 180 3060 1800 3960 720 6300 10800 540 1080 1280 320 960 5600 2560 5920 2240 160 160 8000 5610 170 510 4080 7140 170 1190 170 850 9010 3000 1800 4500 2100 300 150 6900 450 2850 3450 2520 1260 900 3240 7560 1440 6120 720 900 5940 2550 6460 680 2040 2890 2720 9180 680 680 1020 12765 3249 5916 3306 736 6105 5775 3268 184 2478 546 1239 6072 736 1496 1400 1232 1204 1548 3363 2736 350 564 2760 3008 6020 2775 183 2736 6039 2655 2394 525 696 2464 364 561 716 752 6195 6138 173 2784 366 900 3344 1557 3325 1260 1464 740 728 561 1683 3948 516 3640 11900 736 534 2760 350 342 6230 1480 543 172 1432 356 6120
