itemNumber 160
itemClassNumber 160
itemClass_widthVector 17 16 15 14 13 12 11 10 9 18 17 16 15 14 13 12 11 10 18 17 16 15 14 13 12 11 10 19 18 17 16 15 14 13 12 11 17 16 15 14 13 12 11 10 9 16 15 14 13 12 11 10 9 8 19 18 17 16 15 14 13 12 11 19 18 17 16 15 14 13 12 11 17 16 15 14 13 12 11 10 9 11 16 15 15 13 17 15 15 12 12 16 15 18 15 15 11 14 12 17 13 17 17 18 13 18 17 18 11 18 15 13 19 17 12 19 13 18 14 15 14 11 12 17 17 17 17 19 14 15 19 17 12 14 13 15 12 17 11 14 14 15 15 17 13 11 18 18 18 15 18 14 17 15 13 14 18 17 15 12
itemClass_lengthVector 39 11 10 42 19 1 17 2 19 35 65 2 8 4 8 26 5 7 90 9 6 3 22 7 10 3 10 17 1 5 9 41 16 17 18 36 10 51 11 8 5 45 12 9 9 11 25 45 6 6 4 21 16 26 3 3 75 6 10 10 34 8 11 6 10 49 12 18 22 34 1 8 7 20 7 23 12 11 49 17 14 1 43 41 42 2 10 19 19 16 3 41 20 12 41 42 3 18 16 10 1 10 9 39 16 38 10 40 2 11 19 1 40 9 18 39 18 38 20 42 1 3 18 12 9 12 9 38 18 41 40 10 3 2 16 42 1 9 3 18 1 18 19 11 1 3 39 39 10 42 39 1 10 18 1 1 10 11 18 3
itemClass_demand 1 1 1 1 1 1 1 1 1 1 1 1 1 1 1 1 1 1 1 1 1 1 1 1 1 1 1 1 1 1 1 1 1 1 1 1 1 1 1 1 1 1 1 1 1 1 1 1 1 1 1 1 1 1 1 1 1 1 1 1 1 1 1 1 1 1 1 1 1 1 1 1 1 1 1 1 1 1 1 1 1 1 1 1 1 1 1 1 1 1 1 1 1 1 1 1 1 1 1 1 1 1 1 1 1 1 1 1 1 1 1 1 1 1 1 1 1 1 1 1 1 1 1 1 1 1 1 1 1 1 1 1 1 1 1 1 1 1 1 1 1 1 1 1 1 1 1 1 1 1 1 1 1 1 1 1 1 1 1 1
binNumber 10000
binClassNumber 1
binClass_widthVector 160
binClass_lengthVector 160
binClass_disponibility 1000
itemClass_weight 6630 1870 1700 7140 3230 170 2890 340 3230 6300 11700 360 1440 720 1440 4680 900 1260 16200 1620 1080 540 3960 1260 1800 540 1800 3230 190 950 1710 7790 3040 3230 3420 6840 1700 8670 1870 1360 850 7650 2040 1530 1530 1760 4000 7200 960 960 640 3360 2560 4160 570 570 14250 1140 1900 1900 6460 1520 2090 1140 1900 9310 2280 3420 4180 6460 190 1520 1190 3400 1190 3910 2040 1870 8330 2890 2380 181 7697 7667 7518 364 1870 3496 3268 2736 564 7667 3560 2088 7667 7182 528 3366 2896 1720 174 1790 1647 6981 2896 6536 1860 7480 362 2013 3363 175 6920 1665 3312 7059 3330 7144 3680 7182 174 561 3258 2232 1548 2196 1566 6840 3366 7708 7040 1780 537 364 2992 7728 175 1674 525 3366 184 3078 3363 1958 184 555 7137 6942 1780 7392 6708 173 1790 3330 181 186 1830 1914 3132 522
