itemNumber 600
itemClassNumber 600
itemClass_widthVector 34 33 32 31 30 29 28 27 26 25 24 23 22 21 20 19 18 17 35 34 33 32 31 30 29 28 27 26 25 24 23 22 21 20 19 18 30 29 28 27 26 25 24 23 22 21 20 19 18 17 16 15 14 13 37 36 35 34 33 32 31 30 29 28 27 26 25 24 23 22 21 20 33 32 31 30 29 28 27 26 25 24 23 22 21 20 19 18 17 16 30 29 28 27 26 25 24 23 22 21 20 19 18 17 16 15 14 13 32 31 30 29 28 27 26 25 24 23 22 21 20 19 18 17 16 15 31 30 29 28 27 26 25 24 23 22 21 20 19 18 17 16 15 14 35 34 33 32 31 30 29 28 27 26 25 24 23 22 21 20 19 18 37 36 35 34 33 32 31 30 29 28 27 26 25 24 23 22 21 20 33 32 31 30 29 28 27 26 25 24 23 22 21 20 19 18 17 16 36 35 34 33 32 31 30 29 28 27 26 25 24 23 22 21 20 19 31 30 29 28 27 26 25 24 23 22 21 20 19 18 17 16 15 14 33 32 31 30 29 28 27 26 25 24 23 22 21 20 19 18 17 16 30 29 28 27 26 25 24 23 22 21 20 19 18 17 16 15 14 13 33 32 31 30 29 28 27 26 25 24 23 22 21 20 19 18 17 16 36 35 34 33 32 31 30 29 28 27 26 25 24 23 22 21 20 19 34 33 32 31 30 29 28 27 26 25 24 23 22 21 20 19 18 17 34 26 35 34 38 25 36 29 34 34 30 30 20 31 36 25 29 19 26 21 34 35 34 27 36 33 35 20 25 33 20 33 22 28 28 20 30 25 25 31 23 28 28 32 32 22 20 22 30 33 31 25 20 31 30 33 34 24 27 24 30 23 30 23 31 25 21 34 25 20 27 19 23 31 24 29 31 24 23 35 35 20 32 34 23 30 29 30 28 28 30 24 29 26 21 36 34 25 19 35 27 28 35 34 36 30 28 37 37 23 26 24 36 31 34 23 33 21 33 26 31 29 25 28 31 35 20 23 23 32 37 19 34 22 27 21 29 21 36 20 30 20 33 19 32 27 30 20 32 34 37 26 22 35 22 33 19 22 37 20 21 30 35 34 22 32 27 31 28 27 22 32 33 30 23 31 27 34 38 20 35 23 32 36 23 23 19 20 21 28 33 30 35 27 35 28 26 34 23 29 22 26 23 38 31 31 34 38 28 23 29 22 29 27 24 30 35 35 33 36 32 25 31 25 27 31 38 32 20 34 31 28 19 21 21 28 20 27 22 23 24 26 37 29 23 19 23 23 35 27 31 28 34 27 37 31 20 21 20 22 35 27 22 30 25 24 35 31 29 37 27 30 21 19 25 21
itemClass_lengthVector 2 4 68 56 6 7 21 6 1 16 17 11 6 76 25 77 57 144 19 5 35 122 9 73 51 10 40 3 8 11 28 15 55 9 70 37 81 14 57 1 13 16 32 69 31 3 3 5 24 23 124 30 33 41 61 49 35 8 20 1 107 18 3 24 56 49 14 20 26 9 35 65 12 171 74 15 9 7 8 5 33 15 126 11 12 15 48 12 22 5 29 14 121 12 9 1 15 24 7 46 32 121 21 31 46 38 28 5 37 61 20 168 15 2 6 39 11 24 33 4 105 34 2 3 31 5 145 18 69 35 32 10 25 51 4 5 46 3 49 14 47 25 2 20 14 24 121 91 2 23 6 12 8 185 1 5 10 3 26 15 28 26 4 11 53 134 92 10 7 84 7 36 2 4 33 11 6 96 7 3 51 18 2 43 12 1 11 16 12 22 2 35 75 115 9 25 50 101 58 7 77 13 71 16 19 9 21 7 4 216 12 34 1 4 14 17 31 24 31 25 8 25 11 62 12 103 31 22 9 46 64 40 12 44 1 33 7 62 88 10 7 100 24 25 81 1 34 4 5 11 9 98 23 3 9 26 60 39 8 38 40 53 25 9 45 87 3 16 105 11 7 28 12 16 10 22 2 77 69 116 62 43 10 29 29 30 17 21 18 60 9 2 22 55 54 20 82 45 67 18 47 46 8 2 31 14 50 13 11 13 14 104 46 1 3 28 10 29 61 48 8 66 86 9 6 15 1 6 1 10 1 2 6 56 6 7 77 6 1 11 21 57 10 77 5 3 57 17 67 57 2 57 6 6 56 67 76 5 16 78 6 5 5 22 6 5 16 6 6 76 78 76 7 56 21 18 76 21 7 55 55 12 16 10 21 26 6 5 7 6 78 56 17 78 16 57 75 6 75 5 5 10 25 3 2 78 7 3 76 7 21 21 1 15 7 5 22 18 24 1 68 16 58 55 16 7 3 5 1 7 15 5 3 24 12 6 69 22 57 75 68 24 56 17 7 1 5 2 7 55 78 75 26 57 3 58 56 25 18 25 1 24 69 58 20 57 6 58 7 17 21 57 57 55 5 18 76 68 75 67 57 75 3 57 25 5 55 56 75 6 18 6 16 1 25 7 56 5 25 8 17 5 2 58 4 76 6 2 77 25 57 78 77 7 57 8 56 1 69 15 12 4 75 20 25 17 26 3 20 20 67 1 15 5 20 24 1 1 77 20 3 57 7 3 57 18 6 11 18 7 1 57 76 55 7 17 56 78 25 2 56 15 75 75 12 16 5 6 26 58 25 6 68 16 6 15 3 16 4 8 58 24 77 25 56 1 25 7 17 77 56 20 7 1 17 6 76 56 17 24
itemClass_demand 1 1 1 1 1 1 1 1 1 1 1 1 1 1 1 1 1 1 1 1 1 1 1 1 1 1 1 1 1 1 1 1 1 1 1 1 1 1 1 1 1 1 1 1 1 1 1 1 1 1 1 1 1 1 1 1 1 1 1 1 1 1 1 1 1 1 1 1 1 1 1 1 1 1 1 1 1 1 1 1 1 1 1 1 1 1 1 1 1 1 1 1 1 1 1 1 1 1 1 1 1 1 1 1 1 1 1 1 1 1 1 1 1 1 1 1 1 1 1 1 1 1 1 1 1 1 1 1 1 1 1 1 1 1 1 1 1 1 1 1 1 1 1 1 1 1 1 1 1 1 1 1 1 1 1 1 1 1 1 1 1 1 1 1 1 1 1 1 1 1 1 1 1 1 1 1 1 1 1 1 1 1 1 1 1 1 1 1 1 1 1 1 1 1 1 1 1 1 1 1 1 1 1 1 1 1 1 1 1 1 1 1 1 1 1 1 1 1 1 1 1 1 1 1 1 1 1 1 1 1 1 1 1 1 1 1 1 1 1 1 1 1 1 1 1 1 1 1 1 1 1 1 1 1 1 1 1 1 1 1 1 1 1 1 1 1 1 1 1 1 1 1 1 1 1 1 1 1 1 1 1 1 1 1 1 1 1 1 1 1 1 1 1 1 1 1 1 1 1 1 1 1 1 1 1 1 1 1 1 1 1 1 1 1 1 1 1 1 1 1 1 1 1 1 1 1 1 1 1 1 1 1 1 1 1 1 1 1 1 1 1 1 1 1 1 1 1 1 1 1 1 1 1 1 1 1 1 1 1 1 1 1 1 1 1 1 1 1 1 1 1 1 1 1 1 1 1 1 1 1 1 1 1 1 1 1 1 1 1 1 1 1 1 1 1 1 1 1 1 1 1 1 1 1 1 1 1 1 1 1 1 1 1 1 1 1 1 1 1 1 1 1 1 1 1 1 1 1 1 1 1 1 1 1 1 1 1 1 1 1 1 1 1 1 1 1 1 1 1 1 1 1 1 1 1 1 1 1 1 1 1 1 1 1 1 1 1 1 1 1 1 1 1 1 1 1 1 1 1 1 1 1 1 1 1 1 1 1 1 1 1 1 1 1 1 1 1 1 1 1 1 1 1 1 1 1 1 1 1 1 1 1 1 1 1 1 1 1 1 1 1 1 1 1 1 1 1 1 1 1 1 1 1 1 1 1 1 1 1 1 1 1 1 1 1 1 1 1 1 1 1 1 1 1 1 1 1 1 1 1 1 1 1 1 1 1 1 1 1 1 1 1 1 1 1 1 1 1 1 1 1 1 1 1 1 1 1 1 1 1 1 1 1 1 1 1 1 1 1 1
binNumber 10000
binClassNumber 1
binClass_widthVector 600
binClass_lengthVector 600
binClass_disponibility 1000
itemClass_weight 680 1360 23120 19040 2040 2380 7140 2040 340 5440 5780 3740 2040 25840 8500 26180 19380 48960 6650 1750 12250 42700 3150 25550 17850 3500 14000 1050 2800 3850 9800 5250 19250 3150 24500 12950 24300 4200 17100 300 3900 4800 9600 20700 9300 900 900 1500 7200 6900 37200 9000 9900 12300 22570 18130 12950 2960 7400 370 39590 6660 1110 8880 20720 18130 5180 7400 9620 3330 12950 24050 3960 56430 24420 4950 2970 2310 2640 1650 10890 4950 41580 3630 3960 4950 15840 3960 7260 1650 8700 4200 36300 3600 2700 300 4500 7200 2100 13800 9600 36300 6300 9300 13800 11400 8400 1500 11840 19520 6400 53760 4800 640 1920 12480 3520 7680 10560 1280 33600 10880 640 960 9920 1600 44950 5580 21390 10850 9920 3100 7750 15810 1240 1550 14260 930 15190 4340 14570 7750 620 6200 4900 8400 42350 31850 700 8050 2100 4200 2800 64750 350 1750 3500 1050 9100 5250 9800 9100 1480 4070 19610 49580 34040 3700 2590 31080 2590 13320 740 1480 12210 4070 2220 35520 2590 1110 16830 5940 660 14190 3960 330 3630 5280 3960 7260 660 11550 24750 37950 2970 8250 16500 33330 20880 2520 27720 4680 25560 5760 6840 3240 7560 2520 1440 77760 4320 12240 360 1440 5040 6120 9610 7440 9610 7750 2480 7750 3410 19220 3720 31930 9610 6820 2790 14260 19840 12400 3720 13640 330 10890 2310 20460 29040 3300 2310 33000 7920 8250 26730 330 11220 1320 1650 3630 2970 32340 6900 900 2700 7800 18000 11700 2400 11400 12000 15900 7500 2700 13500 26100 900 4800 31500 3300 2310 9240 3960 5280 3300 7260 660 25410 22770 38280 20460 14190 3300 9570 9570 9900 5610 6930 6480 21600 3240 720 7920 19800 19440 7200 29520 16200 24120 6480 16920 16560 2880 720 11160 5040 17000 4420 3740 4420 4760 35360 15640 340 1020 9520 3400 9860 20740 16320 2720 22440 29240 3060 2166 5625 344 2142 349 3630 347 702 2208 20664 2208 2457 26719 2124 371 3894 7560 20748 3440 26950 1825 1098 20121 6307 22847 20805 720 21375 2064 2052 20104 24321 27208 1730 5664 27144 2208 1825 1870 7942 2184 1795 5520 2202 2070 27968 28080 27512 2450 20608 7287 6192 27436 7665 2597 19305 19250 4428 5552 3530 7392 8996 2220 1820 2604 2070 26676 19768 6103 27144 5520 20235 25875 2226 27375 1815 1750 3570 8650 1107 716 26832 2576 1101 25916 2520 7644 7413 364 5220 2415 1750 8184 6282 8736 368 24752 5744 20822 20020 5904 2499 1095 1720 367 2492 5340 1815 1107 8352 4296 2106 23736 8030 20748 27225 24072 8304 20384 6307 2499 357 1780 704 2541 18865 26676 28050 9230 19722 1080 20764 19992 8525 6696 8850 354 8712 25461 20416 7020 19494 2232 20648 2499 5899 7623 19722 20634 19360 1760 6246 27360 24956 27000 23249 21090 27525 1041 19665 8775 1875 20240 20720 27975 2118 6210 2220 5968 357 8675 2590 19544 1730 9250 2776 6171 1770 744 20996 1496 27664 2058 720 28259 9350 20007 29250 26411 2597 20007 2928 19880 356 25392 5205 4428 1400 25575 7040 9275 5814 9204 1119 7240 7280 24522 344 5475 1825 7320 8208 353 368 28413 7140 1092 20748 2464 1104 21090 6696 2064 4059 6606 2583 359 21375 27436 20185 2401 5916 19208 27612 9200 690 19376 5385 27225 26550 4440 5776 1720 2142 9438 21634 8825 2094 23324 5552 2100 5205 1077 5680 1436 2992 21460 8736 26796 9050 20664 375 8800 2562 5950 28490 19208 7320 2611 347 6171 2118 28196 19880 6188 8352
