itemNumber 130
itemClassNumber 130
itemClass_widthVector 15 14 13 12 11 10 9 8 7 15 14 13 12 11 10 9 8 7 14 13 12 11 10 9 8 7 6 16 15 14 13 12 11 10 9 8 14 13 12 11 10 9 8 7 6 13 12 11 10 9 8 7 6 5 15 14 13 12 11 10 9 8 7 13 12 11 10 9 8 7 6 5 15 14 13 12 11 10 9 8 7 13 13 13 12 11 14 16 10 14 13 9 15 9 9 14 12 16 13 12 10 15 13 16 15 10 9 15 9 12 14 9 14 13 14 13 15 13 17 14 9 17 10 12 17 9 9 14 13 17
itemClass_lengthVector 4 23 29 8 8 26 7 16 9 2 41 8 2 1 2 19 6 49 1 16 51 10 2 5 2 4 39 3 2 1 86 2 3 7 4 22 10 14 4 37 11 19 16 8 11 13 8 18 3 4 33 1 44 6 9 6 13 6 20 32 20 21 3 44 27 4 7 35 4 2 2 5 9 8 53 9 13 1 33 3 1 8 9 9 25 27 8 24 7 7 9 15 28 15 16 7 26 24 7 8 8 28 7 4 29 6 17 30 16 26 29 15 29 7 8 8 22 9 4 28 17 4 7 8 5 16 17 29 8 4
itemClass_demand 1 1 1 1 1 1 1 1 1 1 1 1 1 1 1 1 1 1 1 1 1 1 1 1 1 1 1 1 1 1 1 1 1 1 1 1 1 1 1 1 1 1 1 1 1 1 1 1 1 1 1 1 1 1 1 1 1 1 1 1 1 1 1 1 1 1 1 1 1 1 1 1 1 1 1 1 1 1 1 1 1 1 1 1 1 1 1 1 1 1 1 1 1 1 1 1 1 1 1 1 1 1 1 1 1 1 1 1 1 1 1 1 1 1 1 1 1 1 1 1 1 1 1 1 1 1 1 1 1 1
binNumber 10000
binClassNumber 1
binClass_widthVector 130
binClass_lengthVector 130
binClass_disponibility 1000
itemClass_weight 600 3450 4350 1200 1200 3900 1050 2400 1350 300 6150 1200 300 150 300 2850 900 7350 140 2240 7140 1400 280 700 280 560 5460 480 320 160 13760 320 480 1120 640 3520 1400 1960 560 5180 1540 2660 2240 1120 1540 1690 1040 2340 390 520 4290 130 5720 780 1350 900 1950 900 3000 4800 3000 3150 450 5720 3510 520 910 4550 520 260 260 650 1350 1200 7950 1350 1950 150 4950 450 150 1320 1458 1476 4050 4212 1280 3744 1057 1092 1368 2280 4368 2460 2448 1057 4264 3648 1127 1312 1320 4648 1134 644 4756 960 2771 4800 2416 4160 4466 2280 4814 1064 1240 1328 3520 1440 648 4452 2669 664 1099 1280 800 2496 2737 4437 1224 612
