itemNumber 70
itemClassNumber 70
itemClass_widthVector 13 12 11 10 9 8 12 11 10 9 8 7 11 10 9 8 7 6 11 10 9 8 7 6 13 12 11 10 9 8 10 9 8 7 6 5 15 12 10 11 13 11 10 13 12 14 10 10 12 10 13 14 15 10 14 12 15 13 12 15 14 10 11 13 11 12 13 10 10 14
itemClass_lengthVector 30 6 12 11 3 8 8 2 16 1 39 4 12 3 3 37 2 13 4 46 4 7 1 8 15 16 2 7 3 27 4 1 24 26 12 3 31 11 4 11 12 10 3 7 11 31 2 2 13 4 12 6 30 4 7 11 29 5 10 30 30 3 12 5 12 10 12 2 4 5
itemClass_demand 1 1 1 1 1 1 1 1 1 1 1 1 1 1 1 1 1 1 1 1 1 1 1 1 1 1 1 1 1 1 1 1 1 1 1 1 1 1 1 1 1 1 1 1 1 1 1 1 1 1 1 1 1 1 1 1 1 1 1 1 1 1 1 1 1 1 1 1 1 1
binNumber 10000
binClassNumber 1
binClass_widthVector 70
binClass_lengthVector 70
binClass_disponibility 1000
itemClass_weight 3900 780 1560 1430 390 1040 960 240 1920 120 4680 480 1320 330 330 4070 220 1430 440 5060 440 770 110 880 1950 2080 260 910 390 3510 400 100 2400 2600 1200 300 4061 1496 556 1496 1704 1380 402 945 1573 4154 278 272 1742 552 1704 840 4320 568 973 1562 3973 685 1430 4200 4200 423 1572 660 1716 1340 1680 278 560 680
