itemNumber 400
itemClassNumber 400
itemClass_widthVector 27 26 25 24 23 22 21 20 19 18 17 16 15 14 13 27 26 25 24 23 22 21 20 19 18 17 16 15 14 13 29 28 27 26 25 24 23 22 21 20 19 18 17 16 15 26 25 24 23 22 21 20 19 18 17 16 15 14 13 12 26 25 24 23 22 21 20 19 18 17 16 15 14 13 12 25 24 23 22 21 20 19 18 17 16 15 14 13 12 11 25 24 23 22 21 20 19 18 17 16 15 14 13 12 11 29 28 27 26 25 24 23 22 21 20 19 18 17 16 15 29 28 27 26 25 24 23 22 21 20 19 18 17 16 15 28 27 26 25 24 23 22 21 20 19 18 17 16 15 14 28 27 26 25 24 23 22 21 20 19 18 17 16 15 14 28 27 26 25 24 23 22 21 20 19 18 17 16 15 14 26 25 24 23 22 21 20 19 18 17 16 15 14 13 12 23 22 21 20 19 18 17 16 15 14 13 12 11 10 9 24 23 22 21 20 19 18 17 16 15 14 13 12 11 10 28 28 25 19 27 22 17 28 19 29 18 23 28 16 28 30 23 27 22 18 26 25 16 22 22 27 30 16 30 16 21 16 25 23 25 27 21 21 27 17 25 29 26 18 18 26 25 21 23 29 26 28 17 16 20 19 16 24 21 29 25 29 16 16 26 26 17 20 22 30 24 29 28 27 16 16 27 20 16 20 20 19 23 17 18 22 17 23 18 29 25 17 26 16 19 15 20 20 25 17 16 15 17 27 26 21 29 18 21 19 30 23 24 28 27 21 20 19 17 22 16 26 16 16 17 24 25 19 28 19 23 17 25 26 20 16 21 25 24 29 20 28 21 25 29 25 27 23 25 19 28 26 18 29 30 24 28 23 24 28 27 28 29 19 27 18 29 25 30 27 27 18 24 19 17
itemClass_lengthVector 32 39 57 2 33 34 9 9 42 26 45 23 20 12 17 3 23 1 155 9 1 16 14 23 48 4 82 7 11 3 5 5 16 23 39 52 31 1 7 61 55 2 85 4 14 26 22 9 21 5 26 20 28 5 53 60 72 7 41 5 40 57 15 2 4 45 46 19 8 12 17 19 37 64 15 6 42 7 37 7 132 7 28 2 16 11 8 58 31 8 8 6 1 36 7 47 50 87 24 48 28 17 5 35 1 4 14 24 19 85 19 2 7 96 51 54 9 1 3 12 43 23 12 32 41 48 25 1 34 9 3 22 17 80 10 4 59 3 32 27 4 19 24 19 63 3 1 68 59 15 54 20 3 60 21 9 30 27 40 31 29 11 46 6 13 31 102 22 26 26 10 14 21 40 7 14 20 13 7 47 45 23 49 4 73 8 4 18 3 22 82 20 27 16 6 16 3 9 17 19 3 9 5 21 30 4 14 76 16 158 5 18 33 57 56 19 3 38 17 7 4 51 81 4 7 33 38 34 26 39 8 20 32 45 40 44 35 58 12 38 32 10 3 10 22 3 33 11 9 10 38 32 12 33 19 42 21 35 35 34 38 10 10 57 23 1 33 57 23 23 56 2 43 9 32 58 38 22 20 41 27 11 9 10 38 34 31 20 12 3 34 23 27 10 33 33 33 38 40 20 13 57 25 19 43 25 26 8 20 23 10 19 33 22 40 34 23 1 20 46 13 27 42 34 24 11 12 21 2 34 41 39 24 43 25 33 10 32 31 2 8 42 45 24 9 19 33 19 21 24 34 32 44 40 46 35 22 33 3 42 19 42 34 34 33 26 57 8 3 38 35 1 34 34 44 39 1 23 31 31 35 58 34 9 56 1 58 32 25 38 44 39 35 32 56 40 45 33 26 22
itemClass_demand 1 1 1 1 1 1 1 1 1 1 1 1 1 1 1 1 1 1 1 1 1 1 1 1 1 1 1 1 1 1 1 1 1 1 1 1 1 1 1 1 1 1 1 1 1 1 1 1 1 1 1 1 1 1 1 1 1 1 1 1 1 1 1 1 1 1 1 1 1 1 1 1 1 1 1 1 1 1 1 1 1 1 1 1 1 1 1 1 1 1 1 1 1 1 1 1 1 1 1 1 1 1 1 1 1 1 1 1 1 1 1 1 1 1 1 1 1 1 1 1 1 1 1 1 1 1 1 1 1 1 1 1 1 1 1 1 1 1 1 1 1 1 1 1 1 1 1 1 1 1 1 1 1 1 1 1 1 1 1 1 1 1 1 1 1 1 1 1 1 1 1 1 1 1 1 1 1 1 1 1 1 1 1 1 1 1 1 1 1 1 1 1 1 1 1 1 1 1 1 1 1 1 1 1 1 1 1 1 1 1 1 1 1 1 1 1 1 1 1 1 1 1 1 1 1 1 1 1 1 1 1 1 1 1 1 1 1 1 1 1 1 1 1 1 1 1 1 1 1 1 1 1 1 1 1 1 1 1 1 1 1 1 1 1 1 1 1 1 1 1 1 1 1 1 1 1 1 1 1 1 1 1 1 1 1 1 1 1 1 1 1 1 1 1 1 1 1 1 1 1 1 1 1 1 1 1 1 1 1 1 1 1 1 1 1 1 1 1 1 1 1 1 1 1 1 1 1 1 1 1 1 1 1 1 1 1 1 1 1 1 1 1 1 1 1 1 1 1 1 1 1 1 1 1 1 1 1 1 1 1 1 1 1 1 1 1 1 1 1 1 1 1 1 1 1 1 1 1 1 1 1 1 1 1 1 1 1 1 1 1 1 1 1 1 1 1 1 1 1 1
binNumber 10000
binClassNumber 1
binClass_widthVector 400
binClass_lengthVector 400
binClass_disponibility 1000
itemClass_weight 8640 10530 15390 540 8910 9180 2430 2430 11340 7020 12150 6210 5400 3240 4590 810 6210 270 41850 2430 270 4320 3780 6210 12960 1080 22140 1890 2970 810 1450 1450 4640 6670 11310 15080 8990 290 2030 17690 15950 580 24650 1160 4060 6760 5720 2340 5460 1300 6760 5200 7280 1300 13780 15600 18720 1820 10660 1300 10400 14820 3900 520 1040 11700 11960 4940 2080 3120 4420 4940 9620 16640 3900 1500 10500 1750 9250 1750 33000 1750 7000 500 4000 2750 2000 14500 7750 2000 2000 1500 250 9000 1750 11750 12500 21750 6000 12000 7000 4250 1250 8750 250 1160 4060 6960 5510 24650 5510 580 2030 27840 14790 15660 2610 290 870 3480 12470 6670 3480 9280 11890 13920 7250 290 9860 2610 870 6380 4930 23200 2900 1120 16520 840 8960 7560 1120 5320 6720 5320 17640 840 280 19040 16520 4200 15120 5600 840 16800 5880 2520 8400 7560 11200 8680 8120 3080 12880 1680 3640 8680 28560 6160 7280 7280 2800 3920 5880 11200 1960 3920 5600 3640 1960 13160 11700 5980 12740 1040 18980 2080 1040 4680 780 5720 21320 5200 7020 4160 1560 3680 690 2070 3910 4370 690 2070 1150 4830 6900 920 3220 17480 3680 36340 1200 4320 7920 13680 13440 4560 720 9120 4080 1680 960 12240 19440 960 1680 9735 10564 9520 7384 11349 2304 5900 9216 13050 11880 12848 10430 16066 3552 11248 9088 2890 882 2950 6534 858 9042 3047 2673 2770 10602 9024 3516 9471 5529 12432 6216 10220 10395 9690 10450 2930 2710 16644 6417 293 9273 16188 6739 6279 16016 558 12083 2547 9408 16066 10412 6204 5540 12218 7722 3124 2592 2710 10488 9894 8556 5880 3432 891 9894 6348 7560 2910 9702 8976 9768 10982 10920 5720 3653 15789 6775 5605 12212 6975 7306 2248 5460 6555 2870 5548 9603 6160 11640 9588 6256 273 5660 13708 3835 7533 11382 9214 6912 2992 3480 5712 592 9418 11644 11388 6984 12384 7000 9108 2980 8736 9176 560 2272 11508 12735 6888 2610 5149 9801 5548 5943 7128 9418 9216 12012 11200 13064 10045 6160 9108 873 11718 5339 11970 9622 9418 9537 7228 16872 2208 894 10792 9520 275 9418 9962 12364 10998 275 6256 9052 8463 10255 16356 9214 2619 15736 273 17110 9472 7025 10298 12716 10803 9485 8800 16520 11760 13365 9834 7488 6270
