itemNumber 150
itemClassNumber 150
itemClass_widthVector 15 14 13 12 11 10 9 8 7 16 15 14 13 12 11 10 9 8 15 14 13 12 11 10 9 8 7 17 16 15 14 13 12 11 10 9 17 16 15 14 13 12 11 10 9 17 16 15 14 13 12 11 10 9 17 16 15 14 13 12 11 10 9 20 19 18 17 16 15 14 13 12 16 15 14 13 12 11 10 9 8 12 16 10 13 14 17 13 14 16 15 16 13 17 15 9 9 13 16 16 9 15 16 13 9 11 13 9 14 10 15 10 15 11 16 11 15 10 9 14 13 9 13 10 9 16 10 13 15 12 14 9 12 17 10 15 12 9 10 12 13 13 15 14 17 12 10 12 12 12
itemClass_lengthVector 10 31 55 5 10 20 9 9 1 7 36 3 14 1 23 51 9 6 42 22 8 31 12 4 7 10 14 43 26 9 2 43 7 3 11 6 13 3 12 7 24 11 64 14 2 6 1 4 7 4 8 15 19 86 2 8 19 10 35 13 2 37 24 7 17 3 6 48 20 14 18 17 9 6 10 9 8 2 21 52 33 20 9 8 4 54 11 11 6 11 54 11 11 11 31 8 8 9 30 32 8 31 32 6 8 20 10 10 4 10 31 8 55 20 30 21 54 9 10 55 10 9 6 10 10 30 8 5 54 11 4 10 20 9 9 55 9 8 10 10 9 10 32 56 9 9 9 19 19 10
itemClass_demand 1 1 1 1 1 1 1 1 1 1 1 1 1 1 1 1 1 1 1 1 1 1 1 1 1 1 1 1 1 1 1 1 1 1 1 1 1 1 1 1 1 1 1 1 1 1 1 1 1 1 1 1 1 1 1 1 1 1 1 1 1 1 1 1 1 1 1 1 1 1 1 1 1 1 1 1 1 1 1 1 1 1 1 1 1 1 1 1 1 1 1 1 1 1 1 1 1 1 1 1 1 1 1 1 1 1 1 1 1 1 1 1 1 1 1 1 1 1 1 1 1 1 1 1 1 1 1 1 1 1 1 1 1 1 1 1 1 1 1 1 1 1 1 1 1 1 1 1 1 1
binNumber 10000
binClassNumber 1
binClass_widthVector 150
binClass_lengthVector 150
binClass_disponibility 1000
itemClass_weight 1500 4650 8250 750 1500 3000 1350 1350 150 1120 5760 480 2240 160 3680 8160 1440 960 6300 3300 1200 4650 1800 600 1050 1500 2100 7310 4420 1530 340 7310 1190 510 1870 1020 2210 510 2040 1190 4080 1870 10880 2380 340 1020 170 680 1190 680 1360 2550 3230 14620 340 1360 3230 1700 5950 2210 340 6290 4080 1400 3400 600 1200 9600 4000 2800 3600 3400 1440 960 1600 1440 1280 320 3360 8320 5280 3180 1467 1224 604 8478 1815 1727 984 1804 8748 1782 1760 1694 4681 1328 1208 1440 4710 5216 1304 4774 5216 906 1280 3240 1640 1630 636 1540 4805 1216 8690 3200 4620 3339 8532 1485 1630 9130 1640 1377 978 1610 1560 4710 1304 830 8964 1815 604 1660 3300 1404 1368 9075 1440 1216 1570 1660 1449 1630 5216 8960 1422 1386 1449 3135 3135 1650
