itemNumber 400
itemClassNumber 400
itemClass_widthVector 29 28 27 26 25 24 23 22 21 20 19 18 17 16 15 24 23 22 21 20 19 18 17 16 15 14 13 12 11 10 29 28 27 26 25 24 23 22 21 20 19 18 17 16 15 28 27 26 25 24 23 22 21 20 19 18 17 16 15 14 24 23 22 21 20 19 18 17 16 15 14 13 12 11 10 28 27 26 25 24 23 22 21 20 19 18 17 16 15 14 25 24 23 22 21 20 19 18 17 16 15 14 13 12 11 27 26 25 24 23 22 21 20 19 18 17 16 15 14 13 26 25 24 23 22 21 20 19 18 17 16 15 14 13 12 28 27 26 25 24 23 22 21 20 19 18 17 16 15 14 26 25 24 23 22 21 20 19 18 17 16 15 14 13 12 27 26 25 24 23 22 21 20 19 18 17 16 15 14 13 25 24 23 22 21 20 19 18 17 16 15 14 13 12 11 28 27 26 25 24 23 22 21 20 19 18 17 16 15 14 26 25 24 23 22 21 20 19 18 17 16 15 14 13 12 23 23 22 27 27 23 27 25 22 30 24 18 23 18 24 17 19 28 19 25 17 20 20 27 28 23 22 21 26 24 28 27 25 25 29 19 21 28 30 24 23 26 21 23 18 25 32 29 29 27 26 29 25 19 30 19 25 25 19 26 23 22 20 19 18 27 22 24 17 28 25 29 21 26 29 29 21 30 26 20 29 25 20 23 26 21 19 31 17 22 25 27 30 24 28 28 21 26 21 27 18 28 24 28 29 28 27 30 27 27 17 19 17 21 26 23 27 20 24 26 17 31 18 21 25 22 27 18 21 29 24 26 27 28 21 31 31 21 28 24 26 23 29 29 28 23 30 18 18 26 29 21 27 29 28 20 26 30 26 26 24 23 30 29 31 24 25 24 31 28 27 24 28 30 27
itemClass_lengthVector 12 25 19 3 45 30 4 22 7 1 43 81 25 79 4 4 50 15 2 28 8 93 33 2 11 7 28 40 41 38 66 22 58 5 4 3 49 18 6 6 7 103 30 15 8 35 9 14 7 23 16 43 73 1 19 1 77 15 18 49 70 31 33 17 15 73 19 5 6 19 79 5 6 7 15 49 47 73 1 20 22 16 3 40 46 9 12 4 27 31 17 2 28 8 30 3 153 23 20 17 5 34 24 3 33 53 18 45 8 9 27 22 26 23 50 16 50 9 23 21 14 12 27 63 9 34 21 25 13 14 38 16 10 43 61 12 37 23 12 5 39 7 4 65 13 21 11 18 113 20 19 14 15 14 15 67 15 14 18 5 39 17 22 79 47 10 3 24 71 9 45 36 51 3 24 19 48 26 18 13 7 15 56 19 3 35 28 15 90 36 8 12 13 16 47 25 24 19 9 34 11 79 2 72 5 25 55 22 5 13 66 12 63 4 5 7 12 29 1 7 19 25 17 49 84 7 21 1 3 30 22 31 4 8 25 6 78 8 79 8 79 26 3 26 30 80 42 80 46 45 6 7 43 45 21 44 3 21 22 18 26 44 18 24 6 1 45 42 23 24 5 13 26 3 31 29 2 5 26 25 82 21 21 82 30 22 1 80 24 80 30 8 21 78 2 3 26 42 4 25 26 43 24 44 80 26 22 80 21 44 44 26 24 78 1 22 45 25 5 4 3 1 5 1 29 25 18 22 45 4 4 4 19 30 4 79 25 78 1 5 1 29 82 8 45 78 13 80 42 5 1 44 80 1 24 7 5 3 45 42 24 12 42 19 6 5 6 2 19 46 22 19 80 26 5 2 44 4 3 19 43 30 20 44 3 6 8 11 19 11 3 4 7 12 19 45 21 20 13 44
itemClass_demand 1 1 1 1 1 1 1 1 1 1 1 1 1 1 1 1 1 1 1 1 1 1 1 1 1 1 1 1 1 1 1 1 1 1 1 1 1 1 1 1 1 1 1 1 1 1 1 1 1 1 1 1 1 1 1 1 1 1 1 1 1 1 1 1 1 1 1 1 1 1 1 1 1 1 1 1 1 1 1 1 1 1 1 1 1 1 1 1 1 1 1 1 1 1 1 1 1 1 1 1 1 1 1 1 1 1 1 1 1 1 1 1 1 1 1 1 1 1 1 1 1 1 1 1 1 1 1 1 1 1 1 1 1 1 1 1 1 1 1 1 1 1 1 1 1 1 1 1 1 1 1 1 1 1 1 1 1 1 1 1 1 1 1 1 1 1 1 1 1 1 1 1 1 1 1 1 1 1 1 1 1 1 1 1 1 1 1 1 1 1 1 1 1 1 1 1 1 1 1 1 1 1 1 1 1 1 1 1 1 1 1 1 1 1 1 1 1 1 1 1 1 1 1 1 1 1 1 1 1 1 1 1 1 1 1 1 1 1 1 1 1 1 1 1 1 1 1 1 1 1 1 1 1 1 1 1 1 1 1 1 1 1 1 1 1 1 1 1 1 1 1 1 1 1 1 1 1 1 1 1 1 1 1 1 1 1 1 1 1 1 1 1 1 1 1 1 1 1 1 1 1 1 1 1 1 1 1 1 1 1 1 1 1 1 1 1 1 1 1 1 1 1 1 1 1 1 1 1 1 1 1 1 1 1 1 1 1 1 1 1 1 1 1 1 1 1 1 1 1 1 1 1 1 1 1 1 1 1 1 1 1 1 1 1 1 1 1 1 1 1 1 1 1 1 1 1 1 1 1 1 1 1 1 1 1 1 1 1 1 1 1 1 1 1 1 1 1 1 1 1
binNumber 10000
binClassNumber 1
binClass_widthVector 400
binClass_lengthVector 400
binClass_disponibility 1000
itemClass_weight 3480 7250 5510 870 13050 8700 1160 6380 2030 290 12470 23490 7250 22910 1160 960 12000 3600 480 6720 1920 22320 7920 480 2640 1680 6720 9600 9840 9120 19140 6380 16820 1450 1160 870 14210 5220 1740 1740 2030 29870 8700 4350 2320 9800 2520 3920 1960 6440 4480 12040 20440 280 5320 280 21560 4200 5040 13720 16800 7440 7920 4080 3600 17520 4560 1200 1440 4560 18960 1200 1440 1680 3600 13720 13160 20440 280 5600 6160 4480 840 11200 12880 2520 3360 1120 7560 8680 4250 500 7000 2000 7500 750 38250 5750 5000 4250 1250 8500 6000 750 8250 14310 4860 12150 2160 2430 7290 5940 7020 6210 13500 4320 13500 2430 6210 5670 3640 3120 7020 16380 2340 8840 5460 6500 3380 3640 9880 4160 2600 11180 15860 3360 10360 6440 3360 1400 10920 1960 1120 18200 3640 5880 3080 5040 31640 5600 4940 3640 3900 3640 3900 17420 3900 3640 4680 1300 10140 4420 5720 20540 12220 2700 810 6480 19170 2430 12150 9720 13770 810 6480 5130 12960 7020 4860 3510 1750 3750 14000 4750 750 8750 7000 3750 22500 9000 2000 3000 3250 4000 11750 7000 6720 5320 2520 9520 3080 22120 560 20160 1400 7000 15400 6160 1400 3640 17160 3120 16380 1040 1300 1820 3120 7540 260 1820 4940 6500 4420 12740 21840 2135 6615 295 960 9090 6622 9052 1244 2440 7300 1854 23010 2440 23384 2384 23384 8034 945 7566 9030 25520 12810 24160 14398 13275 1860 2212 13588 13770 6426 13992 906 6258 6820 5742 7878 13596 5418 7560 1770 306 14310 12852 7084 7632 1535 4160 8008 924 9796 9280 592 1480 7930 7625 25748 6111 6699 25584 8730 6732 315 23520 7344 24160 8850 2480 6342 24102 606 888 7852 13398 1272 7525 8294 12986 7536 13156 25120 8008 6754 23280 6510 13904 13376 8138 7128 24024 300 6776 13365 7925 1465 1244 882 304 1475 294 8700 7875 5454 6974 13590 1252 1252 1204 5738 9120 1244 23700 7400 24882 308 1520 313 8468 26076 2416 13770 23556 3874 25200 13188 1560 304 13552 24560 319 7392 2107 1480 888 13995 12894 7032 3720 13440 5795 1854 1510 1830 594 5529 13570 6864 5776 24480 8008 1585 614 13024 1184 945 5738 13201 8880 6140 13992 891 1890 2488 3366 5700 3432 942 1244 2058 3768 5738 14400 6720 6240 3991 12936
