itemNumber 160
itemClassNumber 160
itemClass_widthVector 19 18 17 16 15 14 13 12 11 18 17 16 15 14 13 12 11 10 18 17 16 15 14 13 12 11 10 18 17 16 15 14 13 12 11 10 17 16 15 14 13 12 11 10 9 18 17 16 15 14 13 12 11 10 18 17 16 15 14 13 12 11 10 17 16 15 14 13 12 11 10 9 17 16 15 14 13 12 11 10 9 14 19 17 20 16 15 16 18 17 13 16 18 14 20 16 19 19 18 17 19 20 15 19 20 17 18 14 14 15 20 18 18 21 20 18 14 20 15 13 21 21 13 18 19 18 18 16 15 17 18 20 21 14 16 15 16 19 14 18 20 19 13 20 19 14 17 16 19 16 16 13 15 14 21 20 14 19 14 16
itemClass_lengthVector 4 4 25 22 21 35 26 19 4 60 21 13 16 1 14 16 4 15 46 6 13 3 24 4 22 16 26 1 11 7 39 42 9 2 8 41 36 19 6 35 32 6 21 4 1 10 8 25 15 52 30 3 10 7 10 10 49 25 27 13 11 8 7 9 29 3 15 11 30 12 20 31 10 2 6 5 59 20 7 9 42 25 4 21 4 35 25 20 26 23 19 20 23 27 3 36 26 4 26 20 26 3 26 24 5 21 22 19 20 27 5 24 25 3 5 26 26 5 36 19 5 3 19 23 4 26 26 35 25 21 23 4 5 26 20 35 20 5 27 24 3 26 20 4 24 26 22 22 3 20 20 20 25 19 5 4 25 24 26 35
itemClass_demand 1 1 1 1 1 1 1 1 1 1 1 1 1 1 1 1 1 1 1 1 1 1 1 1 1 1 1 1 1 1 1 1 1 1 1 1 1 1 1 1 1 1 1 1 1 1 1 1 1 1 1 1 1 1 1 1 1 1 1 1 1 1 1 1 1 1 1 1 1 1 1 1 1 1 1 1 1 1 1 1 1 1 1 1 1 1 1 1 1 1 1 1 1 1 1 1 1 1 1 1 1 1 1 1 1 1 1 1 1 1 1 1 1 1 1 1 1 1 1 1 1 1 1 1 1 1 1 1 1 1 1 1 1 1 1 1 1 1 1 1 1 1 1 1 1 1 1 1 1 1 1 1 1 1 1 1 1 1 1 1
binNumber 10000
binClassNumber 1
binClass_widthVector 160
binClass_lengthVector 160
binClass_disponibility 1000
itemClass_weight 760 760 4750 4180 3990 6650 4940 3610 760 10800 3780 2340 2880 180 2520 2880 720 2700 8280 1080 2340 540 4320 720 3960 2880 4680 180 1980 1260 7020 7560 1620 360 1440 7380 6120 3230 1020 5950 5440 1020 3570 680 170 1800 1440 4500 2700 9360 5400 540 1800 1260 1800 1800 8820 4500 4860 2340 1980 1440 1260 1530 4930 510 2550 1870 5100 2040 3400 5270 1700 340 1020 850 10030 3400 1190 1530 7140 4800 788 4200 776 7315 5200 4020 4966 4439 3838 3960 4531 5616 624 7200 5174 764 5044 4080 4992 609 5174 4800 1040 4158 4312 3705 3940 5319 1030 4584 5150 573 1000 5382 5356 990 7524 3990 990 585 3838 4807 780 4992 5330 7315 5175 4074 4669 800 1015 5018 3900 7140 3860 965 5427 4704 612 5018 3880 828 4800 5174 4400 4268 582 4200 4120 3840 4950 3686 965 764 5175 4680 5252 6895
