itemNumber 300
itemClassNumber 300
itemClass_widthVector 21 20 19 18 17 16 15 14 13 12 11 10 9 22 21 20 19 18 17 16 15 14 13 12 11 10 21 20 19 18 17 16 15 14 13 12 11 10 9 24 23 22 21 20 19 18 17 16 15 14 13 12 22 21 20 19 18 17 16 15 14 13 12 11 10 24 23 22 21 20 19 18 17 16 15 14 13 12 23 22 21 20 19 18 17 16 15 14 13 12 11 26 25 24 23 22 21 20 19 18 17 16 15 14 22 21 20 19 18 17 16 15 14 13 12 11 10 26 25 24 23 22 21 20 19 18 17 16 15 14 21 20 19 18 17 16 15 14 13 12 11 10 9 26 25 24 23 22 21 20 19 18 17 16 15 14 22 21 20 19 18 17 16 15 14 13 12 11 10 20 23 18 13 13 14 11 24 13 18 15 18 12 21 12 19 18 16 13 11 18 19 23 16 13 19 18 13 17 15 16 11 17 16 17 19 12 15 12 13 19 19 22 20 20 17 14 13 19 20 17 17 11 17 21 19 14 12 23 13 15 11 17 23 23 22 12 12 23 23 22 15 11 19 17 17 14 15 20 14 14 23 20 17 21 21 19 19 12 14 16 20 12 22 13 23 21 18 11 16 18 12 20 15 14 20 16 13 15 14 21 13 19 22 24 12 22 18 21 13 13 20 20 14 16 24 21 22 16 19 14
itemClass_lengthVector 15 4 119 49 4 11 19 7 11 19 3 18 21 83 11 88 4 1 18 8 16 8 27 5 18 13 107 31 18 3 1 49 37 5 8 1 6 22 12 13 4 13 1 12 46 19 18 2 57 1 31 83 3 13 3 39 20 49 20 11 15 4 53 21 49 10 20 42 2 59 2 33 7 40 35 14 22 14 3 16 23 36 39 12 3 11 42 12 20 53 30 11 97 1 50 36 23 5 10 5 24 5 8 25 9 22 21 2 48 5 50 54 1 20 6 11 51 13 29 12 9 9 37 22 41 5 24 2 35 62 37 7 6 31 38 14 19 51 16 32 30 14 5 50 8 22 9 39 19 22 48 47 1 4 8 23 28 102 11 29 15 17 6 4 30 6 14 19 19 50 4 5 18 3 12 17 15 2 11 6 10 4 119 3 5 10 6 2 18 11 5 5 20 2 49 3 3 11 7 7 18 10 6 10 5 18 12 19 20 4 4 3 118 119 18 19 2 49 49 19 10 19 12 118 3 18 19 15 19 12 18 20 4 5 4 17 3 14 4 15 6 19 50 12 11 10 6 50 20 12 3 119 11 119 5 4 49 2 10 20 120 19 16 19 3 118 3 18 20 5 19 49 12 12 120 7 19 7 19 119 20 3 14 15 19 4 5 118 4 2 48 50 20 18 15 120 4 7 48 10
itemClass_demand 1 1 1 1 1 1 1 1 1 1 1 1 1 1 1 1 1 1 1 1 1 1 1 1 1 1 1 1 1 1 1 1 1 1 1 1 1 1 1 1 1 1 1 1 1 1 1 1 1 1 1 1 1 1 1 1 1 1 1 1 1 1 1 1 1 1 1 1 1 1 1 1 1 1 1 1 1 1 1 1 1 1 1 1 1 1 1 1 1 1 1 1 1 1 1 1 1 1 1 1 1 1 1 1 1 1 1 1 1 1 1 1 1 1 1 1 1 1 1 1 1 1 1 1 1 1 1 1 1 1 1 1 1 1 1 1 1 1 1 1 1 1 1 1 1 1 1 1 1 1 1 1 1 1 1 1 1 1 1 1 1 1 1 1 1 1 1 1 1 1 1 1 1 1 1 1 1 1 1 1 1 1 1 1 1 1 1 1 1 1 1 1 1 1 1 1 1 1 1 1 1 1 1 1 1 1 1 1 1 1 1 1 1 1 1 1 1 1 1 1 1 1 1 1 1 1 1 1 1 1 1 1 1 1 1 1 1 1 1 1 1 1 1 1 1 1 1 1 1 1 1 1 1 1 1 1 1 1 1 1 1 1 1 1 1 1 1 1 1 1 1 1 1 1 1 1 1 1 1 1 1 1 1 1 1 1 1 1 1 1 1 1 1 1 1 1 1 1 1 1
binNumber 10000
binClassNumber 1
binClass_widthVector 300
binClass_lengthVector 300
binClass_disponibility 1000
itemClass_weight 3150 840 24990 10290 840 2310 3990 1470 2310 3990 630 3780 4410 18260 2420 19360 880 220 3960 1760 3520 1760 5940 1100 3960 2860 22470 6510 3780 630 210 10290 7770 1050 1680 210 1260 4620 2520 3120 960 3120 240 2880 11040 4560 4320 480 13680 240 7440 19920 660 2860 660 8580 4400 10780 4400 2420 3300 880 11660 4620 10780 2400 4800 10080 480 14160 480 7920 1680 9600 8400 3360 5280 3360 690 3680 5290 8280 8970 2760 690 2530 9660 2760 4600 12190 6900 2860 25220 260 13000 9360 5980 1300 2600 1300 6240 1300 2080 6500 1980 4840 4620 440 10560 1100 11000 11880 220 4400 1320 2420 11220 3380 7540 3120 2340 2340 9620 5720 10660 1300 6240 520 9100 16120 7770 1470 1260 6510 7980 2940 3990 10710 3360 6720 6300 2940 1050 13000 2080 5720 2340 10140 4940 5720 12480 12220 260 1040 2080 5980 6160 22440 2420 6380 3300 3740 1320 880 6600 1320 3080 4180 4180 10850 868 1130 4140 657 2700 3774 3480 464 2497 1380 2190 848 26775 633 1055 2290 1356 456 3942 2541 1135 1085 4540 424 11123 642 651 2431 1582 1505 3942 2180 1296 2180 1115 4140 2676 4332 4440 864 904 669 26196 27489 3924 4294 442 10535 10535 4047 2180 4199 2580 26550 681 4158 4142 3390 4351 2676 4032 4240 860 1080 900 3638 648 3248 900 3195 1290 4028 11350 2580 2365 2140 1380 11050 4540 2724 651 26180 2464 26180 1130 876 11172 460 2170 4620 26280 4332 3440 4123 684 27258 663 4032 4500 1155 4009 10731 2748 2688 27000 1582 4351 1582 4047 25942 4640 642 3094 3285 4275 844 1085 25134 876 452 10464 11450 4540 4104 3270 26880 892 1519 10944 2120
