itemNumber 190
itemClassNumber 190
itemClass_widthVector 21 20 19 18 17 16 15 14 13 12 20 19 18 17 16 15 14 13 12 11 19 18 17 16 15 14 13 12 11 10 19 18 17 16 15 14 13 12 11 10 19 18 17 16 15 14 13 12 11 10 18 17 16 15 14 13 12 11 10 9 21 20 19 18 17 16 15 14 13 12 19 18 17 16 15 14 13 12 11 10 17 16 15 14 13 12 11 10 9 8 17 16 15 14 13 12 11 10 9 8 22 24 20 18 23 24 17 20 18 20 20 19 22 16 14 15 16 21 18 20 18 22 16 14 21 18 21 16 23 19 18 19 19 24 16 19 20 19 17 19 16 21 17 15 16 22 15 23 20 23 23 19 17 22 18 19 19 18 18 22 15 14 23 20 16 21 20 17 21 16 18 16 23 21 24 20 21 15 18 15 20 20 17 14 17 22 22 18 14 15
itemClass_lengthVector 64 1 17 17 9 21 35 12 10 4 21 16 43 25 17 8 24 10 11 15 2 28 25 7 2 40 31 8 6 41 3 10 12 19 26 12 4 62 1 41 6 30 68 21 10 10 14 17 8 6 13 11 18 23 15 1 27 61 8 13 57 44 4 20 8 9 9 10 25 4 14 30 41 24 24 10 3 2 1 41 3 25 18 4 83 1 8 6 33 9 3 11 12 29 14 16 2 33 13 57 64 65 18 21 65 65 21 18 9 16 17 18 1 36 9 10 34 16 22 17 10 65 11 10 1 21 18 35 2 16 22 8 17 64 12 10 17 17 34 17 13 1 34 12 34 64 11 64 16 63 63 10 36 65 10 9 18 21 21 65 9 9 2 18 11 1 17 22 1 11 22 11 2 16 63 17 1 10 10 11 18 18 20 10 35 63 64 21 11 10
itemClass_demand 1 1 1 1 1 1 1 1 1 1 1 1 1 1 1 1 1 1 1 1 1 1 1 1 1 1 1 1 1 1 1 1 1 1 1 1 1 1 1 1 1 1 1 1 1 1 1 1 1 1 1 1 1 1 1 1 1 1 1 1 1 1 1 1 1 1 1 1 1 1 1 1 1 1 1 1 1 1 1 1 1 1 1 1 1 1 1 1 1 1 1 1 1 1 1 1 1 1 1 1 1 1 1 1 1 1 1 1 1 1 1 1 1 1 1 1 1 1 1 1 1 1 1 1 1 1 1 1 1 1 1 1 1 1 1 1 1 1 1 1 1 1 1 1 1 1 1 1 1 1 1 1 1 1 1 1 1 1 1 1 1 1 1 1 1 1 1 1 1 1 1 1 1 1 1 1 1 1 1 1 1 1 1 1 1 1 1 1 1 1
binNumber 10000
binClassNumber 1
binClass_widthVector 190
binClass_lengthVector 190
binClass_disponibility 1000
itemClass_weight 13440 210 3570 3570 1890 4410 7350 2520 2100 840 4200 3200 8600 5000 3400 1600 4800 2000 2200 3000 380 5320 4750 1330 380 7600 5890 1520 1140 7790 570 1900 2280 3610 4940 2280 760 11780 190 7790 1140 5700 12920 3990 1900 1900 2660 3230 1520 1140 2340 1980 3240 4140 2700 180 4860 10980 1440 2340 11970 9240 840 4200 1680 1890 1890 2100 5250 840 2660 5700 7790 4560 4560 1900 570 380 190 7790 510 4250 3060 680 14110 170 1360 1020 5610 1530 510 1870 2040 4930 2380 2720 340 5610 2210 9690 14336 13780 3942 4683 13845 14300 4641 4068 1971 3520 3655 3960 227 8352 2061 2200 7344 3648 4994 3842 2220 14365 2343 2160 220 4515 3960 7840 438 3648 4906 1784 3604 14784 2760 2250 3689 3706 7888 3893 3003 224 7582 2652 7684 14336 2486 13760 3440 14175 14490 2310 8244 14820 2120 2034 3816 4725 4578 14430 1926 2007 450 4104 2321 226 3740 4928 231 2508 4664 2420 464 3712 14616 3621 226 2320 2290 2530 3978 4068 4340 2250 8050 13734 14016 4452 2321 2320
