itemNumber 700
itemClassNumber 700
itemClass_widthVector 36 35 34 33 32 31 30 29 28 27 26 25 24 23 22 21 20 19 18 38 37 36 35 34 33 32 31 30 29 28 27 26 25 24 23 22 21 20 38 37 36 35 34 33 32 31 30 29 28 27 26 25 24 23 22 21 20 35 34 33 32 31 30 29 28 27 26 25 24 23 22 21 20 19 18 17 36 35 34 33 32 31 30 29 28 27 26 25 24 23 22 21 20 19 18 33 32 31 30 29 28 27 26 25 24 23 22 21 20 19 18 17 16 15 34 33 32 31 30 29 28 27 26 25 24 23 22 21 20 19 18 17 16 35 34 33 32 31 30 29 28 27 26 25 24 23 22 21 20 19 18 17 35 34 33 32 31 30 29 28 27 26 25 24 23 22 21 20 19 18 17 36 35 34 33 32 31 30 29 28 27 26 25 24 23 22 21 20 19 18 39 38 37 36 35 34 33 32 31 30 29 28 27 26 25 24 23 22 21 33 32 31 30 29 28 27 26 25 24 23 22 21 20 19 18 17 16 15 40 39 38 37 36 35 34 33 32 31 30 29 28 27 26 25 24 23 22 39 38 37 36 35 34 33 32 31 30 29 28 27 26 25 24 23 22 21 40 39 38 37 36 35 34 33 32 31 30 29 28 27 26 25 24 23 22 39 38 37 36 35 34 33 32 31 30 29 28 27 26 25 24 23 22 21 39 38 37 36 35 34 33 32 31 30 29 28 27 26 25 24 23 22 21 36 35 34 33 32 31 30 29 28 27 26 25 24 23 22 21 20 19 18 39 38 37 36 35 34 33 32 31 30 29 28 27 26 25 24 23 22 21 36 21 39 37 20 37 35 23 36 30 37 24 29 27 34 34 23 21 32 21 31 27 27 23 29 39 34 24 31 21 20 20 24 26 26 23 20 21 28 27 31 30 22 33 30 23 35 39 28 23 33 27 33 25 24 39 29 29 30 26 31 24 26 30 24 35 39 38 31 23 37 28 21 35 27 22 28 29 38 31 36 35 23 37 24 27 25 38 20 36 25 26 37 36 36 38 24 29 34 36 26 28 34 37 34 23 21 38 34 32 35 31 37 27 34 25 25 30 39 33 35 32 27 36 24 25 27 38 34 27 25 27 26 21 32 26 29 37 37 34 23 28 36 20 25 26 32 33 38 23 31 30 28 26 21 34 31 26 24 21 32 26 31 22 25 25 34 30 21 24 34 22 27 35 23 30 30 30 35 25 35 31 34 39 28 21 32 30 32 33 37 33 27 37 36 40 27 20 35 34 22 24 32 33 22 21 28 25 34 36 23 34 25 26 20 20 29 28 38 20 37 40 21 36 22 32 30 27 33 32 35 37 25 34 28 30 29 34 26 37 24 22 40 31 21 39 29 34 25 24 36 28 21 23 32 36 34 34 21 32 31 23 35 32 26 34 36 36 27 26 37 25 23 26 27 33 38 29 24 29 22 22 34 37 31 21 28 25 31 31 24 28 40 27 22 21 39 36 25 23 24 24 20 28 30 37 35 33 24 23 36 25 30 31 26 30 34 33 30 20 31 24 23 31 33 29 22 31 31 21 33 36 25 23 25 29 29 22 31
itemClass_lengthVector 21 44 27 8 11 6 123 25 9 113 2 7 22 68 11 36 103 43 21 74 26 54 49 89 25 5 43 1 141 9 7 19 3 71 23 21 13 27 14 69 37 23 22 10 32 31 70 43 39 27 3 8 19 10 121 5 117 4 30 29 23 38 53 6 23 10 118 12 29 67 11 58 83 39 29 38 5 19 72 15 4 91 11 156 70 14 57 1 26 42 32 1 11 44 29 112 89 10 87 22 45 6 8 9 5 14 90 40 63 20 8 40 25 7 87 22 6 60 26 39 12 2 2 121 21 71 40 8 21 43 30 60 29 38 30 9 40 47 64 9 67 23 8 22 10 9 69 88 82 10 45 30 63 22 29 22 3 2 33 5 45 7 18 54 32 83 33 40 22 64 123 15 14 4 3 46 46 19 43 109 5 52 25 4 19 84 31 118 26 37 34 6 23 82 33 61 82 49 6 8 104 8 27 52 69 23 12 8 13 36 55 59 28 31 162 22 75 14 35 19 24 2 25 18 10 67 1 17 1 11 34 50 3 16 93 11 22 84 12 88 7 4 58 30 5 169 2 23 62 30 45 34 20 3 28 25 14 32 7 93 91 28 83 52 1 29 22 52 47 1 23 98 75 5 9 33 31 12 1 47 130 23 68 18 5 61 1 15 86 41 51 27 39 23 9 41 86 9 10 4 117 24 3 53 65 3 5 122 58 29 10 8 110 39 35 5 73 4 56 23 23 27 5 29 12 56 6 5 1 25 64 63 76 40 58 20 6 38 83 5 11 102 2 12 75 21 30 18 11 56 83 20 14 32 12 41 91 17 41 31 93 45 44 22 45 43 20 10 104 26 25 20 68 8 8 7 5 102 42 122 104 9 8 7 104 1 21 8 12 122 42 44 44 11 68 23 37 44 42 1 3 25 9 37 6 24 102 12 43 6 103 12 7 12 21 11 44 114 9 25 21 25 67 67 26 37 6 22 45 9 12 43 112 43 12 7 37 2 113 22 8 43 9 36 27 35 7 22 22 42 7 10 22 20 7 8 43 68 1 11 11 22 113 6 27 6 11 43 45 124 6 26 10 44 8 122 69 67 8 45 6 10 5 2 44 35 23 6 45 124 3 22 21 6 42 122 21 1 44 22 6 37 6 11 42 11 23 7 12 45 102 123 24 113 21 103 122 26 8 67 44 24 6 8 36 10 23 10 112 42 37 6 104 8 11 102 114 26 113 7 21 9 26 11 21 3 44 5 112 25 124 22 5 7 21 44 22 8 44 7 5 104 67 24 10 36 42 7 68 7 26 104 10 22 8 44 43 9 7 45 43 7 21 102 43 102 123 10 6 6 122 9 21 11 10 2 113 8 122 8 20 67 36 20 123 42 21 112 8 12 12 9 2 44 35 24 8 124 122 44 26 24 12 27 24 6 123 27 28 23 67 20 69 102 7 23 12 43 8 10 3 35 104 122 26 26 104 3 10 10 9 67 114 22 22 104 103 22 12 67 103 67 10 42 114 9 22 12 12 10 37 43 23 9 124 21 8 123 11 9 43 124 69 102 9 124 114 103 10 9 103 11 9 22 12 68 10 113 35 25
itemClass_demand 1 1 1 1 1 1 1 1 1 1 1 1 1 1 1 1 1 1 1 1 1 1 1 1 1 1 1 1 1 1 1 1 1 1 1 1 1 1 1 1 1 1 1 1 1 1 1 1 1 1 1 1 1 1 1 1 1 1 1 1 1 1 1 1 1 1 1 1 1 1 1 1 1 1 1 1 1 1 1 1 1 1 1 1 1 1 1 1 1 1 1 1 1 1 1 1 1 1 1 1 1 1 1 1 1 1 1 1 1 1 1 1 1 1 1 1 1 1 1 1 1 1 1 1 1 1 1 1 1 1 1 1 1 1 1 1 1 1 1 1 1 1 1 1 1 1 1 1 1 1 1 1 1 1 1 1 1 1 1 1 1 1 1 1 1 1 1 1 1 1 1 1 1 1 1 1 1 1 1 1 1 1 1 1 1 1 1 1 1 1 1 1 1 1 1 1 1 1 1 1 1 1 1 1 1 1 1 1 1 1 1 1 1 1 1 1 1 1 1 1 1 1 1 1 1 1 1 1 1 1 1 1 1 1 1 1 1 1 1 1 1 1 1 1 1 1 1 1 1 1 1 1 1 1 1 1 1 1 1 1 1 1 1 1 1 1 1 1 1 1 1 1 1 1 1 1 1 1 1 1 1 1 1 1 1 1 1 1 1 1 1 1 1 1 1 1 1 1 1 1 1 1 1 1 1 1 1 1 1 1 1 1 1 1 1 1 1 1 1 1 1 1 1 1 1 1 1 1 1 1 1 1 1 1 1 1 1 1 1 1 1 1 1 1 1 1 1 1 1 1 1 1 1 1 1 1 1 1 1 1 1 1 1 1 1 1 1 1 1 1 1 1 1 1 1 1 1 1 1 1 1 1 1 1 1 1 1 1 1 1 1 1 1 1 1 1 1 1 1 1 1 1 1 1 1 1 1 1 1 1 1 1 1 1 1 1 1 1 1 1 1 1 1 1 1 1 1 1 1 1 1 1 1 1 1 1 1 1 1 1 1 1 1 1 1 1 1 1 1 1 1 1 1 1 1 1 1 1 1 1 1 1 1 1 1 1 1 1 1 1 1 1 1 1 1 1 1 1 1 1 1 1 1 1 1 1 1 1 1 1 1 1 1 1 1 1 1 1 1 1 1 1 1 1 1 1 1 1 1 1 1 1 1 1 1 1 1 1 1 1 1 1 1 1 1 1 1 1 1 1 1 1 1 1 1 1 1 1 1 1 1 1 1 1 1 1 1 1 1 1 1 1 1 1 1 1 1 1 1 1 1 1 1 1 1 1 1 1 1 1 1 1 1 1 1 1 1 1 1 1 1 1 1 1 1 1 1 1 1 1 1 1 1 1 1 1 1 1 1 1 1 1 1 1 1 1 1 1 1 1 1 1 1 1 1 1 1 1 1 1 1 1 1 1 1 1 1 1 1 1 1 1 1 1 1 1 1 1 1 1 1 1 1 1 1 1 1 1 1 1 1 1 1 1 1 1 1 1 1 1 1 1 1 1 1 1 1 1 1 1 1 1 1 1 1 1 1 1 1 1 1 1 1 1 1 1 1 1 1 1 1 1 1 1 1 1 1 1 1 1
binNumber 10000
binClassNumber 1
binClass_widthVector 700
binClass_lengthVector 700
binClass_disponibility 1000
itemClass_weight 7560 15840 9720 2880 3960 2160 44280 9000 3240 40680 720 2520 7920 24480 3960 12960 37080 15480 7560 28120 9880 20520 18620 33820 9500 1900 16340 380 53580 3420 2660 7220 1140 26980 8740 7980 4940 10260 5320 26220 14060 8740 8360 3800 12160 11780 26600 16340 14820 10260 1140 3040 7220 3800 45980 1900 44460 1400 10500 10150 8050 13300 18550 2100 8050 3500 41300 4200 10150 23450 3850 20300 29050 13650 10150 13300 1800 6840 25920 5400 1440 32760 3960 56160 25200 5040 20520 360 9360 15120 11520 360 3960 15840 10440 36960 29370 3300 28710 7260 14850 1980 2640 2970 1650 4620 29700 13200 20790 6600 2640 13200 8250 2310 29580 7480 2040 20400 8840 13260 4080 680 680 41140 7140 24140 13600 2720 7140 14620 10200 20400 9860 13300 10500 3150 14000 16450 22400 3150 23450 8050 2800 7700 3500 3150 24150 30800 28700 3500 15750 10500 22050 7700 10150 7700 1050 700 11550 1750 15750 2450 6300 18900 11200 29050 11550 14000 7700 22400 43050 5400 5040 1440 1080 16560 16560 6840 15480 39240 1800 18720 9000 1440 6840 30240 11160 42480 9360 13320 13260 2340 8970 31980 12870 23790 31980 19110 2340 3120 40560 3120 10530 20280 26910 8970 4680 3120 5070 11880 18150 19470 9240 10230 53460 7260 24750 4620 11550 6270 7920 660 8250 5940 3300 22110 330 5610 400 4400 13600 20000 1200 6400 37200 4400 8800 33600 4800 35200 2800 1600 23200 12000 2000 67600 800 8970 24180 11700 17550 13260 7800 1170 10920 9750 5460 12480 2730 36270 35490 10920 32370 20280 390 11310 8800 20800 18800 400 9200 39200 30000 2000 3600 13200 12400 4800 400 18800 52000 9200 27200 7200 2000 23790 390 5850 33540 15990 19890 10530 15210 8970 3510 15990 33540 3510 3900 1560 45630 9360 1170 20670 25350 1170 1950 47580 22620 11310 3900 3120 42900 15210 13650 1950 28470 1560 21840 8970 8970 10530 1950 10440 4320 20160 2160 1800 360 9000 23040 22680 27360 14400 20880 7200 2160 13680 29880 1800 3960 36720 780 4680 29250 8190 11700 7020 4290 21840 32370 7800 5460 12480 4680 15990 35490 6630 15990 12090 36270 16290 17072 8448 16425 16899 7620 3830 39832 10218 9675 7360 26724 3048 3152 2660 1810 38658 16590 44286 39832 3393 2952 2625 41080 377 8253 2888 4728 45018 16044 16940 17248 4334 24956 8924 13468 16500 16254 396 1140 9875 3276 14689 2226 9240 37434 4548 15738 2358 37904 4416 2646 4452 8169 4125 16808 42066 3285 9850 7959 9450 24187 24991 9516 13653 2190 8338 16470 3420 4512 16727 43456 15824 4644 2744 14282 774 43957 8030 3160 15523 3546 13464 10260 13615 2604 8096 8514 15498 2730 3760 8514 7800 2723 2936 15996 26316 361 4279 4334 8382 42262 2232 9801 2214 4103 16340 17685 48732 2244 9594 3740 17248 3096 47336 24978 26130 2944 17730 2292 3770 1970 788 16280 12915 9108 2304 16425 48608 1110 8712 8001 2358 15414 45018 7728 395 16676 8580 2268 14097 2346 4257 15330 4125 9062 2583 4548 16425 39780 48585 9432 41923 7812 39758 44530 9594 3080 25259 17248 9528 2280 3128 13572 3720 8671 3970 40880 15918 14245 2244 40664 2888 4169 38658 41838 9672 42601 2737 8106 3285 9646 4158 7623 1134 16896 1980 42448 9125 45880 8470 1845 2562 8106 17028 8712 3120 16632 2660 1865 40352 24522 9432 3950 13680 16548 2765 25704 2618 9412 37648 3700 8646 3040 17380 16297 3537 2730 16920 16813 2562 7686 40086 16426 38250 46986 3660 2322 2316 44164 3429 7707 4092 3770 790 44409 3072 44286 3080 7720 24522 13428 7620 45510 15582 7917 42000 3160 4692 4392 3429 732 16720 13720 9024 3088 46500 48434 16412 9698 9240 4452 9909 9120 2286 46617 9855 10976 8717 26465 7520 26151 37536 2534 8556 4356 16813 2944 3970 1176 13020 38064 46238 9620 9828 37648 1089 3840 3780 3528 24857 43890 8052 8096 37960 40685 8668 4380 24991 39861 24589 3780 15918 42978 3519 8140 4332 4524 3720 13616 16254 8947 3528 45632 7980 3048 44403 4312 3285 16985 49104 25185 39780 3528 48980 44574 38110 3940 3555 37595 4180 3312 8514 4452 25636 3770 44409 13510 9150
