itemNumber 130
itemClassNumber 130
itemClass_widthVector 13 12 11 10 9 8 7 6 5 14 13 12 11 10 9 8 7 6 14 13 12 11 10 9 8 7 6 16 15 14 13 12 11 10 9 8 15 14 13 12 11 10 9 8 7 15 14 13 12 11 10 9 8 7 15 14 13 12 11 10 9 8 7 15 14 13 12 11 10 9 8 7 13 12 11 10 9 8 7 6 5 13 15 13 14 11 7 7 11 11 7 7 7 13 10 15 12 12 12 7 10 13 12 7 7 14 15 9 14 13 14 15 7 10 15 14 9 11 8 7 7 13 14 13 8 8 12 15 10 12
itemClass_lengthVector 6 22 24 15 2 11 4 22 24 26 15 36 25 3 4 4 16 1 2 29 64 22 1 5 4 2 1 30 3 35 5 3 28 12 6 8 5 13 8 19 63 8 3 1 10 3 15 11 11 12 47 11 11 9 17 18 16 3 18 4 44 9 1 11 15 4 37 17 14 20 2 10 12 12 52 6 11 1 18 6 12 23 7 25 6 15 21 22 15 15 23 22 21 22 2 7 16 14 25 21 2 23 14 21 22 21 6 10 23 21 23 5 22 1 5 23 11 14 4 21 21 25 21 25 3 4 25 7 3 25
itemClass_demand 1 1 1 1 1 1 1 1 1 1 1 1 1 1 1 1 1 1 1 1 1 1 1 1 1 1 1 1 1 1 1 1 1 1 1 1 1 1 1 1 1 1 1 1 1 1 1 1 1 1 1 1 1 1 1 1 1 1 1 1 1 1 1 1 1 1 1 1 1 1 1 1 1 1 1 1 1 1 1 1 1 1 1 1 1 1 1 1 1 1 1 1 1 1 1 1 1 1 1 1 1 1 1 1 1 1 1 1 1 1 1 1 1 1 1 1 1 1 1 1 1 1 1 1 1 1 1 1 1 1
binNumber 10000
binClassNumber 1
binClass_widthVector 130
binClass_lengthVector 130
binClass_disponibility 1000
itemClass_weight 780 2860 3120 1950 260 1430 520 2860 3120 3640 2100 5040 3500 420 560 560 2240 140 280 4060 8960 3080 140 700 560 280 140 4800 480 5600 800 480 4480 1920 960 1280 750 1950 1200 2850 9450 1200 450 150 1500 450 2250 1650 1650 1800 7050 1650 1650 1350 2550 2700 2400 450 2700 600 6600 1350 150 1650 2250 600 5550 2550 2100 3000 300 1500 1560 1560 6760 780 1430 130 2340 780 1560 3312 917 3350 798 2100 2982 3080 2115 2040 3197 3080 2940 3014 276 917 2224 1918 3325 2772 280 3266 1876 2835 2926 3003 840 1330 3013 2961 3036 710 2992 140 665 3174 1452 1890 536 2982 2793 3325 2772 3475 420 544 3275 1008 414 3550
