itemNumber 100
itemClassNumber 100
itemClass_widthVector 12 11 10 9 8 7 6 5 14 13 12 11 10 9 8 7 14 13 12 11 10 9 8 7 12 11 10 9 8 7 6 5 13 12 11 10 9 8 7 6 11 10 9 8 7 6 5 4 12 11 10 9 8 7 6 5 12 11 10 9 8 7 6 5 13 9 11 7 9 12 13 7 14 13 8 10 13 13 13 11 7 13 9 12 8 8 10 8 7 7 12 12 9 9 10 9 14 7 12 8
itemClass_lengthVector 4 23 5 20 7 6 18 17 3 27 5 18 14 23 8 2 8 4 2 17 13 41 4 11 37 9 11 2 13 3 19 6 20 17 3 6 20 2 17 15 5 28 2 4 10 6 36 9 2 13 7 17 5 5 49 2 5 4 2 2 24 39 16 8 23 6 5 18 6 5 3 18 3 24 5 20 3 3 5 5 19 23 8 6 6 6 21 6 18 17 5 5 8 8 19 6 4 17 6 6
itemClass_demand 1 1 1 1 1 1 1 1 1 1 1 1 1 1 1 1 1 1 1 1 1 1 1 1 1 1 1 1 1 1 1 1 1 1 1 1 1 1 1 1 1 1 1 1 1 1 1 1 1 1 1 1 1 1 1 1 1 1 1 1 1 1 1 1 1 1 1 1 1 1 1 1 1 1 1 1 1 1 1 1 1 1 1 1 1 1 1 1 1 1 1 1 1 1 1 1 1 1 1 1
binNumber 10000
binClassNumber 1
binClass_widthVector 100
binClass_lengthVector 100
binClass_disponibility 1000
itemClass_weight 480 2760 600 2400 840 720 2160 2040 420 3780 700 2520 1960 3220 1120 280 1120 560 280 2380 1820 5740 560 1540 4440 1080 1320 240 1560 360 2280 720 2600 2210 390 780 2600 260 2210 1950 550 3080 220 440 1100 660 3960 990 240 1560 840 2040 600 600 5880 240 600 480 240 240 2880 4680 1920 960 3013 756 655 2178 738 610 384 2286 393 3096 650 2480 384 396 655 660 2451 3036 968 732 744 774 2793 786 2358 2176 620 655 1048 1048 2451 738 508 2125 750 756
