itemNumber 400
itemClassNumber 400
itemClass_widthVector 25 24 23 22 21 20 19 18 17 16 15 14 13 12 11 26 25 24 23 22 21 20 19 18 17 16 15 14 13 12 24 23 22 21 20 19 18 17 16 15 14 13 12 11 10 28 27 26 25 24 23 22 21 20 19 18 17 16 15 14 27 26 25 24 23 22 21 20 19 18 17 16 15 14 13 26 25 24 23 22 21 20 19 18 17 16 15 14 13 12 29 28 27 26 25 24 23 22 21 20 19 18 17 16 15 24 23 22 21 20 19 18 17 16 15 14 13 12 11 10 29 28 27 26 25 24 23 22 21 20 19 18 17 16 15 30 29 28 27 26 25 24 23 22 21 20 19 18 17 16 26 25 24 23 22 21 20 19 18 17 16 15 14 13 12 30 29 28 27 26 25 24 23 22 21 20 19 18 17 16 24 23 22 21 20 19 18 17 16 15 14 13 12 11 10 26 25 24 23 22 21 20 19 18 17 16 15 14 13 12 26 25 24 23 22 21 20 19 18 17 16 15 14 13 12 27 14 24 15 26 21 23 26 15 24 22 24 23 20 15 28 18 25 27 18 17 25 24 21 22 24 23 18 20 16 21 16 20 25 28 17 19 18 23 27 25 21 17 27 28 21 18 27 20 14 28 22 26 21 16 24 24 24 15 20 18 21 23 15 24 21 15 26 15 28 14 17 14 19 25 27 21 15 14 14 19 14 25 15 18 18 25 15 21 18 22 22 26 25 17 19 17 22 15 18 26 22 14 24 21 22 22 18 16 17 18 25 14 27 18 21 20 18 24 16 15 16 14 14 24 25 16 20 20 20 18 23 16 25 18 26 14 20 28 13 24 16 16 20 19 18 14 17 22 21 16 16 15 13 18 13 25 16 15 25 17 27 27 17 18 20 17 28 18 19 25 13 20 24 24
itemClass_lengthVector 11 14 1 66 44 28 57 62 13 6 6 43 12 13 24 17 9 69 34 17 30 34 5 7 38 5 8 69 13 45 4 12 14 20 38 12 1 22 70 13 1 28 28 17 120 23 39 8 6 70 90 7 13 13 31 1 50 12 18 19 12 10 13 5 21 30 2 5 13 20 50 69 24 74 52 26 8 24 61 9 2 7 59 19 23 88 27 15 17 15 5 67 48 13 43 6 13 26 6 47 38 27 14 7 40 26 14 4 39 17 76 19 4 9 62 66 5 21 28 10 132 24 5 4 6 40 48 11 12 13 24 28 26 6 21 72 10 8 31 25 12 13 11 20 5 6 15 17 33 122 36 23 9 11 7 20 62 6 19 2 52 12 28 59 54 11 54 18 29 11 14 19 86 34 13 11 23 3 65 9 64 53 6 1 55 3 9 22 23 48 14 11 4 71 16 52 10 19 2 1 1 49 38 18 37 21 13 46 55 38 6 16 27 70 17 36 37 3 9 51 5 44 54 18 7 14 13 43 11 13 28 65 13 13 44 29 43 65 56 12 11 13 65 10 13 5 1 67 56 43 43 28 5 58 5 28 5 63 14 12 7 62 12 43 13 67 27 6 15 11 56 14 14 56 11 12 28 14 28 43 44 2 1 43 63 13 28 45 13 44 57 12 15 44 12 13 6 12 61 1 12 27 13 13 11 12 13 15 42 14 5 1 11 56 6 43 45 2 1 7 12 7 43 42 14 13 44 14 45 29 45 44 7 42 7 12 67 13 11 6 29 63 13 45 42 43 43 13 13 44 13 42 57 58 61 14 66 7 66 14 14 13 62 11 12 45 6 6 63 61 13 11 5 27 29 5 6 43 13 12 14 66 7 11 15 5 11 10 5 7 63 5 11 6 63 1 13 63 44 65
itemClass_demand 1 1 1 1 1 1 1 1 1 1 1 1 1 1 1 1 1 1 1 1 1 1 1 1 1 1 1 1 1 1 1 1 1 1 1 1 1 1 1 1 1 1 1 1 1 1 1 1 1 1 1 1 1 1 1 1 1 1 1 1 1 1 1 1 1 1 1 1 1 1 1 1 1 1 1 1 1 1 1 1 1 1 1 1 1 1 1 1 1 1 1 1 1 1 1 1 1 1 1 1 1 1 1 1 1 1 1 1 1 1 1 1 1 1 1 1 1 1 1 1 1 1 1 1 1 1 1 1 1 1 1 1 1 1 1 1 1 1 1 1 1 1 1 1 1 1 1 1 1 1 1 1 1 1 1 1 1 1 1 1 1 1 1 1 1 1 1 1 1 1 1 1 1 1 1 1 1 1 1 1 1 1 1 1 1 1 1 1 1 1 1 1 1 1 1 1 1 1 1 1 1 1 1 1 1 1 1 1 1 1 1 1 1 1 1 1 1 1 1 1 1 1 1 1 1 1 1 1 1 1 1 1 1 1 1 1 1 1 1 1 1 1 1 1 1 1 1 1 1 1 1 1 1 1 1 1 1 1 1 1 1 1 1 1 1 1 1 1 1 1 1 1 1 1 1 1 1 1 1 1 1 1 1 1 1 1 1 1 1 1 1 1 1 1 1 1 1 1 1 1 1 1 1 1 1 1 1 1 1 1 1 1 1 1 1 1 1 1 1 1 1 1 1 1 1 1 1 1 1 1 1 1 1 1 1 1 1 1 1 1 1 1 1 1 1 1 1 1 1 1 1 1 1 1 1 1 1 1 1 1 1 1 1 1 1 1 1 1 1 1 1 1 1 1 1 1 1 1 1 1 1 1 1 1 1 1 1 1 1 1 1 1 1 1 1 1 1 1 1 1
binNumber 10000
binClassNumber 1
binClass_widthVector 400
binClass_lengthVector 400
binClass_disponibility 1000
itemClass_weight 2750 3500 250 16500 11000 7000 14250 15500 3250 1500 1500 10750 3000 3250 6000 4420 2340 17940 8840 4420 7800 8840 1300 1820 9880 1300 2080 17940 3380 11700 960 2880 3360 4800 9120 2880 240 5280 16800 3120 240 6720 6720 4080 28800 6440 10920 2240 1680 19600 25200 1960 3640 3640 8680 280 14000 3360 5040 5320 3240 2700 3510 1350 5670 8100 540 1350 3510 5400 13500 18630 6480 19980 14040 6760 2080 6240 15860 2340 520 1820 15340 4940 5980 22880 7020 3900 4420 3900 1450 19430 13920 3770 12470 1740 3770 7540 1740 13630 11020 7830 4060 2030 11600 6240 3360 960 9360 4080 18240 4560 960 2160 14880 15840 1200 5040 6720 2400 38280 6960 1450 1160 1740 11600 13920 3190 3480 3770 6960 8120 7540 1740 6090 21600 3000 2400 9300 7500 3600 3900 3300 6000 1500 1800 4500 5100 9900 36600 9360 5980 2340 2860 1820 5200 16120 1560 4940 520 13520 3120 7280 15340 14040 3300 16200 5400 8700 3300 4200 5700 25800 10200 3900 3300 6900 900 19500 2700 15360 12720 1440 240 13200 720 2160 5280 5520 11520 3360 2640 960 17040 3840 13520 2600 4940 520 260 260 12740 9880 4680 9620 5460 3380 11960 14300 9880 1560 4160 7020 18200 4420 9360 9620 780 2340 13260 1300 11440 14040 4680 1820 3514 3341 11524 2981 3341 7420 16315 3432 3523 11968 7598 11438 17160 15456 3288 2970 3263 16900 2540 3302 1320 272 18224 14280 11825 11696 7252 1360 14906 1275 7084 1345 16002 3850 3012 1925 17050 3132 11008 3445 17889 6993 1602 3765 2893 14784 3668 3668 15120 2860 3156 7672 3850 7252 11868 12056 532 258 11266 16695 3588 7448 11475 3484 11880 14706 3192 3900 11528 3144 3458 1506 3144 16043 257 3024 6831 3510 3497 2959 3024 3341 3795 11256 3556 1300 261 2882 14672 1548 11180 12195 544 267 1869 3060 1799 11481 11298 3626 3380 11264 3710 11385 8004 11835 11176 1918 11550 1911 3252 18157 3458 2794 1536 7482 16380 3523 12420 10752 11739 11094 3588 3510 11792 3523 11214 15390 15138 16653 3724 16896 1764 17886 3738 3514 3562 16120 3003 3204 11745 1632 1524 16317 16775 3276 2959 1295 6777 7917 1370 1620 10965 3380 3300 3612 16698 1890 2926 4020 1360 2805 2760 1255 1820 17199 1285 2926 1548 17136 253 3445 16821 11308 16315
