itemNumber 190
itemClassNumber 190
itemClass_widthVector 19 18 17 16 15 14 13 12 11 10 17 16 15 14 13 12 11 10 9 8 17 16 15 14 13 12 11 10 9 8 21 20 19 18 17 16 15 14 13 12 19 18 17 16 15 14 13 12 11 10 19 18 17 16 15 14 13 12 11 10 20 19 18 17 16 15 14 13 12 11 21 20 19 18 17 16 15 14 13 12 19 18 17 16 15 14 13 12 11 10 18 17 16 15 14 13 12 11 10 9 13 15 12 14 13 20 15 15 20 15 18 20 14 20 21 18 15 15 18 19 21 17 16 21 19 17 14 14 18 19 14 15 18 12 14 19 17 17 14 20 18 16 21 13 14 19 17 17 14 19 13 14 16 17 18 14 12 16 19 20 19 16 17 20 19 20 16 15 14 14 19 19 19 13 17 21 20 20 18 18 20 17 19 15 14 15 20 20 15 16
itemClass_lengthVector 4 3 43 7 12 45 3 42 27 4 45 11 37 2 50 6 8 10 20 1 22 8 16 5 32 51 3 13 23 17 28 3 8 17 11 50 24 18 23 8 4 2 36 15 1 43 6 55 14 14 24 3 24 5 12 8 42 2 21 49 18 25 19 44 34 18 6 13 1 12 21 22 21 23 24 33 26 7 10 3 8 13 24 8 50 6 7 52 7 15 5 70 7 15 9 11 38 18 2 15 27 2 27 41 41 2 2 46 2 45 42 3 43 3 3 42 46 4 8 43 4 8 45 4 44 7 41 41 43 3 3 3 42 27 3 4 8 12 43 3 44 11 5 27 4 4 7 11 2 42 28 41 13 7 42 4 28 13 42 2 4 46 6 5 42 4 12 45 41 3 2 42 43 27 12 4 3 4 42 7 4 6 43 45 4 46 3 3 44 45
itemClass_demand 1 1 1 1 1 1 1 1 1 1 1 1 1 1 1 1 1 1 1 1 1 1 1 1 1 1 1 1 1 1 1 1 1 1 1 1 1 1 1 1 1 1 1 1 1 1 1 1 1 1 1 1 1 1 1 1 1 1 1 1 1 1 1 1 1 1 1 1 1 1 1 1 1 1 1 1 1 1 1 1 1 1 1 1 1 1 1 1 1 1 1 1 1 1 1 1 1 1 1 1 1 1 1 1 1 1 1 1 1 1 1 1 1 1 1 1 1 1 1 1 1 1 1 1 1 1 1 1 1 1 1 1 1 1 1 1 1 1 1 1 1 1 1 1 1 1 1 1 1 1 1 1 1 1 1 1 1 1 1 1 1 1 1 1 1 1 1 1 1 1 1 1 1 1 1 1 1 1 1 1 1 1 1 1 1 1 1 1 1 1
binNumber 10000
binClassNumber 1
binClass_widthVector 190
binClass_lengthVector 190
binClass_disponibility 1000
itemClass_weight 760 570 8170 1330 2280 8550 570 7980 5130 760 7650 1870 6290 340 8500 1020 1360 1700 3400 170 3740 1360 2720 850 5440 8670 510 2210 3910 2890 5880 630 1680 3570 2310 10500 5040 3780 4830 1680 760 380 6840 2850 190 8170 1140 10450 2660 2660 4560 570 4560 950 2280 1520 7980 380 3990 9310 3600 5000 3800 8800 6800 3600 1200 2600 200 2400 4410 4620 4410 4830 5040 6930 5460 1470 2100 630 1520 2470 4560 1520 9500 1140 1330 9880 1330 2850 900 12600 1260 2700 1620 1980 6840 3240 360 2700 5211 390 5670 8569 8159 384 394 9660 420 9450 8232 600 8987 603 579 8568 9568 832 1640 8600 808 1576 8640 824 8888 1400 8282 8610 8772 609 576 597 8778 5211 600 828 1616 2448 8643 579 8800 2123 960 5616 788 784 1365 2112 390 8778 5348 8241 2548 1365 8820 784 5404 2717 8484 402 780 9430 1206 975 8064 784 2460 9180 8528 588 402 8526 8385 5292 2340 832 606 796 8820 1386 796 1248 8772 9405 812 8878 588 585 8888 9450
