itemNumber 150
itemClassNumber 150
itemClass_widthVector 16 15 14 13 12 11 10 9 8 17 16 15 14 13 12 11 10 9 15 14 13 12 11 10 9 8 7 17 16 15 14 13 12 11 10 9 18 17 16 15 14 13 12 11 10 16 15 14 13 12 11 10 9 8 15 14 13 12 11 10 9 8 7 18 17 16 15 14 13 12 11 10 18 17 16 15 14 13 12 11 10 11 13 12 14 10 14 14 16 16 13 12 15 12 13 13 14 12 13 15 13 15 16 12 13 16 18 16 12 10 14 10 13 15 14 12 12 12 15 18 16 10 16 16 17 12 17 17 13 17 17 14 11 12 14 16 16 15 14 18 12 15 17 16 15 13 16 13 13 18
itemClass_lengthVector 20 7 6 49 24 10 6 27 1 9 12 1 3 27 1 10 84 3 4 11 42 3 1 11 5 70 3 14 16 1 2 25 31 21 39 1 14 17 12 60 14 1 18 7 7 4 3 5 29 9 7 73 2 18 25 8 18 5 2 4 16 65 7 25 1 11 16 23 1 17 10 46 3 15 37 33 33 15 5 7 2 7 24 7 23 27 24 50 5 7 25 10 49 6 25 24 49 11 25 49 24 6 6 9 23 7 20 8 5 26 49 27 25 50 24 11 10 10 7 19 8 27 5 5 6 9 20 20 10 8 21 50 5 7 24 7 8 7 49 19 7 6 8 5 6 24 6 10 25 20
itemClass_demand 1 1 1 1 1 1 1 1 1 1 1 1 1 1 1 1 1 1 1 1 1 1 1 1 1 1 1 1 1 1 1 1 1 1 1 1 1 1 1 1 1 1 1 1 1 1 1 1 1 1 1 1 1 1 1 1 1 1 1 1 1 1 1 1 1 1 1 1 1 1 1 1 1 1 1 1 1 1 1 1 1 1 1 1 1 1 1 1 1 1 1 1 1 1 1 1 1 1 1 1 1 1 1 1 1 1 1 1 1 1 1 1 1 1 1 1 1 1 1 1 1 1 1 1 1 1 1 1 1 1 1 1 1 1 1 1 1 1 1 1 1 1 1 1 1 1 1 1 1 1
binNumber 10000
binClassNumber 1
binClass_widthVector 150
binClass_lengthVector 150
binClass_disponibility 1000
itemClass_weight 3200 1120 960 7840 3840 1600 960 4320 160 1530 2040 170 510 4590 170 1700 14280 510 600 1650 6300 450 150 1650 750 10500 450 2380 2720 170 340 4250 5270 3570 6630 170 2520 3060 2160 10800 2520 180 3240 1260 1260 640 480 800 4640 1440 1120 11680 320 2880 3750 1200 2700 750 300 600 2400 9750 1050 4500 180 1980 2880 4140 180 3060 1800 8280 540 2700 6660 5940 5940 2700 900 1260 360 1204 3960 1211 3749 4509 4152 8600 805 1155 4125 1610 8232 1062 4400 4200 8428 1804 4425 8183 3960 978 1008 1521 3910 1239 3460 1360 875 4342 8183 4401 4175 8350 3936 1826 1610 1700 1162 3306 1400 4482 850 840 1044 1593 3540 3380 1730 1288 3486 8750 835 1141 4104 1155 1376 1162 8036 3363 1197 966 1328 825 996 3912 990 1610 4375 3520
