itemNumber 140
itemClassNumber 140
itemClass_widthVector 16 15 14 13 12 11 10 9 8 16 15 14 13 12 11 10 9 8 16 15 14 13 12 11 10 9 8 14 13 12 11 10 9 8 7 6 17 16 15 14 13 12 11 10 9 13 12 11 10 9 8 7 6 5 16 15 14 13 12 11 10 9 8 16 15 14 13 12 11 10 9 8 16 15 14 13 12 11 10 9 8 12 14 15 17 17 17 16 15 10 12 16 12 13 13 15 15 10 13 10 15 13 13 12 15 12 12 11 14 18 15 13 14 15 17 10 12 10 18 16 12 17 15 17 16 10 13 12 13 10 17 10 13 13 15 16 14 17 12 12
itemClass_lengthVector 1 37 4 17 28 8 18 5 22 24 5 6 23 51 5 17 8 1 8 14 28 17 25 1 6 40 1 7 1 1 48 41 12 1 22 7 14 57 18 6 16 7 10 4 8 2 44 1 2 8 12 19 6 46 31 28 13 19 32 3 3 6 5 1 6 1 26 21 11 7 61 6 11 13 27 38 6 9 3 4 29 17 28 18 37 38 38 5 3 5 8 36 8 27 7 17 17 6 28 5 4 28 8 19 4 18 18 17 27 2 4 27 16 16 37 4 19 5 2 4 19 36 16 1 38 6 8 17 7 6 1 5 8 7 17 5 28 38 9 18
itemClass_demand 1 1 1 1 1 1 1 1 1 1 1 1 1 1 1 1 1 1 1 1 1 1 1 1 1 1 1 1 1 1 1 1 1 1 1 1 1 1 1 1 1 1 1 1 1 1 1 1 1 1 1 1 1 1 1 1 1 1 1 1 1 1 1 1 1 1 1 1 1 1 1 1 1 1 1 1 1 1 1 1 1 1 1 1 1 1 1 1 1 1 1 1 1 1 1 1 1 1 1 1 1 1 1 1 1 1 1 1 1 1 1 1 1 1 1 1 1 1 1 1 1 1 1 1 1 1 1 1 1 1 1 1 1 1 1 1 1 1 1 1
binNumber 10000
binClassNumber 1
binClass_widthVector 140
binClass_lengthVector 140
binClass_disponibility 1000
itemClass_weight 160 5920 640 2720 4480 1280 2880 800 3520 3840 800 960 3680 8160 800 2720 1280 160 1280 2240 4480 2720 4000 160 960 6400 160 980 140 140 6720 5740 1680 140 3080 980 2380 9690 3060 1020 2720 1190 1700 680 1360 260 5720 130 260 1040 1560 2470 780 5980 4960 4480 2080 3040 5120 480 480 960 800 160 960 160 4160 3360 1760 1120 9760 960 1760 2080 4320 6080 960 1440 480 640 4640 2839 4592 3024 6327 6270 6460 860 528 810 1368 6192 1392 4779 1211 2754 3009 984 4788 830 660 4872 1360 3135 692 3078 3114 2839 4779 340 644 4482 2720 2576 6179 660 3230 870 322 656 3268 5832 2608 161 6384 1050 1344 2754 1148 1014 164 865 1408 1141 2873 845 4592 6308 1521 3096
