itemNumber 300
itemClassNumber 300
itemClass_widthVector 23 22 21 20 19 18 17 16 15 14 13 12 11 21 20 19 18 17 16 15 14 13 12 11 10 9 21 20 19 18 17 16 15 14 13 12 11 10 9 25 24 23 22 21 20 19 18 17 16 15 14 13 23 22 21 20 19 18 17 16 15 14 13 12 11 24 23 22 21 20 19 18 17 16 15 14 13 12 24 23 22 21 20 19 18 17 16 15 14 13 12 25 24 23 22 21 20 19 18 17 16 15 14 13 23 22 21 20 19 18 17 16 15 14 13 12 11 22 21 20 19 18 17 16 15 14 13 12 11 10 22 21 20 19 18 17 16 15 14 13 12 11 10 23 22 21 20 19 18 17 16 15 14 13 12 11 24 23 22 21 20 19 18 17 16 15 14 13 12 14 13 22 26 21 16 14 26 17 18 20 21 24 24 23 16 20 13 18 15 23 20 23 21 15 24 14 25 14 15 18 17 14 15 26 25 15 14 23 17 14 13 19 17 15 25 22 16 23 17 20 19 18 18 24 24 19 20 13 19 24 15 18 18 17 13 15 17 21 16 23 24 21 21 14 24 23 23 22 16 20 24 22 21 24 17 16 16 20 15 15 16 19 14 21 24 19 18 22 13 15 21 16 24 26 20 24 20 13 22 16 18 22 17 20 24 15 26 17 25 24 23 18 23 24 22 23 25 23 14 21
itemClass_lengthVector 8 3 2 31 11 59 70 32 5 12 23 7 37 43 16 25 8 2 7 65 64 18 19 7 25 1 52 3 7 11 4 9 36 47 28 34 22 27 20 9 10 20 60 2 35 16 42 42 3 13 29 19 27 9 49 38 29 2 56 2 6 62 2 4 14 3 10 3 57 16 16 35 34 20 12 11 14 69 22 61 58 9 5 9 11 4 20 10 2 23 66 4 15 3 35 70 6 10 66 18 14 48 1 10 10 13 2 28 9 8 2 22 57 1 89 51 8 21 46 46 46 1 23 12 8 31 18 21 15 12 18 71 37 26 10 26 1 16 8 16 27 39 5 18 15 30 11 13 53 40 20 16 22 26 14 22 12 21 46 34 39 22 47 32 25 2 8 4 8 24 8 1 9 10 13 22 8 6 31 12 31 1 4 30 6 12 6 70 24 4 60 30 31 11 1 22 7 6 23 70 6 24 13 8 4 23 6 3 6 6 7 59 32 22 2 31 11 30 4 60 60 71 70 7 3 58 59 7 71 9 22 71 31 31 6 11 33 11 12 4 8 10 30 23 2 30 4 2 11 60 2 1 30 1 5 6 6 60 12 13 6 58 7 31 7 71 69 1 6 13 10 4 3 9 10 1 60 7 32 11 31 32 31 60 2 23 8 32 2 8 4 71 31 2 3 3 3 30 7 32
itemClass_demand 1 1 1 1 1 1 1 1 1 1 1 1 1 1 1 1 1 1 1 1 1 1 1 1 1 1 1 1 1 1 1 1 1 1 1 1 1 1 1 1 1 1 1 1 1 1 1 1 1 1 1 1 1 1 1 1 1 1 1 1 1 1 1 1 1 1 1 1 1 1 1 1 1 1 1 1 1 1 1 1 1 1 1 1 1 1 1 1 1 1 1 1 1 1 1 1 1 1 1 1 1 1 1 1 1 1 1 1 1 1 1 1 1 1 1 1 1 1 1 1 1 1 1 1 1 1 1 1 1 1 1 1 1 1 1 1 1 1 1 1 1 1 1 1 1 1 1 1 1 1 1 1 1 1 1 1 1 1 1 1 1 1 1 1 1 1 1 1 1 1 1 1 1 1 1 1 1 1 1 1 1 1 1 1 1 1 1 1 1 1 1 1 1 1 1 1 1 1 1 1 1 1 1 1 1 1 1 1 1 1 1 1 1 1 1 1 1 1 1 1 1 1 1 1 1 1 1 1 1 1 1 1 1 1 1 1 1 1 1 1 1 1 1 1 1 1 1 1 1 1 1 1 1 1 1 1 1 1 1 1 1 1 1 1 1 1 1 1 1 1 1 1 1 1 1 1 1 1 1 1 1 1 1 1 1 1 1 1 1 1 1 1 1 1 1 1 1 1 1 1
binNumber 10000
binClassNumber 1
binClass_widthVector 300
binClass_lengthVector 300
binClass_disponibility 1000
itemClass_weight 1840 690 460 7130 2530 13570 16100 7360 1150 2760 5290 1610 8510 9030 3360 5250 1680 420 1470 13650 13440 3780 3990 1470 5250 210 10920 630 1470 2310 840 1890 7560 9870 5880 7140 4620 5670 4200 2250 2500 5000 15000 500 8750 4000 10500 10500 750 3250 7250 4750 6210 2070 11270 8740 6670 460 12880 460 1380 14260 460 920 3220 720 2400 720 13680 3840 3840 8400 8160 4800 2880 2640 3360 16560 5280 14640 13920 2160 1200 2160 2640 960 4800 2400 480 5520 15840 1000 3750 750 8750 17500 1500 2500 16500 4500 3500 12000 250 2500 2300 2990 460 6440 2070 1840 460 5060 13110 230 20470 11730 1840 4620 10120 10120 10120 220 5060 2640 1760 6820 3960 4620 3300 2640 3960 15620 8140 5720 2200 5720 220 3520 1760 3520 5940 8580 1100 4140 3450 6900 2530 2990 12190 9200 4600 3680 5060 5980 3220 5060 2880 5040 11040 8160 9360 5280 11280 7680 6000 480 1920 960 1920 5688 2016 246 2115 2320 3016 5170 1992 1386 7471 2832 7285 252 988 7560 1398 2988 1482 16590 5784 940 14700 7440 7719 2794 242 5390 1694 1518 5359 17010 1458 5664 3003 1880 1004 5773 1440 741 1512 1458 1617 14514 7808 5192 500 7378 2629 7080 1016 14460 14940 18034 16310 1652 705 14616 14691 1743 17537 2286 5456 16685 7781 7812 1434 2640 7887 2596 2844 972 2032 2380 7530 5612 474 7110 924 508 2783 15060 464 232 7140 245 1230 1392 1386 13860 2892 3133 1476 13920 1680 7781 1687 17963 17043 244 1470 3198 2340 964 729 2223 2410 236 14160 1624 7616 2585 7347 7936 7595 14460 472 5451 2016 7584 464 1904 948 17111 7843 482 735 717 738 7620 1729 8064
