itemNumber 400
itemClassNumber 400
itemClass_widthVector 25 24 23 22 21 20 19 18 17 16 15 14 13 12 11 27 26 25 24 23 22 21 20 19 18 17 16 15 14 13 27 26 25 24 23 22 21 20 19 18 17 16 15 14 13 26 25 24 23 22 21 20 19 18 17 16 15 14 13 12 25 24 23 22 21 20 19 18 17 16 15 14 13 12 11 29 28 27 26 25 24 23 22 21 20 19 18 17 16 15 25 24 23 22 21 20 19 18 17 16 15 14 13 12 11 24 23 22 21 20 19 18 17 16 15 14 13 12 11 10 26 25 24 23 22 21 20 19 18 17 16 15 14 13 12 25 24 23 22 21 20 19 18 17 16 15 14 13 12 11 30 29 28 27 26 25 24 23 22 21 20 19 18 17 16 29 28 27 26 25 24 23 22 21 20 19 18 17 16 15 25 24 23 22 21 20 19 18 17 16 15 14 13 12 11 28 27 26 25 24 23 22 21 20 19 18 17 16 15 14 29 28 27 26 25 24 23 22 21 20 19 18 17 16 15 18 15 25 14 28 21 15 23 27 14 13 19 15 18 17 20 20 23 15 21 23 26 15 26 15 26 14 14 24 27 21 24 16 16 19 25 14 21 21 18 18 15 15 24 24 25 27 16 26 22 13 18 15 18 17 16 27 24 23 17 25 20 25 17 24 25 19 23 21 27 17 16 25 21 15 25 17 26 16 25 20 18 19 27 19 23 25 13 23 20 21 23 24 27 23 27 23 24 19 16 24 19 23 23 20 26 18 23 14 23 22 22 28 22 18 24 18 24 24 15 19 19 18 21 28 15 15 16 13 20 20 15 13 19 18 13 23 20 18 24 23 19 24 24 17 18 17 25 23 19 13 17 15 24 26 16 20 20 17 17 18 20 23 21 24 20 20 18 17 19 27 27 24 19 26
itemClass_lengthVector 11 5 30 53 21 80 7 26 3 13 1 4 40 95 11 20 13 40 3 24 7 144 4 10 12 21 13 22 27 40 7 30 76 12 21 6 24 1 83 2 9 9 57 23 40 7 53 12 16 31 35 22 19 15 14 5 60 3 100 8 2 7 53 10 82 13 8 5 8 10 96 37 7 43 19 47 9 7 2 15 116 30 6 32 34 34 37 1 2 28 48 55 15 48 56 35 1 12 1 21 16 54 22 3 13 56 45 5 43 3 8 23 7 4 10 45 51 21 13 66 120 6 1 1 10 3 1 8 36 25 24 24 65 59 17 20 14 14 1 16 80 19 20 52 1 53 21 24 8 57 34 9 9 25 4 1 9 23 17 20 49 21 53 99 27 32 38 17 3 22 4 52 41 17 4 70 42 14 35 9 17 1 46 6 80 41 10 1 42 7 19 22 40 61 7 53 2 32 34 43 14 6 3 4 54 51 35 2 53 14 12 122 3 11 1 3 55 19 7 22 45 32 19 29 20 2 41 31 39 11 80 3 22 10 94 94 2 4 2 2 8 8 20 3 8 22 11 5 6 4 5 96 96 31 4 81 52 2 3 26 54 94 80 8 12 4 39 4 29 20 52 11 4 30 22 95 4 41 3 14 4 5 20 80 1 54 26 53 1 30 4 26 53 6 6 12 4 4 8 3 30 2 5 1 6 25 4 2 4 3 53 4 94 22 27 7 80 20 4 81 12 79 31 25 3 53 4 54 53 6 5 3 80 41 81 20 22 12 22 4 31 4 21 21 5 26 4 3 81 10 4 3 2 95 8 26 41 96 3 3 96 54 7 3 53 21 27 30 29 2 2 1 31 79 4 96 14 3 21 31 2 6 26 1 1 3 6 79 6 53 6 6 2 14 26 12 12 21 27 10
itemClass_demand 1 1 1 1 1 1 1 1 1 1 1 1 1 1 1 1 1 1 1 1 1 1 1 1 1 1 1 1 1 1 1 1 1 1 1 1 1 1 1 1 1 1 1 1 1 1 1 1 1 1 1 1 1 1 1 1 1 1 1 1 1 1 1 1 1 1 1 1 1 1 1 1 1 1 1 1 1 1 1 1 1 1 1 1 1 1 1 1 1 1 1 1 1 1 1 1 1 1 1 1 1 1 1 1 1 1 1 1 1 1 1 1 1 1 1 1 1 1 1 1 1 1 1 1 1 1 1 1 1 1 1 1 1 1 1 1 1 1 1 1 1 1 1 1 1 1 1 1 1 1 1 1 1 1 1 1 1 1 1 1 1 1 1 1 1 1 1 1 1 1 1 1 1 1 1 1 1 1 1 1 1 1 1 1 1 1 1 1 1 1 1 1 1 1 1 1 1 1 1 1 1 1 1 1 1 1 1 1 1 1 1 1 1 1 1 1 1 1 1 1 1 1 1 1 1 1 1 1 1 1 1 1 1 1 1 1 1 1 1 1 1 1 1 1 1 1 1 1 1 1 1 1 1 1 1 1 1 1 1 1 1 1 1 1 1 1 1 1 1 1 1 1 1 1 1 1 1 1 1 1 1 1 1 1 1 1 1 1 1 1 1 1 1 1 1 1 1 1 1 1 1 1 1 1 1 1 1 1 1 1 1 1 1 1 1 1 1 1 1 1 1 1 1 1 1 1 1 1 1 1 1 1 1 1 1 1 1 1 1 1 1 1 1 1 1 1 1 1 1 1 1 1 1 1 1 1 1 1 1 1 1 1 1 1 1 1 1 1 1 1 1 1 1 1 1 1 1 1 1 1 1 1 1 1 1 1 1 1 1 1 1 1 1 1 1 1 1 1 1 1
binNumber 10000
binClassNumber 1
binClass_widthVector 400
binClass_lengthVector 400
binClass_disponibility 1000
itemClass_weight 2750 1250 7500 13250 5250 20000 1750 6500 750 3250 250 1000 10000 23750 2750 5400 3510 10800 810 6480 1890 38880 1080 2700 3240 5670 3510 5940 7290 10800 1890 8100 20520 3240 5670 1620 6480 270 22410 540 2430 2430 15390 6210 10800 1820 13780 3120 4160 8060 9100 5720 4940 3900 3640 1300 15600 780 26000 2080 500 1750 13250 2500 20500 3250 2000 1250 2000 2500 24000 9250 1750 10750 4750 13630 2610 2030 580 4350 33640 8700 1740 9280 9860 9860 10730 290 580 8120 12000 13750 3750 12000 14000 8750 250 3000 250 5250 4000 13500 5500 750 3250 13440 10800 1200 10320 720 1920 5520 1680 960 2400 10800 12240 5040 3120 15840 31200 1560 260 260 2600 780 260 2080 9360 6500 6240 6240 16900 15340 4420 5000 3500 3500 250 4000 20000 4750 5000 13000 250 13250 5250 6000 2000 14250 10200 2700 2700 7500 1200 300 2700 6900 5100 6000 14700 6300 15900 29700 8100 9280 11020 4930 870 6380 1160 15080 11890 4930 1160 20300 12180 4060 10150 2610 4250 250 11500 1500 20000 10250 2500 250 10500 1750 4750 5500 10000 15250 1750 14840 560 8960 9520 12040 3920 1680 840 1120 15120 14280 9800 560 14840 3920 3480 35380 870 3190 290 870 15950 5510 2030 6380 13050 9280 5510 8410 5800 536 10537 8029 9789 2827 20080 807 5522 2610 24252 25098 550 1056 510 540 2072 2008 5220 756 2072 5940 3003 1285 1530 1084 1335 25440 25920 8246 1104 21708 14248 522 759 7072 14202 24722 20320 2112 3132 1004 10218 1080 7685 5020 13156 2893 1080 8280 5852 26220 1068 10865 762 3654 1080 1280 5520 20160 253 14742 7098 13409 253 8040 1092 7098 14575 1560 1596 3180 1044 1064 2032 786 7830 540 1360 275 1548 6750 1028 524 1044 765 14257 1012 25004 5566 6831 1848 20640 5440 1080 21384 3276 21409 8308 6300 765 14628 1012 14418 14363 1506 1275 756 21040 11070 22113 5460 5874 3312 5720 1004 8494 1048 5712 5460 1310 7150 1012 780 20979 2650 1004 828 522 26125 2128 7124 10906 25248 798 804 26496 14202 1813 780 14204 5292 7263 8220 7308 538 510 252 7843 21567 1100 26304 3808 786 5439 7812 550 1590 6708 269 260 777 1548 21093 1560 13727 1506 1548 532 3584 7176 3120 3036 5460 6966 2650
