itemNumber 170
itemClassNumber 170
itemClass_widthVector 18 17 16 15 14 13 12 11 10 9 17 16 15 14 13 12 11 10 9 8 18 17 16 15 14 13 12 11 10 9 17 16 15 14 13 12 11 10 9 8 16 15 14 13 12 11 10 9 8 7 18 17 16 15 14 13 12 11 10 9 15 14 13 12 11 10 9 8 7 6 16 15 14 13 12 11 10 9 8 7 18 17 16 15 14 13 12 11 10 9 17 16 15 14 13 12 11 10 9 8 17 12 14 18 14 15 15 11 12 12 12 12 20 15 16 13 16 14 20 14 14 13 16 20 17 11 17 15 11 12 18 14 13 12 18 14 19 17 19 18 17 13 15 15 16 15 19 14 12 14 13 13 14 13 18 15 15 18 15 18 14 18 17 17 18 16 18 18 13 17
itemClass_lengthVector 1 37 21 54 5 25 11 6 5 5 5 11 8 5 6 23 51 5 17 39 8 14 28 17 25 1 6 40 26 5 7 2 3 41 4 43 10 1 22 37 14 40 19 14 8 23 14 23 9 6 2 1 8 35 16 7 19 41 27 14 42 26 7 16 23 1 11 32 3 9 34 2 16 10 7 39 4 9 22 27 5 3 2 9 21 2 57 46 19 6 19 36 8 29 9 4 32 12 5 16 20 6 25 36 25 4 24 6 5 6 7 6 1 4 55 5 5 24 2 12 11 10 4 2 21 5 20 4 4 7 38 12 6 4 21 12 36 53 1 38 55 6 24 24 4 4 37 11 6 24 11 7 25 5 22 25 26 22 26 21 10 38 21 21 38 54 21 21 6 53
itemClass_demand 1 1 1 1 1 1 1 1 1 1 1 1 1 1 1 1 1 1 1 1 1 1 1 1 1 1 1 1 1 1 1 1 1 1 1 1 1 1 1 1 1 1 1 1 1 1 1 1 1 1 1 1 1 1 1 1 1 1 1 1 1 1 1 1 1 1 1 1 1 1 1 1 1 1 1 1 1 1 1 1 1 1 1 1 1 1 1 1 1 1 1 1 1 1 1 1 1 1 1 1 1 1 1 1 1 1 1 1 1 1 1 1 1 1 1 1 1 1 1 1 1 1 1 1 1 1 1 1 1 1 1 1 1 1 1 1 1 1 1 1 1 1 1 1 1 1 1 1 1 1 1 1 1 1 1 1 1 1 1 1 1 1 1 1 1 1 1 1 1 1
binNumber 10000
binClassNumber 1
binClass_widthVector 170
binClass_lengthVector 170
binClass_disponibility 1000
itemClass_weight 180 6660 3780 9720 900 4500 1980 1080 900 900 850 1870 1360 850 1020 3910 8670 850 2890 6630 1440 2520 5040 3060 4500 180 1080 7200 4680 900 1190 340 510 6970 680 7310 1700 170 3740 6290 2240 6400 3040 2240 1280 3680 2240 3680 1440 960 360 180 1440 6300 2880 1260 3420 7380 4860 2520 6300 3900 1050 2400 3450 150 1650 4800 450 1350 5440 320 2560 1600 1120 6240 640 1440 3520 4320 900 540 360 1620 3780 360 10260 8280 3420 1080 3230 6120 1360 4930 1530 680 5440 2040 850 2720 3920 1092 4775 6912 4850 788 4632 1170 970 1182 1288 1152 192 784 10395 960 965 4536 388 2292 2123 1870 788 380 3801 905 3740 760 768 1365 7030 2280 1164 724 3864 2304 6552 9699 181 7562 10285 1188 4392 4440 740 752 7067 2123 1188 4584 2178 1323 4600 990 4246 4800 4758 4114 4992 4011 1980 7182 3990 3990 7106 10098 4095 4095 1134 10441
