itemNumber 110
itemClassNumber 110
itemClass_widthVector 15 14 13 12 11 10 9 8 13 12 11 10 9 8 7 6 14 13 12 11 10 9 8 7 13 12 11 10 9 8 7 6 15 14 13 12 11 10 9 8 12 11 10 9 8 7 6 5 13 12 11 10 9 8 7 6 15 14 13 12 11 10 9 8 15 12 15 16 12 12 13 10 12 11 13 16 17 13 10 12 16 10 13 11 15 16 17 17 12 12 15 13 17 15 17 10 15 16 12 13 13 11 14 10 16 10 14 15 10 15
itemClass_lengthVector 30 6 23 18 6 6 15 6 10 16 18 22 8 14 17 5 15 3 23 14 15 10 5 25 4 7 39 20 8 5 10 17 31 12 4 1 18 8 30 6 6 8 13 23 28 19 2 11 7 38 14 7 12 4 11 17 22 2 1 22 13 11 28 11 7 7 24 7 6 5 5 16 6 5 6 5 31 18 14 7 31 14 5 6 24 7 30 31 5 5 5 6 31 6 30 14 7 7 7 17 7 5 24 15 5 16 17 23 16 6
itemClass_demand 1 1 1 1 1 1 1 1 1 1 1 1 1 1 1 1 1 1 1 1 1 1 1 1 1 1 1 1 1 1 1 1 1 1 1 1 1 1 1 1 1 1 1 1 1 1 1 1 1 1 1 1 1 1 1 1 1 1 1 1 1 1 1 1 1 1 1 1 1 1 1 1 1 1 1 1 1 1 1 1 1 1 1 1 1 1 1 1 1 1 1 1 1 1 1 1 1 1 1 1 1 1 1 1 1 1 1 1 1 1
binNumber 10000
binClassNumber 1
binClass_widthVector 110
binClass_lengthVector 110
binClass_disponibility 1000
itemClass_weight 4500 900 3450 2700 900 900 2250 900 1300 2080 2340 2860 1040 1820 2210 650 2100 420 3220 1960 2100 1400 700 3500 520 910 5070 2600 1040 650 1300 2210 4650 1800 600 150 2700 1200 4500 900 720 960 1560 2760 3360 2280 240 1320 910 4940 1820 910 1560 520 1430 2210 3300 300 150 3300 1950 1650 4200 1650 1134 1057 3696 1162 990 800 805 2512 906 775 930 830 4712 2934 2268 1092 4681 2296 770 960 3696 1106 4830 4805 800 810 830 936 5115 948 4770 2240 1127 1141 1155 2788 1155 800 3864 2400 790 2544 2754 3749 2480 978
