itemNumber 140
itemClassNumber 140
itemClass_widthVector 16 15 14 13 12 11 10 9 8 15 14 13 12 11 10 9 8 7 15 14 13 12 11 10 9 8 7 17 16 15 14 13 12 11 10 9 16 15 14 13 12 11 10 9 8 14 13 12 11 10 9 8 7 6 17 16 15 14 13 12 11 10 9 14 13 12 11 10 9 8 7 6 16 15 14 13 12 11 10 9 8 10 12 13 17 14 16 15 11 14 18 17 12 12 17 17 14 12 13 14 12 17 16 12 11 13 14 13 17 17 16 13 10 10 14 17 15 15 14 11 10 14 14 14 10 13 16 15 16 13 10 15 13 15 14 13 15 12 12 17
itemClass_lengthVector 6 7 33 22 1 11 2 29 29 37 11 22 2 8 21 10 21 8 7 70 2 17 6 9 24 1 4 2 23 25 1 11 41 15 14 8 10 4 3 9 9 15 2 86 2 5 12 12 2 17 19 24 31 18 20 11 18 7 10 25 34 12 3 9 1 21 16 6 8 36 38 5 8 7 2 12 12 5 23 13 58 30 1 2 6 1 33 34 2 23 6 7 12 10 7 6 1 11 12 21 11 6 32 2 2 10 21 2 6 8 34 10 29 30 22 6 23 32 23 2 30 21 2 23 29 11 32 34 32 1 29 34 1 32 2 12 34 10 3 6
itemClass_demand 1 1 1 1 1 1 1 1 1 1 1 1 1 1 1 1 1 1 1 1 1 1 1 1 1 1 1 1 1 1 1 1 1 1 1 1 1 1 1 1 1 1 1 1 1 1 1 1 1 1 1 1 1 1 1 1 1 1 1 1 1 1 1 1 1 1 1 1 1 1 1 1 1 1 1 1 1 1 1 1 1 1 1 1 1 1 1 1 1 1 1 1 1 1 1 1 1 1 1 1 1 1 1 1 1 1 1 1 1 1 1 1 1 1 1 1 1 1 1 1 1 1 1 1 1 1 1 1 1 1 1 1 1 1 1 1 1 1 1 1
binNumber 10000
binClassNumber 1
binClass_widthVector 140
binClass_lengthVector 140
binClass_disponibility 1000
itemClass_weight 960 1120 5280 3520 160 1760 320 4640 4640 5550 1650 3300 300 1200 3150 1500 3150 1200 1050 10500 300 2550 900 1350 3600 150 600 340 3910 4250 170 1870 6970 2550 2380 1360 1600 640 480 1440 1440 2400 320 13760 320 700 1680 1680 280 2380 2660 3360 4340 2520 3400 1870 3060 1190 1700 4250 5780 2040 510 1260 140 2940 2240 840 1120 5040 5320 700 1280 1120 320 1920 1920 800 3680 2080 9280 5250 171 346 1014 169 5808 5984 346 3749 1008 1169 2124 1770 1148 1062 177 1848 1932 3444 1881 1026 5440 330 336 1690 3528 350 990 1368 5542 1650 5017 5160 3586 978 3887 5440 3933 346 5070 3717 324 3956 4872 1815 5248 5882 5664 166 5104 5576 176 5664 350 2016 5576 1770 522 1014
