itemNumber 110
itemClassNumber 110
itemClass_widthVector 13 12 11 10 9 8 7 6 14 13 12 11 10 9 8 7 14 13 12 11 10 9 8 7 15 14 13 12 11 10 9 8 12 11 10 9 8 7 6 5 13 12 11 10 9 8 7 6 15 14 13 12 11 10 9 8 14 13 12 11 10 9 8 7 15 11 9 13 9 10 13 10 13 13 8 8 10 13 9 12 8 9 11 14 8 12 10 13 13 12 11 12 9 12 12 10 13 9 10 9 12 10 14 8 8 13 13 15 8 10
itemClass_lengthVector 25 5 31 9 1 21 16 2 4 2 15 18 37 22 2 10 5 8 5 10 6 30 23 23 4 17 15 42 8 2 2 20 9 3 33 8 9 20 21 7 36 7 6 16 6 5 16 18 6 14 14 4 15 26 10 21 14 58 5 3 3 5 16 6 25 10 22 32 21 1 32 2 30 32 16 15 1 30 20 31 15 22 9 24 17 31 1 32 32 10 8 10 20 10 30 1 4 22 1 20 30 1 25 17 15 4 5 25 16 2
itemClass_demand 1 1 1 1 1 1 1 1 1 1 1 1 1 1 1 1 1 1 1 1 1 1 1 1 1 1 1 1 1 1 1 1 1 1 1 1 1 1 1 1 1 1 1 1 1 1 1 1 1 1 1 1 1 1 1 1 1 1 1 1 1 1 1 1 1 1 1 1 1 1 1 1 1 1 1 1 1 1 1 1 1 1 1 1 1 1 1 1 1 1 1 1 1 1 1 1 1 1 1 1 1 1 1 1 1 1 1 1 1 1
binNumber 10000
binClassNumber 1
binClass_widthVector 110
binClass_lengthVector 110
binClass_disponibility 1000
itemClass_weight 3250 650 4030 1170 130 2730 2080 260 560 280 2100 2520 5180 3080 280 1400 700 1120 700 1400 840 4200 3220 3220 600 2550 2250 6300 1200 300 300 3000 1080 360 3960 960 1080 2400 2520 840 4680 910 780 2080 780 650 2080 2340 900 2100 2100 600 2250 3900 1500 3150 1960 8120 700 420 420 700 2240 840 3275 1310 3036 4480 2751 136 4320 266 4290 4320 2288 2025 134 4230 2800 4278 2040 3080 1287 3264 2448 4433 137 4416 4320 1310 1048 1390 2840 1390 4320 143 572 3014 138 2780 4170 140 3375 2431 2010 532 720 3275 2160 262
