itemNumber 700
itemClassNumber 700
itemClass_widthVector 33 32 31 30 29 28 27 26 25 24 23 22 21 20 19 18 17 16 15 39 38 37 36 35 34 33 32 31 30 29 28 27 26 25 24 23 22 21 40 39 38 37 36 35 34 33 32 31 30 29 28 27 26 25 24 23 22 34 33 32 31 30 29 28 27 26 25 24 23 22 21 20 19 18 17 16 36 35 34 33 32 31 30 29 28 27 26 25 24 23 22 21 20 19 18 40 39 38 37 36 35 34 33 32 31 30 29 28 27 26 25 24 23 22 40 39 38 37 36 35 34 33 32 31 30 29 28 27 26 25 24 23 22 37 36 35 34 33 32 31 30 29 28 27 26 25 24 23 22 21 20 19 35 34 33 32 31 30 29 28 27 26 25 24 23 22 21 20 19 18 17 34 33 32 31 30 29 28 27 26 25 24 23 22 21 20 19 18 17 16 40 39 38 37 36 35 34 33 32 31 30 29 28 27 26 25 24 23 22 38 37 36 35 34 33 32 31 30 29 28 27 26 25 24 23 22 21 20 34 33 32 31 30 29 28 27 26 25 24 23 22 21 20 19 18 17 16 36 35 34 33 32 31 30 29 28 27 26 25 24 23 22 21 20 19 18 38 37 36 35 34 33 32 31 30 29 28 27 26 25 24 23 22 21 20 34 33 32 31 30 29 28 27 26 25 24 23 22 21 20 19 18 17 16 39 38 37 36 35 34 33 32 31 30 29 28 27 26 25 24 23 22 21 35 34 33 32 31 30 29 28 27 26 25 24 23 22 21 20 19 18 17 38 37 36 35 34 33 32 31 30 29 28 27 26 25 24 23 22 21 20 26 20 20 18 33 29 26 25 35 24 29 28 30 30 18 21 25 21 34 18 25 29 17 21 29 34 35 21 34 33 17 18 19 35 20 25 30 25 24 26 17 19 24 29 20 19 17 34 26 32 20 35 24 19 18 34 28 19 23 31 24 19 35 25 19 26 35 32 36 32 25 23 17 27 18 17 21 30 24 25 27 33 29 27 18 24 26 19 20 18 21 22 35 32 35 35 26 30 23 24 28 20 28 31 25 19 19 36 32 26 36 18 31 28 21 30 33 26 34 23 23 23 25 37 30 34 29 17 23 18 20 19 31 32 31 19 31 30 30 23 21 34 18 22 26 34 29 27 34 24 26 35 36 20 18 34 23 23 31 32 32 27 34 28 34 24 37 22 31 24 20 19 30 32 25 32 18 25 24 26 21 24 22 27 24 34 19 21 24 21 34 22 29 32 35 21 18 21 21 17 36 34 23 36 32 22 34 19 23 20 17 30 25 31 18 19 30 22 26 22 32 24 29 19 26 20 20 33 30 21 20 29 25 31 25 18 26 31 30 26 26 30 36 18 19 34 33 17 21 32 29 33 35 25 29 19 19 22 24 19 18 28 23 21 27 22 21 33 33 28 34 21 22 28 25 23 30 36 18 34 28 36 28 20 27 18 28 19 22 30 32 27 23 20 34 26 30 24 34 26 22 18 18 29 19 26 36 26 22 30 26 23 34 17 30 26 21 24 28 35 34 36 18 30 33 31 34 20 35 23 34 28 28 34 27 34 21 18 26
itemClass_lengthVector 5 41 91 42 67 23 22 20 61 13 6 41 19 17 129 32 49 14 8 74 9 16 17 38 17 25 113 49 26 10 50 9 94 34 35 6 52 26 45 37 81 85 1 20 10 49 12 60 15 44 49 25 5 20 39 93 10 52 15 28 17 31 13 110 86 7 75 13 11 7 5 27 17 35 74 77 82 17 46 42 10 3 13 103 43 11 41 23 3 22 16 60 71 4 90 199 71 14 6 12 48 8 57 38 5 20 11 6 17 7 1 124 11 45 17 38 21 22 98 1 10 19 122 54 30 18 86 34 14 2 3 19 92 100 50 30 20 152 11 35 36 10 9 3 7 7 13 43 47 46 6 75 39 41 77 10 6 5 3 19 137 17 52 10 15 9 40 24 92 17 87 27 45 5 26 91 30 71 69 45 1 76 37 21 28 19 6 41 15 47 6 9 14 3 17 8 13 57 1 1 54 5 207 37 13 120 75 38 22 4 10 67 27 16 21 13 108 19 10 21 27 187 8 12 40 44 17 49 29 16 100 13 1 21 4 163 66 50 18 21 17 86 19 17 32 13 14 11 24 2 33 23 13 25 96 92 56 1 63 7 21 23 90 96 2 22 13 48 98 16 9 29 41 12 41 35 34 18 33 39 31 107 44 33 19 8 16 59 5 31 108 40 137 13 15 23 15 19 6 38 12 19 21 115 28 2 4 26 105 4 4 28 28 86 7 61 48 48 65 11 24 39 82 58 52 192 2 24 9 22 10 68 3 8 37 9 4 30 38 46 70 18 55 25 5 4 85 5 29 43 12 152 46 40 3 59 26 39 35 12 25 6 31 130 50 40 20 14 42 90 20 24 20 22 68 48 130 41 130 91 13 6 23 15 129 23 40 42 129 90 92 15 15 49 41 32 41 22 7 5 61 15 50 7 23 31 33 14 41 12 67 32 6 18 32 13 4 22 32 42 24 40 50 90 14 32 12 91 43 40 91 41 19 15 21 15 13 129 23 40 14 12 40 20 14 15 7 12 49 128 14 16 20 40 43 90 92 60 23 20 7 19 33 22 67 40 50 32 40 68 60 42 50 67 20 130 21 90 6 42 19 20 17 7 6 22 41 21 15 42 49 130 31 22 91 41 32 41 24 23 16 130 5 49 17 12 41 22 61 92 18 12 4 4 31 15 42 18 41 42 42 91 61 42 22 41 6 6 18 67 42 31 50 23 90 6 42 13 42 40 14 16 41 20 21 18 42 32 16 18 17 42 18 24 41 41 130 13 129 128 13 6 40 18 42 41 19 41 49 18 33 14 67 13 67 50 31 22 19 13 20 92 19 23 48 6 31 33 40 68 128 32 23 5 42 40 15 5 68 23 14 12 22 4 50 48 4 42 15 17 68 24 42 92 41 19 49 33 18 20 49 14 60 19 130 20 16 129 41 91 22 5 129 18 61 6 19 23 5 15 91 61 41 21 31 20 13 62 31 17 24 43 13 42 31 42 12 24 40 90 61 18 15 13 21 31 13 5 7 19 23 7 19 90 15 24 13 128 42 61 5 42 5 14 22 92 66 92 128 4 20 6 19 21 6 13 92 128 49 60
itemClass_demand 1 1 1 1 1 1 1 1 1 1 1 1 1 1 1 1 1 1 1 1 1 1 1 1 1 1 1 1 1 1 1 1 1 1 1 1 1 1 1 1 1 1 1 1 1 1 1 1 1 1 1 1 1 1 1 1 1 1 1 1 1 1 1 1 1 1 1 1 1 1 1 1 1 1 1 1 1 1 1 1 1 1 1 1 1 1 1 1 1 1 1 1 1 1 1 1 1 1 1 1 1 1 1 1 1 1 1 1 1 1 1 1 1 1 1 1 1 1 1 1 1 1 1 1 1 1 1 1 1 1 1 1 1 1 1 1 1 1 1 1 1 1 1 1 1 1 1 1 1 1 1 1 1 1 1 1 1 1 1 1 1 1 1 1 1 1 1 1 1 1 1 1 1 1 1 1 1 1 1 1 1 1 1 1 1 1 1 1 1 1 1 1 1 1 1 1 1 1 1 1 1 1 1 1 1 1 1 1 1 1 1 1 1 1 1 1 1 1 1 1 1 1 1 1 1 1 1 1 1 1 1 1 1 1 1 1 1 1 1 1 1 1 1 1 1 1 1 1 1 1 1 1 1 1 1 1 1 1 1 1 1 1 1 1 1 1 1 1 1 1 1 1 1 1 1 1 1 1 1 1 1 1 1 1 1 1 1 1 1 1 1 1 1 1 1 1 1 1 1 1 1 1 1 1 1 1 1 1 1 1 1 1 1 1 1 1 1 1 1 1 1 1 1 1 1 1 1 1 1 1 1 1 1 1 1 1 1 1 1 1 1 1 1 1 1 1 1 1 1 1 1 1 1 1 1 1 1 1 1 1 1 1 1 1 1 1 1 1 1 1 1 1 1 1 1 1 1 1 1 1 1 1 1 1 1 1 1 1 1 1 1 1 1 1 1 1 1 1 1 1 1 1 1 1 1 1 1 1 1 1 1 1 1 1 1 1 1 1 1 1 1 1 1 1 1 1 1 1 1 1 1 1 1 1 1 1 1 1 1 1 1 1 1 1 1 1 1 1 1 1 1 1 1 1 1 1 1 1 1 1 1 1 1 1 1 1 1 1 1 1 1 1 1 1 1 1 1 1 1 1 1 1 1 1 1 1 1 1 1 1 1 1 1 1 1 1 1 1 1 1 1 1 1 1 1 1 1 1 1 1 1 1 1 1 1 1 1 1 1 1 1 1 1 1 1 1 1 1 1 1 1 1 1 1 1 1 1 1 1 1 1 1 1 1 1 1 1 1 1 1 1 1 1 1 1 1 1 1 1 1 1 1 1 1 1 1 1 1 1 1 1 1 1 1 1 1 1 1 1 1 1 1 1 1 1 1 1 1 1 1 1 1 1 1 1 1 1 1 1 1 1 1 1 1 1 1 1 1 1 1 1 1 1 1 1 1 1 1 1 1 1 1 1 1 1 1 1 1 1 1 1 1 1 1 1 1 1 1 1 1 1 1 1 1 1 1 1 1 1 1 1 1 1 1 1 1 1 1 1 1 1 1 1 1 1 1 1 1 1 1 1 1 1 1 1 1 1 1 1 1 1 1 1 1 1 1 1 1 1 1 1 1 1 1 1 1 1 1 1 1
binNumber 10000
binClassNumber 1
binClass_widthVector 700
binClass_lengthVector 700
binClass_disponibility 1000
itemClass_weight 1650 13530 30030 13860 22110 7590 7260 6600 20130 4290 1980 13530 6270 5610 42570 10560 16170 4620 2640 28860 3510 6240 6630 14820 6630 9750 44070 19110 10140 3900 19500 3510 36660 13260 13650 2340 20280 10140 18000 14800 32400 34000 400 8000 4000 19600 4800 24000 6000 17600 19600 10000 2000 8000 15600 37200 4000 17680 5100 9520 5780 10540 4420 37400 29240 2380 25500 4420 3740 2380 1700 9180 5780 11900 25160 26180 29520 6120 16560 15120 3600 1080 4680 37080 15480 3960 14760 8280 1080 7920 5760 21600 25560 1440 32400 79600 28400 5600 2400 4800 19200 3200 22800 15200 2000 8000 4400 2400 6800 2800 400 49600 4400 18000 6800 15200 8400 8800 39200 400 4000 7600 48800 21600 12000 7200 34400 13600 5600 800 1200 7600 36800 37000 18500 11100 7400 56240 4070 12950 13320 3700 3330 1110 2590 2590 4810 15910 17390 17020 2220 27750 13650 14350 26950 3500 2100 1750 1050 6650 47950 5950 18200 3500 5250 3150 14000 8400 32200 5950 30450 9180 15300 1700 8840 30940 10200 24140 23460 15300 340 25840 12580 7140 9520 6460 2040 13940 5100 15980 2400 3600 5600 1200 6800 3200 5200 22800 400 400 21600 2000 82800 14800 5200 48000 30000 15200 8800 1520 3800 25460 10260 6080 7980 4940 41040 7220 3800 7980 10260 71060 3040 4560 15200 16720 6460 18620 9860 5440 34000 4420 340 7140 1360 55420 22440 17000 6120 7140 5780 29240 6460 5780 10880 4420 4760 3960 8640 720 11880 8280 4680 9000 34560 33120 20160 360 22680 2520 7560 8280 32400 34560 720 7920 4940 18240 37240 6080 3420 11020 15580 4560 15580 13300 12920 6840 12540 14820 11780 40660 16720 12540 7220 2720 5440 20060 1700 10540 36720 13600 46580 4420 5100 7820 5100 6460 2040 12920 4080 6460 7140 39100 10920 780 1560 10140 40950 1560 1560 10920 10920 33540 2730 23790 18720 18720 25350 4290 9360 15210 31980 20300 18200 67200 700 8400 3150 7700 3500 23800 1050 2800 12950 3150 1400 10500 13300 16100 24500 6300 20900 9500 1900 1520 32300 1900 11020 16340 4560 57760 17480 15200 1140 22420 9880 14820 13300 4560 9500 2052 11036 46410 17300 13920 7040 4746 14238 30420 6640 8568 6700 7656 24412 15984 45500 13899 45890 32123 4615 2136 7820 4965 44892 7797 13600 14826 44763 30150 33028 5220 5010 17640 14801 10592 14801 7876 2359 1685 20862 4965 17050 2366 8096 10354 10956 5096 14350 4092 22177 10624 2088 6534 11264 4329 1356 7370 11488 14448 8256 13600 17750 30150 5068 11552 4020 30303 14577 13360 32487 14309 6289 5400 7455 5220 4563 43989 7751 13360 5082 4248 13920 6640 4970 5385 2373 4236 16513 45440 4844 5520 6820 14160 14362 31140 33304 20220 7705 6700 2450 6441 11517 7876 22780 13960 17200 11104 13480 23460 20040 14952 16850 22378 6980 43160 7224 31320 2118 14448 6802 7060 5865 2331 2160 7612 13735 7077 5160 14028 16660 44980 10602 7612 30758 13817 11008 14514 8424 7912 5744 46670 1735 17493 5695 4080 14268 7744 22204 32384 5958 4152 1372 1388 10416 5265 15036 6012 14883 15036 14910 30849 21106 14784 7876 14842 1998 2082 6120 22378 14868 10540 17100 7797 32490 2112 14154 4368 14700 13440 5040 5808 14473 7080 7224 6066 14784 11520 5568 6210 6188 14784 6498 8064 13571 14268 43550 4693 45795 44544 4407 2076 13440 6156 13986 14186 6783 14555 17787 6336 11616 4816 22445 4654 24321 17850 10354 7832 6821 4342 7100 30544 6384 8165 16320 2028 10974 11880 14360 24548 44800 11200 8211 1785 14532 13400 5055 1745 22780 8119 4816 4368 7304 1392 16800 17088 1344 15162 5220 5814 23188 8520 14700 31740 13735 6916 16219 11418 6210 6860 16366 4858 20940 6859 43160 6920 5824 46311 14596 32851 7502 1715 44892 6318 21289 1998 6346 8188 1660 5460 32305 20618 14842 7140 11129 6720 4459 22072 10571 5984 8400 15394 4368 14364 11253 14826 4332 8352 13360 30690 20496 6426 5130 4563 7308 10943 4524 1780 2345 6346 7912 2457 6422 30870 5130 8592 4381 43136 14952 20984 1730 15036 1790 4858 7348 30636 22308 33120 43392 1328 7260 2082 6479 7497 2004 4342 32752 46080 16611 19920
