itemNumber 500
itemClassNumber 500
itemClass_widthVector 31 30 29 28 27 26 25 24 23 22 21 20 19 18 17 16 34 33 32 31 30 29 28 27 26 25 24 23 22 21 20 19 34 33 32 31 30 29 28 27 26 25 24 23 22 21 20 19 33 32 31 30 29 28 27 26 25 24 23 22 21 20 19 18 28 27 26 25 24 23 22 21 20 19 18 17 16 15 14 13 29 28 27 26 25 24 23 22 21 20 19 18 17 16 15 14 34 33 32 31 30 29 28 27 26 25 24 23 22 21 20 19 30 29 28 27 26 25 24 23 22 21 20 19 18 17 16 15 33 32 31 30 29 28 27 26 25 24 23 22 21 20 19 18 31 30 29 28 27 26 25 24 23 22 21 20 19 18 17 16 28 27 26 25 24 23 22 21 20 19 18 17 16 15 14 13 33 32 31 30 29 28 27 26 25 24 23 22 21 20 19 18 34 33 32 31 30 29 28 27 26 25 24 23 22 21 20 19 30 29 28 27 26 25 24 23 22 21 20 19 18 17 16 15 28 27 26 25 24 23 22 21 20 19 18 17 16 15 14 13 30 29 28 27 26 25 24 23 22 21 20 19 18 17 16 15 20 34 24 23 20 29 32 18 28 26 30 18 29 30 26 32 25 27 20 25 31 31 22 25 29 25 32 33 22 30 20 19 26 28 20 28 25 28 27 32 23 23 20 30 29 34 32 34 30 31 31 33 26 31 29 22 24 31 22 25 35 28 19 27 31 34 30 26 23 26 32 18 25 30 32 25 32 29 33 22 30 27 23 19 22 29 26 27 22 27 28 27 27 26 35 29 24 32 30 34 30 21 24 22 21 26 34 21 25 23 32 24 19 19 19 28 19 31 26 22 33 20 29 25 32 20 19 19 30 26 24 29 18 18 19 34 35 20 24 33 22 18 30 25 23 28 27 19 22 19 22 27 21 26 30 30 28 31 31 33 23 26 23 24 26 27 23 23 22 29 27 26 31 19 21 25 33 30 20 30 19 23 27 32 19 21 24 22 19 23 20 19 18 33 34 24 26 34 29 23 29 24 33 32 28 22 21 28 28 27 29 29 19 24 19 30 28 26 21 21 18 27 25 31 31 24 35 23 23 25 24 25 18 28 32 31 31 20 31 24 32 26 20 27
itemClass_lengthVector 50 14 37 117 45 27 5 7 50 22 33 20 13 44 10 6 21 19 26 23 25 104 46 14 20 28 48 22 23 30 47 4 33 15 16 3 29 24 60 40 76 21 9 25 79 22 34 14 15 42 78 28 19 11 21 44 32 73 24 26 32 30 22 3 48 17 15 61 48 90 25 3 28 9 12 3 134 2 3 2 2 19 8 52 49 11 1 4 12 30 36 41 142 6 27 60 7 20 9 14 17 55 63 17 12 53 32 35 92 59 4 11 34 58 46 65 44 73 27 28 7 6 12 57 12 16 3 12 34 34 25 7 4 41 74 26 12 98 49 1 41 7 40 7 29 77 71 8 34 10 15 68 11 100 5 13 2 7 31 19 5 16 14 2 75 16 9 33 28 20 20 15 35 110 57 45 9 16 51 60 54 3 24 42 107 4 19 1 73 25 9 3 18 50 6 77 11 13 97 2 24 8 56 2 32 6 28 70 12 41 108 21 23 97 6 22 22 11 43 8 10 8 48 20 15 30 131 33 9 4 5 15 10 13 10 25 4 145 34 17 40 6 2 8 3 122 61 14 61 25 16 29 13 25 26 49 14 14 33 23 44 116 50 11 4 51 38 9 26 118 50 15 22 4 13 49 14 37 32 50 116 21 15 49 33 44 45 9 49 6 13 28 21 6 5 13 33 19 14 117 45 49 36 51 44 14 117 13 6 36 26 34 33 38 32 50 49 28 9 5 15 15 46 51 22 51 38 10 50 37 50 22 37 46 49 19 38 27 21 44 20 28 49 5 20 5 44 26 28 49 49 26 34 14 37 15 117 19 33 21 20 50 51 20 7 21 49 50 45 44 43 27 45 13 4 34 49 43 28 8 38 45 43 43 117 50 50 118 9 10 10 15 51 13 22 51 19 11 117 49 21 5 28 45 32 44 19 5 13 4 46 117 44 14 36 49 32 4 21 34 6 6 21 32 34 118 4 7 15 45 14 7 49 117 13 37 10 33 6 51 43 12 50 19 10 21 43 9 9 15 15 49 51 15 44 20 28 21 14 37 44 33 13 26 28 27 44 26 9 32 9 46 6 49 20 20 11 8 21 36 15 49 49 19 34 7 50 22 9 4 15 37 36 45 37 34 37 49 43 5
itemClass_demand 1 1 1 1 1 1 1 1 1 1 1 1 1 1 1 1 1 1 1 1 1 1 1 1 1 1 1 1 1 1 1 1 1 1 1 1 1 1 1 1 1 1 1 1 1 1 1 1 1 1 1 1 1 1 1 1 1 1 1 1 1 1 1 1 1 1 1 1 1 1 1 1 1 1 1 1 1 1 1 1 1 1 1 1 1 1 1 1 1 1 1 1 1 1 1 1 1 1 1 1 1 1 1 1 1 1 1 1 1 1 1 1 1 1 1 1 1 1 1 1 1 1 1 1 1 1 1 1 1 1 1 1 1 1 1 1 1 1 1 1 1 1 1 1 1 1 1 1 1 1 1 1 1 1 1 1 1 1 1 1 1 1 1 1 1 1 1 1 1 1 1 1 1 1 1 1 1 1 1 1 1 1 1 1 1 1 1 1 1 1 1 1 1 1 1 1 1 1 1 1 1 1 1 1 1 1 1 1 1 1 1 1 1 1 1 1 1 1 1 1 1 1 1 1 1 1 1 1 1 1 1 1 1 1 1 1 1 1 1 1 1 1 1 1 1 1 1 1 1 1 1 1 1 1 1 1 1 1 1 1 1 1 1 1 1 1 1 1 1 1 1 1 1 1 1 1 1 1 1 1 1 1 1 1 1 1 1 1 1 1 1 1 1 1 1 1 1 1 1 1 1 1 1 1 1 1 1 1 1 1 1 1 1 1 1 1 1 1 1 1 1 1 1 1 1 1 1 1 1 1 1 1 1 1 1 1 1 1 1 1 1 1 1 1 1 1 1 1 1 1 1 1 1 1 1 1 1 1 1 1 1 1 1 1 1 1 1 1 1 1 1 1 1 1 1 1 1 1 1 1 1 1 1 1 1 1 1 1 1 1 1 1 1 1 1 1 1 1 1 1 1 1 1 1 1 1 1 1 1 1 1 1 1 1 1 1 1 1 1 1 1 1 1 1 1 1 1 1 1 1 1 1 1 1 1 1 1 1 1 1 1 1 1 1 1 1 1 1 1 1 1 1 1 1 1 1 1 1 1 1 1 1 1 1 1 1 1 1 1 1 1 1 1 1 1 1 1 1 1 1 1 1 1 1 1 1 1 1 1 1 1 1 1 1 1 1 1 1 1 1
binNumber 10000
binClassNumber 1
binClass_widthVector 500
binClass_lengthVector 500
binClass_disponibility 1000
itemClass_weight 15500 4340 11470 36270 13950 8370 1550 2170 15500 6820 10230 6200 4030 13640 3100 1860 7140 6460 8840 7820 8500 35360 15640 4760 6800 9520 16320 7480 7820 10200 15980 1360 11220 5100 5440 1020 9860 8160 20400 13600 25840 7140 3060 8500 26860 7480 11560 4760 4950 13860 25740 9240 6270 3630 6930 14520 10560 24090 7920 8580 10560 9900 7260 990 13440 4760 4200 17080 13440 25200 7000 840 7840 2520 3360 840 37520 560 840 560 580 5510 2320 15080 14210 3190 290 1160 3480 8700 10440 11890 41180 1740 7830 17400 2380 6800 3060 4760 5780 18700 21420 5780 4080 18020 10880 11900 31280 20060 1360 3740 10200 17400 13800 19500 13200 21900 8100 8400 2100 1800 3600 17100 3600 4800 900 3600 11220 11220 8250 2310 1320 13530 24420 8580 3960 32340 16170 330 13530 2310 13200 2310 8990 23870 22010 2480 10540 3100 4650 21080 3410 31000 1550 4030 620 2170 9610 5890 1400 4480 3920 560 21000 4480 2520 9240 7840 5600 5600 4200 9800 30800 15960 12600 2970 5280 16830 19800 17820 990 7920 13860 35310 1320 6270 330 24090 8250 2970 990 6120 17000 2040 26180 3740 4420 32980 680 8160 2720 19040 680 10880 2040 9520 23800 3600 12300 32400 6300 6900 29100 1800 6600 6600 3300 12900 2400 3000 2400 14400 6000 4200 8400 36680 9240 2520 1120 1400 4200 2800 3640 2800 7000 1120 40600 9520 4760 12000 1800 600 2400 900 36600 18300 4200 18300 7500 4800 8700 3900 7500 7800 14700 4578 4732 11286 7567 14300 37816 16000 3707 1324 17085 12046 2988 8190 37170 16000 4995 6930 1360 4160 16219 4522 12025 10464 15650 38744 6573 4770 16170 10263 14344 15165 3006 16170 1890 4147 9576 6699 2010 1565 4095 10725 5985 4368 39663 14220 16219 11880 16728 14432 4676 38961 4368 1866 12276 8632 10948 11088 12616 10400 15950 15876 9268 2880 1560 4890 4965 15180 17034 7326 17238 12122 3420 17100 12469 16400 7018 12654 14812 16611 6137 12160 8883 6888 14432 6540 8708 15435 1690 6680 1690 14960 8424 8792 16170 16513 8840 11492 4662 12062 4845 38844 6479 10923 7161 6360 16450 16473 6380 2205 6846 15974 16650 14175 14828 14276 8856 14310 4134 1336 11288 15337 13760 9044 2664 12502 15165 14577 13846 37206 16000 15650 39412 3006 3410 3290 5025 17289 4121 7150 17187 6384 3520 39195 15239 7161 1610 8792 14625 10144 14256 6080 1590 4238 1316 14536 39078 14256 4760 11484 15288 10912 1280 6972 10880 2010 1962 7014 10720 11424 36816 1272 2205 4815 14400 4760 2212 16562 36387 4355 11692 3180 11187 2022 16065 13889 3984 16700 6365 3240 6993 13588 2889 3015 4665 4995 16709 16065 5070 14872 6260 9324 6573 4536 12543 14080 10725 4290 8866 9240 9207 14608 8632 3015 10400 2916 15042 1974 15974 6400 6560 3762 2504 6993 12024 4695 16415 15239 6327 11118 2296 16300 6842 3033 1296 5025 12062 12312 15165 12543 11560 12099 16072 13975 1555
