itemNumber 80
itemClassNumber 80
itemClass_widthVector 13 12 11 10 9 8 7 11 10 9 8 7 6 5 13 12 11 10 9 8 7 11 10 9 8 7 6 5 11 10 9 8 7 6 5 10 9 8 7 6 5 4 11 10 9 8 7 6 5 13 14 10 9 12 9 11 13 13 14 10 14 13 10 9 9 11 14 14 13 14 11 12 12 14 13 14 9 13 10 13
itemClass_lengthVector 2 10 8 2 15 20 23 11 10 12 9 22 15 1 9 4 7 12 8 37 3 19 1 6 16 20 16 2 27 3 4 7 10 19 10 24 8 12 4 8 18 6 5 6 31 7 4 16 11 7 3 14 20 2 19 2 9 9 1 16 10 9 14 20 20 2 1 10 11 2 1 3 8 1 11 10 21 7 15 9
itemClass_demand 1 1 1 1 1 1 1 1 1 1 1 1 1 1 1 1 1 1 1 1 1 1 1 1 1 1 1 1 1 1 1 1 1 1 1 1 1 1 1 1 1 1 1 1 1 1 1 1 1 1 1 1 1 1 1 1 1 1 1 1 1 1 1 1 1 1 1 1 1 1 1 1 1 1 1 1 1 1 1 1
binNumber 10000
binClassNumber 1
binClass_widthVector 80
binClass_lengthVector 80
binClass_disponibility 1000
itemClass_weight 260 1300 1040 260 1950 2600 2990 1210 1100 1320 990 2420 1650 110 1170 520 910 1560 1040 4810 390 2090 110 660 1760 2200 1760 220 2970 330 440 770 1100 2090 1100 2400 800 1200 400 800 1800 600 550 660 3410 770 440 1760 1210 994 405 1918 2700 272 2489 266 1242 1188 131 2096 1320 1287 1946 2820 2820 272 133 1350 1474 270 134 420 1152 144 1441 1380 2856 966 2010 1206
