itemNumber 140
itemClassNumber 140
itemClass_widthVector 16 15 14 13 12 11 10 9 8 17 16 15 14 13 12 11 10 9 16 15 14 13 12 11 10 9 8 15 14 13 12 11 10 9 8 7 15 14 13 12 11 10 9 8 7 16 15 14 13 12 11 10 9 8 15 14 13 12 11 10 9 8 7 14 13 12 11 10 9 8 7 6 16 15 14 13 12 11 10 9 8 10 18 17 17 15 12 12 16 18 17 16 12 10 17 17 10 13 16 15 15 14 14 12 16 14 10 12 18 13 11 13 16 16 10 10 15 15 12 10 12 12 16 17 17 10 10 11 15 10 10 14 14 14 18 18 10 10 15 13
itemClass_lengthVector 11 13 13 4 37 24 14 22 2 2 20 29 9 16 37 15 5 7 1 4 13 10 27 20 24 4 37 4 19 8 4 45 6 1 18 35 30 4 15 6 44 3 6 23 9 3 35 17 12 9 9 14 15 26 33 2 5 7 12 21 19 25 16 10 17 1 34 4 35 7 24 8 5 13 35 2 9 5 37 9 25 22 11 10 14 12 25 24 13 12 12 14 15 22 11 10 22 36 13 4 5 4 3 23 12 36 23 23 12 38 14 36 13 14 22 23 4 13 15 22 15 25 12 13 11 22 21 13 13 22 23 37 36 4 12 12 21 22 4 24
itemClass_demand 1 1 1 1 1 1 1 1 1 1 1 1 1 1 1 1 1 1 1 1 1 1 1 1 1 1 1 1 1 1 1 1 1 1 1 1 1 1 1 1 1 1 1 1 1 1 1 1 1 1 1 1 1 1 1 1 1 1 1 1 1 1 1 1 1 1 1 1 1 1 1 1 1 1 1 1 1 1 1 1 1 1 1 1 1 1 1 1 1 1 1 1 1 1 1 1 1 1 1 1 1 1 1 1 1 1 1 1 1 1 1 1 1 1 1 1 1 1 1 1 1 1 1 1 1 1 1 1 1 1 1 1 1 1 1 1 1 1 1 1
binNumber 10000
binClassNumber 1
binClass_widthVector 140
binClass_lengthVector 140
binClass_disponibility 1000
itemClass_weight 1760 2080 2080 640 5920 3840 2240 3520 320 340 3400 4930 1530 2720 6290 2550 850 1190 160 640 2080 1600 4320 3200 3840 640 5920 600 2850 1200 600 6750 900 150 2700 5250 4500 600 2250 900 6600 450 900 3450 1350 480 5600 2720 1920 1440 1440 2240 2400 4160 4950 300 750 1050 1800 3150 2850 3750 2400 1400 2380 140 4760 560 4900 980 3360 1120 800 2080 5600 320 1440 800 5920 1440 4000 3564 1870 1760 2394 2100 4125 4224 2288 2076 1956 2366 2595 3586 1936 1760 3784 6372 2288 676 835 684 528 3887 2112 6228 4025 3887 2064 6270 2254 5832 2236 2338 3542 3818 708 2119 2475 3542 2625 4100 2076 2197 1782 3718 3423 2223 2301 3696 3818 6179 6336 708 1932 1968 3423 3718 660 4248
