itemNumber 400
itemClassNumber 400
itemClass_widthVector 25 24 23 22 21 20 19 18 17 16 15 14 13 12 11 25 24 23 22 21 20 19 18 17 16 15 14 13 12 11 28 27 26 25 24 23 22 21 20 19 18 17 16 15 14 29 28 27 26 25 24 23 22 21 20 19 18 17 16 15 24 23 22 21 20 19 18 17 16 15 14 13 12 11 10 25 24 23 22 21 20 19 18 17 16 15 14 13 12 11 26 25 24 23 22 21 20 19 18 17 16 15 14 13 12 24 23 22 21 20 19 18 17 16 15 14 13 12 11 10 24 23 22 21 20 19 18 17 16 15 14 13 12 11 10 30 29 28 27 26 25 24 23 22 21 20 19 18 17 16 29 28 27 26 25 24 23 22 21 20 19 18 17 16 15 26 25 24 23 22 21 20 19 18 17 16 15 14 13 12 30 29 28 27 26 25 24 23 22 21 20 19 18 17 16 29 28 27 26 25 24 23 22 21 20 19 18 17 16 15 26 25 24 23 22 21 20 19 18 17 16 15 14 13 12 21 15 16 15 19 14 19 20 17 16 21 26 17 26 22 25 16 15 14 26 19 21 18 25 14 24 22 18 25 19 19 22 20 22 26 15 24 26 13 18 23 24 14 17 26 16 24 18 14 27 14 17 16 27 25 17 17 18 26 18 16 16 23 22 24 14 20 20 16 24 20 17 21 18 25 21 20 17 14 23 16 21 18 15 15 19 25 13 14 15 14 25 21 28 13 16 20 23 26 27 25 27 22 14 16 27 25 23 17 21 26 21 25 25 22 27 22 19 20 19 27 25 16 14 13 22 28 20 16 22 19 26 24 18 22 18 20 24 19 24 18 14 26 15 15 24 19 19 14 22 14 18 27 17 26 13 21 17 26 23 17 23 25 15 15 24 21 14 25 16 22 22 22 15 25
itemClass_lengthVector 60 46 12 5 12 9 17 13 3 5 1 18 38 124 37 9 1 62 6 11 12 46 105 2 18 2 41 39 15 31 38 22 13 12 55 23 10 26 28 16 1 77 26 41 12 23 9 10 77 111 7 6 13 1 35 12 51 32 12 1 2 6 66 54 1 38 3 9 20 57 7 3 50 27 57 3 48 12 99 14 26 33 13 33 12 5 17 2 61 22 15 16 4 16 16 29 13 31 33 10 56 60 58 33 10 36 40 12 1 52 76 5 18 3 3 11 35 14 79 15 64 22 49 26 39 8 19 6 25 48 20 17 14 32 11 62 16 6 7 22 21 5 10 7 57 17 65 43 15 47 50 18 48 49 4 3 4 5 13 2 59 86 4 52 3 58 52 59 97 7 14 20 3 9 6 7 6 27 31 4 32 2 29 8 15 31 97 10 20 48 34 18 13 24 19 4 11 59 1 12 27 112 21 10 3 40 18 31 5 46 7 31 36 51 7 13 50 9 24 37 4 51 4 62 14 16 17 2 38 13 125 2 14 4 18 18 45 4 45 8 4 17 18 39 59 13 18 2 46 37 12 9 2 12 3 2 11 18 10 59 37 6 59 123 6 5 13 39 6 47 17 13 4 39 61 123 4 17 45 11 6 1 2 45 6 19 18 5 13 13 123 13 14 1 6 13 5 17 4 45 10 12 1 124 4 17 9 3 39 19 12 12 125 125 19 123 47 10 60 123 19 13 13 45 47 47 47 12 124 17 46 4 12 6 17 46 18 5 4 9 60 13 14 14 12 59 4 1 38 125 8 59 16 1 13 14 60 12 2 8 3 14 4 4 4 2 38 12 37 39 6 3 13 38 9 39 2 60 2 11 123 10 1 13 5 1 6 12 19 17 12 16 38 4 2 13 10 8 37 47
itemClass_demand 1 1 1 1 1 1 1 1 1 1 1 1 1 1 1 1 1 1 1 1 1 1 1 1 1 1 1 1 1 1 1 1 1 1 1 1 1 1 1 1 1 1 1 1 1 1 1 1 1 1 1 1 1 1 1 1 1 1 1 1 1 1 1 1 1 1 1 1 1 1 1 1 1 1 1 1 1 1 1 1 1 1 1 1 1 1 1 1 1 1 1 1 1 1 1 1 1 1 1 1 1 1 1 1 1 1 1 1 1 1 1 1 1 1 1 1 1 1 1 1 1 1 1 1 1 1 1 1 1 1 1 1 1 1 1 1 1 1 1 1 1 1 1 1 1 1 1 1 1 1 1 1 1 1 1 1 1 1 1 1 1 1 1 1 1 1 1 1 1 1 1 1 1 1 1 1 1 1 1 1 1 1 1 1 1 1 1 1 1 1 1 1 1 1 1 1 1 1 1 1 1 1 1 1 1 1 1 1 1 1 1 1 1 1 1 1 1 1 1 1 1 1 1 1 1 1 1 1 1 1 1 1 1 1 1 1 1 1 1 1 1 1 1 1 1 1 1 1 1 1 1 1 1 1 1 1 1 1 1 1 1 1 1 1 1 1 1 1 1 1 1 1 1 1 1 1 1 1 1 1 1 1 1 1 1 1 1 1 1 1 1 1 1 1 1 1 1 1 1 1 1 1 1 1 1 1 1 1 1 1 1 1 1 1 1 1 1 1 1 1 1 1 1 1 1 1 1 1 1 1 1 1 1 1 1 1 1 1 1 1 1 1 1 1 1 1 1 1 1 1 1 1 1 1 1 1 1 1 1 1 1 1 1 1 1 1 1 1 1 1 1 1 1 1 1 1 1 1 1 1 1 1 1 1 1 1 1 1 1 1 1 1 1 1 1 1 1 1 1 1
binNumber 10000
binClassNumber 1
binClass_widthVector 400
binClass_lengthVector 400
binClass_disponibility 1000
itemClass_weight 15000 11500 3000 1250 3000 2250 4250 3250 750 1250 250 4500 9500 31000 9250 2250 250 15500 1500 2750 3000 11500 26250 500 4500 500 10250 9750 3750 7750 10640 6160 3640 3360 15400 6440 2800 7280 7840 4480 280 21560 7280 11480 3360 6670 2610 2900 22330 32190 2030 1740 3770 290 10150 3480 14790 9280 3480 290 480 1440 15840 12960 240 9120 720 2160 4800 13680 1680 720 12000 6480 13680 750 12000 3000 24750 3500 6500 8250 3250 8250 3000 1250 4250 500 15250 5500 3900 4160 1040 4160 4160 7540 3380 8060 8580 2600 14560 15600 15080 8580 2600 8640 9600 2880 240 12480 18240 1200 4320 720 720 2640 8400 3360 18960 3600 15360 5280 11760 6240 9360 1920 4560 1440 6000 11520 4800 4080 3360 7680 2640 18600 4800 1800 2100 6600 6300 1500 3000 2100 17100 5100 19500 12900 4500 14100 14500 5220 13920 14210 1160 870 1160 1450 3770 580 17110 24940 1160 15080 870 15080 13520 15340 25220 1820 3640 5200 780 2340 1560 1820 1560 7020 8060 1040 9600 600 8700 2400 4500 9300 29100 3000 6000 14400 10200 5400 3900 7200 5700 1160 3190 17110 290 3480 7830 32480 6090 2900 870 11600 5220 8990 1450 13340 1820 8060 9360 13260 1820 3380 13000 2340 6240 9620 1040 13260 1040 16120 3640 4128 4539 552 9614 3523 34500 504 3780 1052 4842 4734 12240 1016 11565 2096 1052 4556 4842 10725 14986 3471 4914 546 12696 9842 3120 2430 552 3132 777 530 2882 4734 2530 15458 9879 1506 16166 33456 1650 1360 3315 10062 1536 12079 4420 3315 1076 9945 15555 32964 1048 4352 12105 3025 1614 256 528 12060 1518 4902 4644 1300 3380 3549 32226 3484 3724 275 1620 3380 1310 4403 1068 11835 2760 3216 257 31992 1088 4590 2304 798 10569 5244 3096 3096 34000 33875 4864 31365 12361 2510 16560 32472 4845 3588 3289 12150 12126 12173 11797 3096 33604 4573 11730 1024 3108 1650 4403 11684 4608 1280 1040 2403 15480 3562 3514 3542 3072 15635 1080 275 10488 31500 2056 15222 4112 268 3510 3542 15120 3084 532 2144 762 3766 1060 1012 1060 550 10146 3204 9842 10452 1632 762 3497 9918 2475 10413 534 16560 534 2849 32718 2760 251 3536 1310 260 1578 3012 5130 4607 3048 4368 9842 1048 518 3471 2640 2056 9583 12549
