itemNumber 80
itemClassNumber 80
itemClass_widthVector 11 10 9 8 7 6 5 12 11 10 9 8 7 6 11 10 9 8 7 6 5 12 11 10 9 8 7 6 11 10 9 8 7 6 5 11 10 9 8 7 6 5 12 11 10 9 8 7 6 10 9 10 8 11 8 12 12 12 10 10 10 7 13 10 12 9 9 12 12 8 7 7 10 10 10 8 8 9 11 8
itemClass_lengthVector 4 9 14 22 12 2 17 2 1 1 37 8 21 10 3 26 1 8 7 14 21 25 12 2 25 1 11 4 12 35 1 9 9 5 9 6 34 11 24 1 3 1 35 10 1 13 7 8 6 15 22 13 11 10 12 3 4 5 13 15 15 2 3 14 4 21 21 9 10 13 3 2 13 13 15 12 11 21 9 13
itemClass_demand 1 1 1 1 1 1 1 1 1 1 1 1 1 1 1 1 1 1 1 1 1 1 1 1 1 1 1 1 1 1 1 1 1 1 1 1 1 1 1 1 1 1 1 1 1 1 1 1 1 1 1 1 1 1 1 1 1 1 1 1 1 1 1 1 1 1 1 1 1 1 1 1 1 1 1 1 1 1 1 1
binNumber 10000
binClassNumber 1
binClass_widthVector 80
binClass_lengthVector 80
binClass_disponibility 1000
itemClass_weight 440 990 1540 2420 1320 220 1870 240 120 120 4440 960 2520 1200 330 2860 110 880 770 1540 2310 3000 1440 240 3000 120 1320 480 1320 3850 110 990 990 550 990 660 3740 1210 2640 110 330 110 4200 1200 120 1560 840 960 720 1785 2574 1534 1331 1120 1452 354 460 580 1469 1815 1770 236 351 1610 480 2331 2562 1071 1140 1521 363 244 1443 1495 1755 1332 1320 2457 1026 1560
