itemNumber 120
itemClassNumber 120
itemClass_widthVector 16 15 14 13 12 11 10 9 15 14 13 12 11 10 9 8 16 15 14 13 12 11 10 9 14 13 12 11 10 9 8 7 14 13 12 11 10 9 8 7 14 13 12 11 10 9 8 7 15 14 13 12 11 10 9 8 16 15 14 13 12 11 10 9 12 17 15 15 14 12 17 12 12 17 18 12 12 15 18 18 13 13 15 13 16 17 18 13 13 17 18 17 16 16 17 13 17 17 14 13 11 14 14 13 16 17 15 12 11 17 14 13 14 12 18 17 15 14 12 18
itemClass_lengthVector 11 32 28 7 1 11 25 5 7 8 2 48 11 36 7 1 27 8 1 8 7 48 18 3 4 11 16 24 40 14 8 3 3 8 53 1 5 4 44 2 6 1 28 37 6 10 5 27 47 20 6 3 11 8 14 11 3 40 6 25 4 18 7 17 24 12 8 29 8 25 33 11 24 12 10 25 25 8 12 11 12 12 27 1 31 32 10 1 1 12 10 11 27 29 12 11 10 10 1 10 25 8 6 10 31 10 27 12 26 11 7 1 7 11 10 11 28 1 25 11
itemClass_demand 1 1 1 1 1 1 1 1 1 1 1 1 1 1 1 1 1 1 1 1 1 1 1 1 1 1 1 1 1 1 1 1 1 1 1 1 1 1 1 1 1 1 1 1 1 1 1 1 1 1 1 1 1 1 1 1 1 1 1 1 1 1 1 1 1 1 1 1 1 1 1 1 1 1 1 1 1 1 1 1 1 1 1 1 1 1 1 1 1 1 1 1 1 1 1 1 1 1 1 1 1 1 1 1 1 1 1 1 1 1 1 1 1 1 1 1 1 1 1 1
binNumber 10000
binClassNumber 1
binClass_widthVector 120
binClass_lengthVector 120
binClass_disponibility 1000
itemClass_weight 1760 5120 4480 1120 160 1760 4000 800 1050 1200 300 7200 1650 5400 1050 150 4320 1280 160 1280 1120 7680 2880 480 560 1540 2240 3360 5600 1960 1120 420 420 1120 7420 140 700 560 6160 280 840 140 3920 5180 840 1400 700 3780 7050 3000 900 450 1650 1200 2100 1650 480 6400 960 4000 640 2880 1120 2720 4080 1932 1408 4727 1312 4300 5478 1782 3984 1932 1670 4025 4125 1320 1968 1815 1992 2112 4563 163 5177 5536 1690 174 170 1980 1750 1771 4536 4872 1944 1793 1660 1720 161 1630 4375 1384 1032 1650 5084 1630 4725 2064 4368 1771 1148 169 1134 1870 1730 1771 4872 172 4175 1925
