itemNumber 150
itemClassNumber 150
itemClass_widthVector 18 17 16 15 14 13 12 11 10 20 19 18 17 16 15 14 13 12 16 15 14 13 12 11 10 9 8 16 15 14 13 12 11 10 9 8 16 15 14 13 12 11 10 9 8 16 15 14 13 12 11 10 9 8 17 16 15 14 13 12 11 10 9 15 14 13 12 11 10 9 8 7 16 15 14 13 12 11 10 9 8 18 12 14 14 17 20 12 16 15 16 13 15 13 19 19 14 17 16 16 17 19 20 17 18 17 16 17 20 16 19 18 14 20 17 15 17 12 13 18 18 19 15 18 16 16 12 16 13 14 17 19 12 18 14 16 15 17 17 13 15 14 15 14 18 17 17 13 12 13
itemClass_lengthVector 4 4 22 14 29 40 7 13 17 9 9 2 35 26 6 7 45 11 24 13 3 11 33 39 4 21 2 18 35 6 20 22 3 17 18 11 10 5 6 2 58 32 2 1 34 5 12 21 30 8 11 9 53 1 3 2 13 26 38 20 17 5 26 7 6 1 33 14 25 40 17 7 21 19 9 39 9 9 11 1 32 4 12 8 40 21 3 14 28 28 28 7 40 13 3 4 39 21 30 30 22 3 3 23 5 23 14 14 4 14 4 5 41 4 23 29 14 12 6 4 22 4 30 3 28 14 12 29 12 7 22 3 14 5 6 28 40 23 23 7 29 6 28 39 23 21 15 12 13 6
itemClass_demand 1 1 1 1 1 1 1 1 1 1 1 1 1 1 1 1 1 1 1 1 1 1 1 1 1 1 1 1 1 1 1 1 1 1 1 1 1 1 1 1 1 1 1 1 1 1 1 1 1 1 1 1 1 1 1 1 1 1 1 1 1 1 1 1 1 1 1 1 1 1 1 1 1 1 1 1 1 1 1 1 1 1 1 1 1 1 1 1 1 1 1 1 1 1 1 1 1 1 1 1 1 1 1 1 1 1 1 1 1 1 1 1 1 1 1 1 1 1 1 1 1 1 1 1 1 1 1 1 1 1 1 1 1 1 1 1 1 1 1 1 1 1 1 1 1 1 1 1 1 1
binNumber 10000
binClassNumber 1
binClass_widthVector 150
binClass_lengthVector 150
binClass_disponibility 1000
itemClass_weight 720 720 3960 2520 5220 7200 1260 2340 3060 1800 1800 400 7000 5200 1200 1400 9000 2200 3840 2080 480 1760 5280 6240 640 3360 320 2880 5600 960 3200 3520 480 2720 2880 1760 1600 800 960 320 9280 5120 320 160 5440 800 1920 3360 4800 1280 1760 1440 8480 160 510 340 2210 4420 6460 3400 2890 850 4420 1050 900 150 4950 2100 3750 6000 2550 1050 3360 3040 1440 6240 1440 1440 1760 160 5120 756 2244 1592 7280 3948 570 2674 5488 5376 5264 1281 7680 2444 591 796 7488 4137 5580 5700 4246 588 588 4416 955 4577 2716 2702 760 2604 792 975 7626 728 4393 5336 2618 2268 1182 724 4070 776 5670 582 5152 2604 2208 5713 2304 1302 4312 597 2646 950 1104 5516 7640 4255 4462 1358 5510 1104 5460 7293 4209 3948 2955 2256 2574 1146
