itemNumber 300
itemClassNumber 300
itemClass_widthVector 23 22 21 20 19 18 17 16 15 14 13 12 11 23 22 21 20 19 18 17 16 15 14 13 12 11 22 21 20 19 18 17 16 15 14 13 12 11 10 24 23 22 21 20 19 18 17 16 15 14 13 12 25 24 23 22 21 20 19 18 17 16 15 14 13 23 22 21 20 19 18 17 16 15 14 13 12 11 21 20 19 18 17 16 15 14 13 12 11 10 9 22 21 20 19 18 17 16 15 14 13 12 11 10 22 21 20 19 18 17 16 15 14 13 12 11 10 24 23 22 21 20 19 18 17 16 15 14 13 12 26 25 24 23 22 21 20 19 18 17 16 15 14 23 22 21 20 19 18 17 16 15 14 13 12 11 22 21 20 19 18 17 16 15 14 13 12 11 10 20 16 17 18 17 20 20 17 22 25 15 16 22 23 20 23 13 19 17 22 23 21 15 22 26 20 23 21 13 14 24 25 21 13 16 14 19 20 25 17 21 16 16 22 24 17 20 19 23 17 13 14 22 21 18 20 19 15 22 23 14 20 21 16 20 23 13 21 20 15 21 15 15 22 16 20 18 22 23 16 19 21 21 23 20 21 24 19 14 14 24 16 24 22 19 15 21 24 21 20 14 15 24 17 14 24 16 13 24 21 15 13 18 17 23 19 14 13 25 17 25 14 13 24 24 17 15 14 24 17 15
itemClass_lengthVector 14 41 34 21 4 20 1 5 2 43 82 8 25 4 42 54 48 2 4 6 52 5 44 20 13 6 35 40 20 6 3 38 23 18 29 12 2 60 14 10 12 18 3 36 68 1 17 1 2 15 28 89 31 1 18 9 28 20 42 37 1 31 7 68 7 19 85 7 2 11 4 83 5 4 5 3 24 48 21 6 21 12 48 54 37 8 14 33 36 2 8 23 8 35 20 12 40 62 3 4 31 4 50 8 14 4 23 17 14 60 38 56 16 9 19 18 12 35 5 9 10 61 68 17 8 10 5 22 13 37 3 36 18 5 25 46 27 88 2 20 8 2 20 43 26 4 1 17 38 18 28 11 5 10 21 78 40 6 5 9 22 7 5 90 62 8 15 25 6 20 42 2 2 1 21 4 6 20 13 83 1 20 41 5 35 9 21 1 21 41 5 82 34 14 3 42 22 9 9 35 41 5 7 44 82 19 21 40 6 22 42 3 22 15 6 19 2 34 3 8 8 20 4 1 5 1 81 35 21 82 19 20 1 5 42 7 21 21 43 20 81 83 20 44 20 1 34 21 44 21 21 20 21 21 5 34 20 7 9 41 1 35 35 21 81 22 13 3 21 8 43 34 5 83 35 42 7 34 4 82 7 1 3 21 1 81 9 13 3 42 81 9 13 33 2 44 83 13 3 43
itemClass_demand 1 1 1 1 1 1 1 1 1 1 1 1 1 1 1 1 1 1 1 1 1 1 1 1 1 1 1 1 1 1 1 1 1 1 1 1 1 1 1 1 1 1 1 1 1 1 1 1 1 1 1 1 1 1 1 1 1 1 1 1 1 1 1 1 1 1 1 1 1 1 1 1 1 1 1 1 1 1 1 1 1 1 1 1 1 1 1 1 1 1 1 1 1 1 1 1 1 1 1 1 1 1 1 1 1 1 1 1 1 1 1 1 1 1 1 1 1 1 1 1 1 1 1 1 1 1 1 1 1 1 1 1 1 1 1 1 1 1 1 1 1 1 1 1 1 1 1 1 1 1 1 1 1 1 1 1 1 1 1 1 1 1 1 1 1 1 1 1 1 1 1 1 1 1 1 1 1 1 1 1 1 1 1 1 1 1 1 1 1 1 1 1 1 1 1 1 1 1 1 1 1 1 1 1 1 1 1 1 1 1 1 1 1 1 1 1 1 1 1 1 1 1 1 1 1 1 1 1 1 1 1 1 1 1 1 1 1 1 1 1 1 1 1 1 1 1 1 1 1 1 1 1 1 1 1 1 1 1 1 1 1 1 1 1 1 1 1 1 1 1 1 1 1 1 1 1 1 1 1 1 1 1 1 1 1 1 1 1 1 1 1 1 1 1 1 1 1 1 1 1
binNumber 10000
binClassNumber 1
binClass_widthVector 300
binClass_lengthVector 300
binClass_disponibility 1000
itemClass_weight 3220 9430 7820 4830 920 4600 230 1150 460 9890 18860 1840 5750 920 9660 12420 11040 460 920 1380 11960 1150 10120 4600 2990 1380 7700 8800 4400 1320 660 8360 5060 3960 6380 2640 440 13200 3080 2400 2880 4320 720 8640 16320 240 4080 240 480 3600 6720 21360 7750 250 4500 2250 7000 5000 10500 9250 250 7750 1750 17000 1750 4370 19550 1610 460 2530 920 19090 1150 920 1150 690 5520 11040 4410 1260 4410 2520 10080 11340 7770 1680 2940 6930 7560 420 1680 5060 1760 7700 4400 2640 8800 13640 660 880 6820 880 11000 1760 3080 880 5060 3740 3080 13200 8360 12320 3520 1980 4180 3960 2640 8400 1200 2160 2400 14640 16320 4080 1920 2400 1200 5280 3120 8880 780 9360 4680 1300 6500 11960 7020 22880 520 5200 2080 520 5200 9890 5980 920 230 3910 8740 4140 6440 2530 1150 2300 4830 17940 8800 1320 1100 1980 4840 1540 1100 19800 13640 1760 3300 5500 1320 4880 9912 486 470 251 4893 1004 1410 4700 3237 19173 234 4660 10291 1270 8225 2232 5334 235 5187 9676 1240 19762 8296 3234 708 9996 5412 2205 2169 8295 9922 1250 1673 10824 19516 4750 5082 9280 1392 5302 9828 699 5500 3465 1422 4560 464 7922 744 2024 1888 4880 1004 239 1155 252 18873 8855 4977 20582 4731 4760 241 1270 10626 1764 5229 5334 10148 4720 20493 19422 4920 10912 5080 236 8160 4977 10692 4998 5208 4680 5334 4872 1180 8330 4900 1617 2133 10250 246 8120 8750 5334 19764 5500 3250 762 4956 1912 10664 8058 1165 19588 8225 9786 1736 7888 948 20254 1680 242 699 4893 237 19197 2097 3211 699 10122 20007 2277 3172 7953 470 10956 20750 3107 720 10621
