itemNumber 180
itemClassNumber 180
itemClass_widthVector 17 16 15 14 13 12 11 10 9 8 17 16 15 14 13 12 11 10 9 8 19 18 17 16 15 14 13 12 11 10 18 17 16 15 14 13 12 11 10 9 17 16 15 14 13 12 11 10 9 8 17 16 15 14 13 12 11 10 9 8 19 18 17 16 15 14 13 12 11 10 20 19 18 17 16 15 14 13 12 11 17 16 15 14 13 12 11 10 9 8 19 18 17 16 15 14 13 12 11 10 18 10 17 19 17 11 12 19 14 10 16 12 11 18 16 15 16 10 18 12 14 18 13 13 15 13 19 18 15 10 14 14 10 16 14 15 15 11 19 12 19 13 13 15 10 10 13 14 14 18 16 12 17 16 15 14 18 18 10 16 14 19 12 12 19 19 13 18 14 10 14 16 17 10 11 14 14 14 12 11
itemClass_lengthVector 31 20 14 3 8 8 34 16 44 2 2 55 11 20 1 15 34 9 5 28 34 19 52 7 11 9 15 19 10 4 21 3 29 11 27 35 14 22 4 14 34 3 33 16 1 6 9 55 18 5 3 23 40 38 5 14 18 15 1 23 20 4 15 7 9 13 23 44 4 41 44 25 20 13 3 27 2 21 24 1 23 5 7 7 54 17 53 8 4 2 57 37 4 6 22 4 6 2 26 16 31 43 13 32 14 17 15 32 9 45 14 33 17 21 2 8 3 44 32 33 8 19 8 7 2 9 30 30 9 45 8 8 43 15 7 3 8 16 32 33 31 35 9 9 43 44 34 9 7 32 3 16 20 4 2 8 30 30 43 3 7 32 17 15 32 32 9 30 8 43 9 4 14 43 17 7 9 7 33 16
itemClass_demand 1 1 1 1 1 1 1 1 1 1 1 1 1 1 1 1 1 1 1 1 1 1 1 1 1 1 1 1 1 1 1 1 1 1 1 1 1 1 1 1 1 1 1 1 1 1 1 1 1 1 1 1 1 1 1 1 1 1 1 1 1 1 1 1 1 1 1 1 1 1 1 1 1 1 1 1 1 1 1 1 1 1 1 1 1 1 1 1 1 1 1 1 1 1 1 1 1 1 1 1 1 1 1 1 1 1 1 1 1 1 1 1 1 1 1 1 1 1 1 1 1 1 1 1 1 1 1 1 1 1 1 1 1 1 1 1 1 1 1 1 1 1 1 1 1 1 1 1 1 1 1 1 1 1 1 1 1 1 1 1 1 1 1 1 1 1 1 1 1 1 1 1 1 1 1 1 1 1 1 1
binNumber 10000
binClassNumber 1
binClass_widthVector 180
binClass_lengthVector 180
binClass_disponibility 1000
itemClass_weight 5270 3400 2380 510 1360 1360 5780 2720 7480 340 340 9350 1870 3400 170 2550 5780 1530 850 4760 6460 3610 9880 1330 2090 1710 2850 3610 1900 760 3780 540 5220 1980 4860 6300 2520 3960 720 2520 5780 510 5610 2720 170 1020 1530 9350 3060 850 510 3910 6800 6460 850 2380 3060 2550 170 3910 3800 760 2850 1330 1710 2470 4370 8360 760 7790 8800 5000 4000 2600 600 5400 400 4200 4800 200 3910 850 1190 1190 9180 2890 9010 1360 680 340 10830 7030 760 1140 4180 760 1140 380 4940 3040 5518 7353 2327 5984 2450 3043 2805 5760 1593 7695 2478 5643 3145 3906 362 1400 564 7788 5600 6138 1488 3325 1472 1260 350 1539 5250 5430 1629 8055 1488 1456 7955 2790 1260 537 1432 2880 5696 6006 5363 6510 1656 1602 7439 7876 6392 1584 1267 5856 522 2800 3580 736 368 1416 5280 5490 8041 534 1288 5664 3145 2595 5632 5600 1539 5400 1480 7869 1557 692 2492 8041 3111 1218 1548 1239 5775 2752
