itemNumber 700
itemClassNumber 700
itemClass_widthVector 38 37 36 35 34 33 32 31 30 29 28 27 26 25 24 23 22 21 20 39 38 37 36 35 34 33 32 31 30 29 28 27 26 25 24 23 22 21 36 35 34 33 32 31 30 29 28 27 26 25 24 23 22 21 20 19 18 37 36 35 34 33 32 31 30 29 28 27 26 25 24 23 22 21 20 19 36 35 34 33 32 31 30 29 28 27 26 25 24 23 22 21 20 19 18 38 37 36 35 34 33 32 31 30 29 28 27 26 25 24 23 22 21 20 36 35 34 33 32 31 30 29 28 27 26 25 24 23 22 21 20 19 18 36 35 34 33 32 31 30 29 28 27 26 25 24 23 22 21 20 19 18 35 34 33 32 31 30 29 28 27 26 25 24 23 22 21 20 19 18 17 38 37 36 35 34 33 32 31 30 29 28 27 26 25 24 23 22 21 20 38 37 36 35 34 33 32 31 30 29 28 27 26 25 24 23 22 21 20 34 33 32 31 30 29 28 27 26 25 24 23 22 21 20 19 18 17 16 40 39 38 37 36 35 34 33 32 31 30 29 28 27 26 25 24 23 22 37 36 35 34 33 32 31 30 29 28 27 26 25 24 23 22 21 20 19 34 33 32 31 30 29 28 27 26 25 24 23 22 21 20 19 18 17 16 38 37 36 35 34 33 32 31 30 29 28 27 26 25 24 23 22 21 20 36 35 34 33 32 31 30 29 28 27 26 25 24 23 22 21 20 19 18 36 35 34 33 32 31 30 29 28 27 26 25 24 23 22 21 20 19 18 38 37 36 35 34 33 32 31 30 29 28 27 26 25 24 23 22 21 20 28 24 29 34 29 40 38 39 32 40 32 32 37 39 34 39 26 28 26 31 24 37 30 23 36 37 28 33 26 29 33 29 29 33 24 28 26 34 42 37 31 23 28 39 36 37 26 35 25 32 22 35 26 41 41 32 37 33 22 25 40 24 41 39 41 24 34 22 33 27 30 30 39 25 37 25 31 37 31 28 34 27 36 31 39 24 36 30 23 26 34 24 27 32 23 28 34 32 40 38 25 36 36 30 41 27 24 25 36 26 22 23 40 38 38 36 25 25 25 36 29 37 25 30 37 29 40 35 34 28 39 27 38 25 31 28 36 23 26 41 25 31 41 30 34 34 38 24 23 31 27 30 37 23 24 30 36 29 22 23 37 27 34 37 22 25 31 24 27 39 37 31 38 27 32 38 35 36 26 27 27 28 40 29 35 39 32 35 37 37 29 27 37 27 29 31 24 28 34 24 41 34 25 33 25 31 27 39 26 24 41 35 30 37 38 30 30 39 27 23 32 40 28 22 32 36 32 29 42 33 38 28 33 32 24 31 24 30 35 36 29 40 29 32 40 30 35 31 38 30 26 22 38 27 25 38 36 35 38 35 40 26 25 29 30 29 36 26 23 24 39 40 38 36 30 31 29 37 27 41 38 23 38 39 39 38 24 30 41 31 23 37 26 39 27 32 33 37 28 37 26 29 27 34 35 23 29 36 27 28 24 30 30 25 24 34 26 35 34 28 30 38 37 30 29 23 33 31 34 25 24 36 35 26 29 24 28 26 29
itemClass_lengthVector 121 22 97 23 59 33 10 8 67 1 7 14 37 64 15 76 17 16 13 3 42 31 59 11 54 31 11 134 24 35 6 15 19 35 69 66 22 33 4 36 31 24 20 15 42 59 121 88 11 89 17 12 1 40 49 2 39 40 110 11 48 12 21 9 14 30 65 5 21 50 3 75 89 4 50 43 35 68 12 17 29 63 74 13 5 40 14 8 20 55 50 95 2 18 82 49 5 2 63 22 59 44 1 135 23 49 81 14 14 27 41 7 47 17 4 26 67 16 41 1 111 9 8 26 7 81 3 16 45 22 56 6 155 6 22 29 26 23 23 8 47 36 95 124 70 4 21 11 40 19 61 35 14 82 7 26 8 15 81 9 22 27 63 7 17 100 45 82 79 14 2 4 23 36 17 2 68 71 36 51 91 22 4 34 31 4 52 32 16 106 54 2 1 26 32 44 24 54 121 62 28 51 27 6 2 46 56 40 24 48 55 3 1 34 13 71 14 74 27 91 22 37 15 54 31 24 26 60 59 51 17 25 12 10 24 139 21 8 5 50 17 5 61 73 37 32 54 28 16 1 1 101 46 3 51 33 79 51 25 10 25 41 58 3 59 69 14 48 22 5 28 65 64 213 6 36 1 3 16 4 23 53 43 11 45 2 65 1 2 50 64 13 2 56 142 82 9 18 34 37 33 9 64 17 1 6 14 89 80 33 18 30 12 171 9 6 7 75 23 43 4 67 12 1 18 63 99 167 6 63 3 58 1 19 26 43 17 2 4 44 47 19 9 40 24 7 46 77 13 98 123 26 21 1 48 84 10 5 25 35 8 36 75 6 8 38 120 98 23 1 98 8 7 23 98 7 98 16 36 65 2 15 97 14 17 11 24 37 10 16 13 66 7 6 67 75 37 63 32 120 32 6 16 36 98 9 97 14 11 17 67 15 10 65 22 122 1 98 9 16 15 120 16 23 23 21 77 32 17 66 37 2 6 21 77 96 75 67 59 1 64 32 14 60 6 24 18 9 1 16 65 32 77 63 68 18 63 8 1 22 24 15 59 10 8 22 38 75 18 22 14 16 15 23 24 60 58 18 75 16 23 6 23 18 1 32 8 98 11 34 15 122 14 97 76 8 15 23 15 76 120 77 1 22 8 7 9 22 15 16 1 37 6 34 15 16 13 23 14 15 16 59 16 8 58 15 16 2 18 36 97 59 8 23 16 7 97 58 9 16 36 38 15 97 38 7 96 9 11 34 34 14 14 98 36 37 1 17 15 9 16 122 9 75 68 16 68 16 22 77 76 21 9 14 22 23 13 14 23 38 18 9 122 13 15 2 60 67 14 121 10 58 13 67 9 17 6 15 1 60 34 38 22 37 67 23 7 59 1 24 7 77 15 22 64 16 96 34 8 23 33 23 16 18 13 1 38 11 14 16 17 22 96 24 10 1 1 36 60 65 22 23 16 60 23 21 60 16 15 21 1 16 96 76 96 65 8 8 58 13 97 15 7 64 11 59 16 6 11 63 63 16 15 8 16 15 34 14 59 34 36 2 60 97 8 38 16 9 8 8 77 15 59 59 77 15 15 64 16 38
itemClass_demand 1 1 1 1 1 1 1 1 1 1 1 1 1 1 1 1 1 1 1 1 1 1 1 1 1 1 1 1 1 1 1 1 1 1 1 1 1 1 1 1 1 1 1 1 1 1 1 1 1 1 1 1 1 1 1 1 1 1 1 1 1 1 1 1 1 1 1 1 1 1 1 1 1 1 1 1 1 1 1 1 1 1 1 1 1 1 1 1 1 1 1 1 1 1 1 1 1 1 1 1 1 1 1 1 1 1 1 1 1 1 1 1 1 1 1 1 1 1 1 1 1 1 1 1 1 1 1 1 1 1 1 1 1 1 1 1 1 1 1 1 1 1 1 1 1 1 1 1 1 1 1 1 1 1 1 1 1 1 1 1 1 1 1 1 1 1 1 1 1 1 1 1 1 1 1 1 1 1 1 1 1 1 1 1 1 1 1 1 1 1 1 1 1 1 1 1 1 1 1 1 1 1 1 1 1 1 1 1 1 1 1 1 1 1 1 1 1 1 1 1 1 1 1 1 1 1 1 1 1 1 1 1 1 1 1 1 1 1 1 1 1 1 1 1 1 1 1 1 1 1 1 1 1 1 1 1 1 1 1 1 1 1 1 1 1 1 1 1 1 1 1 1 1 1 1 1 1 1 1 1 1 1 1 1 1 1 1 1 1 1 1 1 1 1 1 1 1 1 1 1 1 1 1 1 1 1 1 1 1 1 1 1 1 1 1 1 1 1 1 1 1 1 1 1 1 1 1 1 1 1 1 1 1 1 1 1 1 1 1 1 1 1 1 1 1 1 1 1 1 1 1 1 1 1 1 1 1 1 1 1 1 1 1 1 1 1 1 1 1 1 1 1 1 1 1 1 1 1 1 1 1 1 1 1 1 1 1 1 1 1 1 1 1 1 1 1 1 1 1 1 1 1 1 1 1 1 1 1 1 1 1 1 1 1 1 1 1 1 1 1 1 1 1 1 1 1 1 1 1 1 1 1 1 1 1 1 1 1 1 1 1 1 1 1 1 1 1 1 1 1 1 1 1 1 1 1 1 1 1 1 1 1 1 1 1 1 1 1 1 1 1 1 1 1 1 1 1 1 1 1 1 1 1 1 1 1 1 1 1 1 1 1 1 1 1 1 1 1 1 1 1 1 1 1 1 1 1 1 1 1 1 1 1 1 1 1 1 1 1 1 1 1 1 1 1 1 1 1 1 1 1 1 1 1 1 1 1 1 1 1 1 1 1 1 1 1 1 1 1 1 1 1 1 1 1 1 1 1 1 1 1 1 1 1 1 1 1 1 1 1 1 1 1 1 1 1 1 1 1 1 1 1 1 1 1 1 1 1 1 1 1 1 1 1 1 1 1 1 1 1 1 1 1 1 1 1 1 1 1 1 1 1 1 1 1 1 1 1 1 1 1 1 1 1 1 1 1 1 1 1 1 1 1 1 1 1 1 1 1 1 1 1 1 1 1 1 1 1 1 1 1 1 1 1 1 1 1 1 1 1 1 1 1 1 1 1 1 1 1 1 1 1 1 1 1 1 1 1 1 1 1 1 1 1 1 1 1 1 1 1 1 1 1 1 1 1 1 1 1 1
binNumber 10000
binClassNumber 1
binClass_widthVector 700
binClass_lengthVector 700
binClass_disponibility 1000
itemClass_weight 45980 8360 36860 8740 22420 12540 3800 3040 25460 380 2660 5320 14060 24320 5700 28880 6460 6080 4940 1170 16380 12090 23010 4290 21060 12090 4290 52260 9360 13650 2340 5850 7410 13650 26910 25740 8580 12870 1440 12960 11160 8640 7200 5400 15120 21240 43560 31680 3960 32040 6120 4320 360 14400 17640 720 14040 14800 40700 4070 17760 4440 7770 3330 5180 11100 24050 1850 7770 18500 1110 27750 32930 1480 18500 15910 12600 24480 4320 6120 10440 22680 26640 4680 1800 14400 5040 2880 7200 19800 18000 34200 720 6480 29520 18620 1900 760 23940 8360 22420 16720 380 51300 8740 18620 30780 5320 5320 10260 15580 2660 17860 6460 1440 9360 24120 5760 14760 360 39960 3240 2880 9360 2520 29160 1080 5760 16200 7920 20160 2160 55800 2160 7920 10440 9360 8280 8280 2880 16920 12960 34200 44640 25200 1440 7560 3960 14400 6840 21960 12600 4900 28700 2450 9100 2800 5250 28350 3150 7700 9450 22050 2450 5950 35000 15750 28700 27650 4900 700 1520 8740 13680 6460 760 25840 26980 13680 19380 34580 8360 1520 12920 11780 1520 19760 12160 6080 40280 20520 760 380 9880 12160 16720 9120 20520 45980 23560 10640 19380 10260 2280 760 17480 21280 15200 9120 16320 18700 1020 340 11560 4420 24140 4760 25160 9180 30940 7480 12580 5100 18360 10540 8160 8840 20400 23600 20400 6800 10000 4800 4000 9600 55600 8400 3200 2000 20000 6800 2000 24400 29200 14800 12800 21600 10360 5920 370 370 37370 17020 1110 18870 12210 29230 18870 9250 3700 9250 15170 21460 1110 21830 25530 4760 16320 7480 1700 9520 22100 21760 72420 2040 12240 340 1020 5440 1360 7820 18020 14620 3740 15300 760 24700 380 760 19000 24320 4940 760 21280 53960 31160 3420 6840 12920 14060 12540 3420 24320 6460 360 2160 5040 32040 28800 11880 6480 10800 4320 61560 3240 2160 2520 27000 8280 15480 1440 24120 4320 360 6480 22680 35640 60120 2160 22680 1080 20880 360 6840 9360 15480 6120 720 1440 15840 16920 6840 3420 15200 9120 2660 17480 29260 4940 37240 46740 9880 7980 380 18240 31920 3800 1900 9500 13300 3040 14868 29025 2376 3352 15162 47640 38122 9407 397 39102 3288 2758 8993 39788 2716 39886 6480 15012 25805 822 5850 38994 5698 6579 4543 9312 15318 3980 6096 5356 26334 2681 2370 25594 31275 14911 25011 12192 47520 12544 2448 6528 14364 38906 3771 38703 5768 4510 6817 26867 6180 4030 26325 9086 48556 408 39200 3465 6224 5715 45960 6400 9407 9085 8358 30030 12864 6511 26466 14578 802 2352 8610 29491 38208 30225 28006 23128 403 25984 12512 5712 22980 2412 9648 6858 3717 397 6688 26065 12416 29953 26271 28152 6894 25830 3312 412 9086 9624 6015 23423 3920 3280 8888 15922 29025 7416 8492 5712 6112 6180 9246 9408 23640 23026 7452 29775 6448 9108 2508 8786 6858 396 12480 3320 39396 4477 13600 6180 47458 5404 39188 29640 3112 6135 9292 6270 31692 46080 31570 413 8580 3344 2891 3717 9218 5790 6688 405 14356 2286 14246 5910 6240 5083 9315 5544 5955 6320 24249 6624 3328 23142 5880 6368 800 7434 14544 39479 23895 3240 9637 6544 2744 37830 22272 3753 6464 14616 15390 5865 39576 14782 2814 36768 3465 4202 14110 13974 5362 5432 39200 14472 14319 413 7106 5985 3618 6512 51118 3627 29250 27608 6304 28424 6624 8756 31647 30324 8694 3726 5824 9174 9108 4953 5824 9384 14934 6984 3627 48556 5330 6165 782 23700 25594 5572 47553 4180 23374 5148 26666 3429 6613 2346 5730 394 23280 13566 15124 8404 14948 25594 9384 2842 22479 392 9144 2842 31647 5715 8382 24768 6224 38592 13668 3120 9361 13728 9499 6256 6948 5187 418 15048 4587 5838 6224 6698 8580 37440 9624 4160 408 381 14400 23040 26585 8800 8924 6096 23700 9085 8316 23940 6656 5880 8295 391 6352 37632 29260 37248 25155 3352 3296 22446 5239 38218 5955 2877 25664 4301 24721 6464 2430 4598 25767 24381 6432 5835 3136 6640 6075 13668 5600 23010 13838 14292 804 23160 38994 3128 15238 6528 3717 3184 3288 29414 5970 23305 22656 29491 6090 6270 26368 6656 14478
