itemNumber 500
itemClassNumber 500
itemClass_widthVector 33 32 31 30 29 28 27 26 25 24 23 22 21 20 19 18 31 30 29 28 27 26 25 24 23 22 21 20 19 18 17 16 34 33 32 31 30 29 28 27 26 25 24 23 22 21 20 19 32 31 30 29 28 27 26 25 24 23 22 21 20 19 18 17 29 28 27 26 25 24 23 22 21 20 19 18 17 16 15 14 29 28 27 26 25 24 23 22 21 20 19 18 17 16 15 14 29 28 27 26 25 24 23 22 21 20 19 18 17 16 15 14 29 28 27 26 25 24 23 22 21 20 19 18 17 16 15 14 30 29 28 27 26 25 24 23 22 21 20 19 18 17 16 15 33 32 31 30 29 28 27 26 25 24 23 22 21 20 19 18 33 32 31 30 29 28 27 26 25 24 23 22 21 20 19 18 28 27 26 25 24 23 22 21 20 19 18 17 16 15 14 13 33 32 31 30 29 28 27 26 25 24 23 22 21 20 19 18 34 33 32 31 30 29 28 27 26 25 24 23 22 21 20 19 29 28 27 26 25 24 23 22 21 20 19 18 17 16 15 14 34 33 32 31 30 29 28 27 26 25 24 23 22 21 20 19 23 24 20 33 21 35 30 30 27 23 22 36 34 30 24 30 27 21 25 29 36 35 22 31 31 26 30 36 25 32 32 24 24 32 25 29 32 25 36 23 21 22 28 25 31 27 30 30 24 27 31 29 36 24 24 28 30 20 25 35 34 21 27 34 25 25 36 26 27 28 23 21 31 27 24 34 21 31 20 35 26 31 32 33 34 28 30 27 32 25 35 37 29 36 23 26 21 31 22 30 30 26 35 25 21 26 31 20 28 31 31 27 26 27 31 24 32 22 24 21 28 31 24 22 32 36 31 23 35 28 34 23 29 22 27 21 29 28 22 31 35 30 31 27 23 29 35 36 28 32 27 29 24 26 36 27 31 26 20 24 27 24 25 34 35 21 32 21 21 25 35 27 28 28 22 29 26 33 32 34 32 25 28 35 31 29 33 35 31 26 33 32 37 36 34 21 23 36 31 33 21 28 22 25 23 30 21 31 21 34 32 26 23 34 32 23 28 29 30 33 20 25 32 26 31 29 32 24 31 29 25 28 32 24 27 29 28 22 22 31 28 36 25 27
itemClass_lengthVector 7 8 45 27 59 80 14 25 61 36 8 1 22 51 29 27 50 29 47 11 9 14 91 37 18 35 40 29 10 15 6 59 35 71 12 16 23 4 25 15 6 34 37 52 3 74 19 74 114 31 11 12 25 10 7 45 14 7 20 69 51 14 6 64 5 5 25 52 32 45 40 33 10 123 32 4 27 14 19 34 41 13 3 16 21 63 98 4 9 38 55 31 7 10 34 57 52 18 52 6 11 19 152 2 6 9 2 54 76 12 14 15 122 1 13 6 8 8 11 74 1 54 21 29 36 73 28 15 16 2 38 28 38 90 18 12 24 23 107 3 48 45 4 4 3 6 30 34 51 3 19 50 52 49 16 120 1 23 12 31 32 70 56 29 9 44 1 3 33 10 55 37 27 25 62 7 64 19 14 22 24 33 41 6 107 6 5 98 36 15 7 3 2 69 2 23 37 16 34 28 58 4 48 25 75 48 27 4 51 91 3 42 27 9 18 27 40 9 59 76 11 30 4 3 62 1 25 41 18 36 9 13 91 8 2 25 67 56 14 32 26 34 7 31 8 36 16 36 10 33 196 1 21 30 14 1 21 9 28 44 50 8 59 79 61 50 22 8 7 59 7 58 26 30 8 81 6 45 23 58 59 36 58 9 1 28 46 21 9 44 35 80 45 7 7 2 28 21 14 7 81 61 80 58 9 37 79 81 9 8 23 24 14 29 2 44 8 29 37 44 9 1 8 7 62 26 50 50 81 60 1 7 29 26 29 45 37 80 58 8 27 62 60 24 45 7 44 7 79 6 22 61 50 80 21 58 15 9 45 35 29 8 58 29 14 28 81 62 8 24 60 1 26 22 2 30 15 81 1 21 59 7 26 1 7 25 7 23 25 21 62 28 24 15 51 59 45 80 60 35 1 15 8 7 61 27 37 15 8 9 8 61 28 62 29 23 61 7 37 26 46 29 26 52 52 8 7 35 13 24 51 81 60 27 58 8 26 1 24 9 80 81 28 7 60 35 9 44 7 8 28 28 52 8 80 9 28 25 22 9 50 60 50 81 51 44 58 35 51 45 59 23 13 13 58 46 28 8 45 8 79 24 45 8 79 15 1 62 27 23 25 24 61 51 50 28 61 9 35 60
itemClass_demand 1 1 1 1 1 1 1 1 1 1 1 1 1 1 1 1 1 1 1 1 1 1 1 1 1 1 1 1 1 1 1 1 1 1 1 1 1 1 1 1 1 1 1 1 1 1 1 1 1 1 1 1 1 1 1 1 1 1 1 1 1 1 1 1 1 1 1 1 1 1 1 1 1 1 1 1 1 1 1 1 1 1 1 1 1 1 1 1 1 1 1 1 1 1 1 1 1 1 1 1 1 1 1 1 1 1 1 1 1 1 1 1 1 1 1 1 1 1 1 1 1 1 1 1 1 1 1 1 1 1 1 1 1 1 1 1 1 1 1 1 1 1 1 1 1 1 1 1 1 1 1 1 1 1 1 1 1 1 1 1 1 1 1 1 1 1 1 1 1 1 1 1 1 1 1 1 1 1 1 1 1 1 1 1 1 1 1 1 1 1 1 1 1 1 1 1 1 1 1 1 1 1 1 1 1 1 1 1 1 1 1 1 1 1 1 1 1 1 1 1 1 1 1 1 1 1 1 1 1 1 1 1 1 1 1 1 1 1 1 1 1 1 1 1 1 1 1 1 1 1 1 1 1 1 1 1 1 1 1 1 1 1 1 1 1 1 1 1 1 1 1 1 1 1 1 1 1 1 1 1 1 1 1 1 1 1 1 1 1 1 1 1 1 1 1 1 1 1 1 1 1 1 1 1 1 1 1 1 1 1 1 1 1 1 1 1 1 1 1 1 1 1 1 1 1 1 1 1 1 1 1 1 1 1 1 1 1 1 1 1 1 1 1 1 1 1 1 1 1 1 1 1 1 1 1 1 1 1 1 1 1 1 1 1 1 1 1 1 1 1 1 1 1 1 1 1 1 1 1 1 1 1 1 1 1 1 1 1 1 1 1 1 1 1 1 1 1 1 1 1 1 1 1 1 1 1 1 1 1 1 1 1 1 1 1 1 1 1 1 1 1 1 1 1 1 1 1 1 1 1 1 1 1 1 1 1 1 1 1 1 1 1 1 1 1 1 1 1 1 1 1 1 1 1 1 1 1 1 1 1 1 1 1 1 1 1 1 1 1 1 1 1 1 1 1 1 1 1 1 1 1 1 1 1 1 1 1 1 1 1 1 1 1 1 1 1 1 1 1 1
binNumber 10000
binClassNumber 1
binClass_widthVector 500
binClass_lengthVector 500
binClass_disponibility 1000
itemClass_weight 2310 2640 14850 8910 19470 26400 4620 8250 20130 11880 2640 330 7260 16830 9570 8910 15500 8990 14570 3410 2790 4340 28210 11470 5580 10850 12400 8990 3100 4650 1860 18290 11900 24140 4080 5440 7820 1360 8500 5100 2040 11560 12580 17680 1020 25160 6460 25160 36480 9920 3520 3840 8000 3200 2240 14400 4480 2240 6400 22080 16320 4480 1920 20480 1450 1450 7250 15080 9280 13050 11600 9570 2900 35670 9280 1160 7830 4060 5510 9860 11890 3770 870 4640 6090 18270 28420 1160 2610 11020 15950 8990 2030 2900 9860 16530 15080 5220 15080 1740 3190 5510 44080 580 1740 2610 580 15660 22040 3480 4060 4350 35380 290 3770 1740 2320 2320 3190 21460 290 15660 6090 8410 10440 21170 8120 4350 4800 600 11400 8400 11400 27000 5400 3600 7200 6900 32100 900 14400 13500 1200 1200 990 1980 9900 11220 16830 990 6270 16500 17160 16170 5280 39600 330 7590 3960 10230 10560 23100 18480 9570 2970 14520 330 990 10890 3300 18150 12210 8910 8250 20460 2310 17920 5320 3920 6160 6720 9240 11480 1680 29960 1680 1400 27440 10080 4200 1960 840 660 22770 660 7590 12210 5280 11220 9240 19140 1320 15840 8250 24750 15840 8910 1320 17340 30940 1020 14280 9180 3060 6120 9180 13600 3060 20060 25840 3740 10200 1360 1020 17980 290 7250 11890 5220 10440 2610 3770 26390 2320 580 7250 19430 16240 4060 9280 8840 11560 2380 10540 2720 12240 5440 12240 3400 11220 66640 340 7140 10200 4760 340 7329 3204 9828 15664 17450 2888 20001 28440 21411 17000 7810 2864 2324 19883 2373 19488 8970 10230 2784 27378 2094 15300 8142 19778 20119 12132 20126 3078 336 9296 16514 7434 3087 14740 12460 28320 15165 2317 2457 672 9604 7308 4970 2513 28755 20679 27360 20648 3267 12913 28361 29160 3024 2896 8234 8064 4886 10121 728 15708 2752 10237 12728 14828 3150 341 2648 2429 21204 9048 18050 17500 28107 20580 339 2366 10005 8970 9599 15885 12506 28720 20300 2784 9423 21886 21000 8352 15030 2513 14608 2527 28282 2142 7480 20252 18100 27760 7098 20358 5265 3006 15750 11620 10121 2872 20300 10353 5068 9380 28188 22444 2832 8352 20760 354 9308 7326 696 10590 5235 27378 334 7602 21181 2429 9386 345 2345 8850 2450 7912 8425 6972 21452 9548 8472 5325 17136 20827 15660 26720 21360 12740 357 5040 2704 2324 21594 9720 12580 5415 2760 3132 2856 20252 9408 21886 10150 8073 21899 2429 13394 9386 15962 10382 9230 17212 18460 2672 2513 12005 4563 8640 17238 28269 20820 9423 19372 2888 9230 341 8400 3267 28640 28836 10164 2352 21780 12530 3033 15972 2471 2864 9408 9772 17836 2688 29120 3069 9296 8275 7788 3204 16850 21000 17000 29160 18105 14652 19604 11935 18462 15660 21417 7774 4537 4355 19894 16698 9996 2688 15255 2880 26860 8016 15120 2904 26307 5115 356 22010 9666 8004 8450 8400 21838 18462 17600 9436 21655 3276 12145 21720
