itemNumber 100
itemClassNumber 100
itemClass_widthVector 12 11 10 9 8 7 6 5 14 13 12 11 10 9 8 7 13 12 11 10 9 8 7 6 12 11 10 9 8 7 6 5 14 13 12 11 10 9 8 7 11 10 9 8 7 6 5 4 13 12 11 10 9 8 7 6 11 10 9 8 7 6 5 4 10 10 10 14 7 13 12 8 13 10 7 10 9 9 8 13 11 8 10 10 14 9 11 8 9 9 13 9 8 12 8 13 7 9 13 9
itemClass_lengthVector 29 2 3 19 29 3 7 8 3 1 16 13 45 3 5 14 12 11 22 10 9 3 16 17 9 11 2 17 1 1 18 41 3 8 8 45 15 5 7 9 10 20 11 25 18 2 2 12 7 13 31 31 6 7 3 2 5 14 16 15 2 1 30 17 20 18 20 29 7 2 2 3 3 19 6 18 29 28 3 29 4 3 18 18 28 30 4 2 30 30 30 29 3 1 3 28 6 29 29 28
itemClass_demand 1 1 1 1 1 1 1 1 1 1 1 1 1 1 1 1 1 1 1 1 1 1 1 1 1 1 1 1 1 1 1 1 1 1 1 1 1 1 1 1 1 1 1 1 1 1 1 1 1 1 1 1 1 1 1 1 1 1 1 1 1 1 1 1 1 1 1 1 1 1 1 1 1 1 1 1 1 1 1 1 1 1 1 1 1 1 1 1 1 1 1 1 1 1 1 1 1 1 1 1
binNumber 10000
binClassNumber 1
binClass_widthVector 100
binClass_lengthVector 100
binClass_disponibility 1000
itemClass_weight 3480 240 360 2280 3480 360 840 960 420 140 2240 1820 6300 420 700 1960 1560 1430 2860 1300 1170 390 2080 2210 1080 1320 240 2040 120 120 2160 4920 420 1120 1120 6300 2100 700 980 1260 1100 2200 1210 2750 1980 220 220 1320 910 1690 4030 4030 780 910 390 260 550 1540 1760 1650 220 110 3300 1870 2580 2196 2500 3567 861 258 252 381 363 2318 792 2232 3712 3696 384 3741 488 375 2232 2358 3556 3630 508 262 3720 3870 3840 3567 366 126 369 3696 744 3567 3509 3668
