itemNumber 300
itemClassNumber 300
itemClass_widthVector 22 21 20 19 18 17 16 15 14 13 12 11 10 21 20 19 18 17 16 15 14 13 12 11 10 9 25 24 23 22 21 20 19 18 17 16 15 14 13 23 22 21 20 19 18 17 16 15 14 13 12 11 22 21 20 19 18 17 16 15 14 13 12 11 10 22 21 20 19 18 17 16 15 14 13 12 11 10 24 23 22 21 20 19 18 17 16 15 14 13 12 24 23 22 21 20 19 18 17 16 15 14 13 12 22 21 20 19 18 17 16 15 14 13 12 11 10 25 24 23 22 21 20 19 18 17 16 15 14 13 23 22 21 20 19 18 17 16 15 14 13 12 11 24 23 22 21 20 19 18 17 16 15 14 13 12 23 22 21 20 19 18 17 16 15 14 13 12 11 17 15 18 18 20 24 19 14 18 22 13 19 17 14 20 20 19 20 14 13 23 14 18 14 24 17 14 17 14 14 22 24 24 20 22 12 16 23 18 16 23 15 13 24 17 13 15 16 12 17 21 17 17 18 18 17 24 23 21 14 16 19 15 14 21 15 17 22 15 14 24 16 18 17 14 25 22 12 12 23 19 19 16 19 17 19 24 20 19 23 13 14 21 12 15 22 24 17 15 20 19 16 17 13 13 16 17 15 23 13 14 23 13 15 14 19 24 13 18 15 20 23 18 18 23 15 23 23 19 14 17
itemClass_lengthVector 61 26 3 11 2 18 1 8 37 21 80 27 5 59 16 8 15 8 39 11 89 9 3 26 8 9 41 7 30 27 23 53 21 49 19 3 6 18 3 10 55 9 1 9 71 17 2 43 6 55 15 7 30 18 30 11 2 1 61 28 8 65 15 8 23 6 18 64 49 3 38 26 5 1 13 40 5 32 39 7 2 36 29 21 28 77 1 32 14 8 6 7 3 24 33 5 38 17 17 17 26 89 20 4 8 21 3 66 49 3 30 53 27 7 3 22 8 43 26 28 4 6 28 18 13 56 6 18 4 50 8 28 1 41 31 63 3 4 1 5 36 24 55 29 48 6 41 9 23 9 6 3 92 18 15 1 76 22 21 14 12 13 19 8 12 43 5 7 48 1 22 19 1 12 27 18 80 19 2 26 19 8 79 1 10 18 12 22 79 3 20 1 81 62 9 81 1 21 81 4 25 60 2 3 26 38 3 17 38 26 37 79 62 1 27 36 37 28 1 12 9 7 1 17 8 26 62 12 80 38 17 36 22 3 21 7 2 20 21 26 38 2 7 80 60 4 28 26 2 1 17 7 2 1 19 25 2 2 60 80 22 2 26 21 25 62 1 22 12 1 38 9 28 79 36 7 38 26 26 81 62 26 36 81 17 27 81 1 37 10 60 1 17 61 38 26 3 18 21 2
itemClass_demand 1 1 1 1 1 1 1 1 1 1 1 1 1 1 1 1 1 1 1 1 1 1 1 1 1 1 1 1 1 1 1 1 1 1 1 1 1 1 1 1 1 1 1 1 1 1 1 1 1 1 1 1 1 1 1 1 1 1 1 1 1 1 1 1 1 1 1 1 1 1 1 1 1 1 1 1 1 1 1 1 1 1 1 1 1 1 1 1 1 1 1 1 1 1 1 1 1 1 1 1 1 1 1 1 1 1 1 1 1 1 1 1 1 1 1 1 1 1 1 1 1 1 1 1 1 1 1 1 1 1 1 1 1 1 1 1 1 1 1 1 1 1 1 1 1 1 1 1 1 1 1 1 1 1 1 1 1 1 1 1 1 1 1 1 1 1 1 1 1 1 1 1 1 1 1 1 1 1 1 1 1 1 1 1 1 1 1 1 1 1 1 1 1 1 1 1 1 1 1 1 1 1 1 1 1 1 1 1 1 1 1 1 1 1 1 1 1 1 1 1 1 1 1 1 1 1 1 1 1 1 1 1 1 1 1 1 1 1 1 1 1 1 1 1 1 1 1 1 1 1 1 1 1 1 1 1 1 1 1 1 1 1 1 1 1 1 1 1 1 1 1 1 1 1 1 1 1 1 1 1 1 1 1 1 1 1 1 1 1 1 1 1 1 1 1 1 1 1 1 1
binNumber 10000
binClassNumber 1
binClass_widthVector 300
binClass_lengthVector 300
binClass_disponibility 1000
itemClass_weight 13420 5720 660 2420 440 3960 220 1760 8140 4620 17600 5940 1100 12390 3360 1680 3150 1680 8190 2310 18690 1890 630 5460 1680 1890 10250 1750 7500 6750 5750 13250 5250 12250 4750 750 1500 4500 750 2300 12650 2070 230 2070 16330 3910 460 9890 1380 12650 3450 1610 6600 3960 6600 2420 440 220 13420 6160 1760 14300 3300 1760 5060 1320 3960 14080 10780 660 8360 5720 1100 220 2860 8800 1100 7040 9360 1680 480 8640 6960 5040 6720 18480 240 7680 3360 1920 1440 1680 720 5760 7920 1200 9120 4080 4080 4080 6240 21360 4800 960 1760 4620 660 14520 10780 660 6600 11660 5940 1540 660 4840 1760 10750 6500 7000 1000 1500 7000 4500 3250 14000 1500 4500 1000 12500 1840 6440 230 9430 7130 14490 690 920 230 1150 8280 5520 12650 6960 11520 1440 9840 2160 5520 2160 1440 720 22080 4320 3600 240 17480 5060 4830 3220 2760 2990 4370 1840 2760 9890 1150 1610 11040 234 5192 4598 239 2736 6318 4176 19120 4370 442 5928 4256 1800 18012 234 2340 4320 2676 4972 18802 672 4680 225 18954 14074 2115 17982 237 4662 19440 964 5550 13860 476 690 5928 8474 711 3757 9158 5798 8473 18249 14074 225 6480 8100 8473 6720 232 2880 2088 1666 221 4012 1824 5746 14632 2676 17760 8436 3876 8712 5016 702 4725 1575 468 4580 4767 6136 8930 468 1666 19040 14400 916 6608 5772 446 221 3876 1575 442 227 4446 5750 458 484 14280 18960 5082 482 5746 4935 5875 14384 234 5104 2868 237 8626 2151 6776 19197 8280 1582 8398 5746 5824 19035 13888 5746 8028 18711 4046 6291 19035 237 8880 2370 13740 230 3859 14640 8740 6136 720 4320 4914 446
