itemNumber 600
itemClassNumber 600
itemClass_widthVector 34 33 32 31 30 29 28 27 26 25 24 23 22 21 20 19 18 17 31 30 29 28 27 26 25 24 23 22 21 20 19 18 17 16 15 14 30 29 28 27 26 25 24 23 22 21 20 19 18 17 16 15 14 13 34 33 32 31 30 29 28 27 26 25 24 23 22 21 20 19 18 17 36 35 34 33 32 31 30 29 28 27 26 25 24 23 22 21 20 19 36 35 34 33 32 31 30 29 28 27 26 25 24 23 22 21 20 19 35 34 33 32 31 30 29 28 27 26 25 24 23 22 21 20 19 18 32 31 30 29 28 27 26 25 24 23 22 21 20 19 18 17 16 15 32 31 30 29 28 27 26 25 24 23 22 21 20 19 18 17 16 15 34 33 32 31 30 29 28 27 26 25 24 23 22 21 20 19 18 17 37 36 35 34 33 32 31 30 29 28 27 26 25 24 23 22 21 20 30 29 28 27 26 25 24 23 22 21 20 19 18 17 16 15 14 13 33 32 31 30 29 28 27 26 25 24 23 22 21 20 19 18 17 16 37 36 35 34 33 32 31 30 29 28 27 26 25 24 23 22 21 20 30 29 28 27 26 25 24 23 22 21 20 19 18 17 16 15 14 13 31 30 29 28 27 26 25 24 23 22 21 20 19 18 17 16 15 14 31 30 29 28 27 26 25 24 23 22 21 20 19 18 17 16 15 14 37 36 35 34 33 32 31 30 29 28 27 26 25 24 23 22 21 20 23 20 33 27 36 29 32 31 37 29 38 29 21 26 25 31 30 26 33 24 36 33 34 32 33 35 32 27 24 27 20 36 23 25 25 30 23 34 25 19 21 37 33 28 23 30 20 22 24 29 19 31 25 24 26 19 35 34 28 34 36 24 29 22 28 35 21 28 25 38 37 32 26 37 21 38 26 25 30 28 21 34 25 25 24 33 36 27 29 27 26 29 28 20 32 31 23 23 26 35 25 27 23 27 30 31 33 20 30 30 37 31 38 35 26 36 28 24 33 29 26 33 26 21 32 21 27 27 19 33 29 30 24 27 25 26 36 36 24 21 36 32 21 26 35 32 26 28 33 28 32 32 36 19 36 32 27 31 29 23 21 34 33 24 23 23 34 35 23 27 19 28 35 38 36 24 19 33 25 21 27 20 32 29 34 23 30 20 26 33 38 27 19 25 23 23 22 22 21 35 25 31 29 33 35 32 30 22 20 30 35 36 26 27 24 28 23 30 34 21 26 25 20 30 27 36 30 28 23 32 25 30 19 22 32 30 23 29 26 22 27 34 22 36 30 23 31 20 27 27 25 27 37 27 33 20 34 35 31 20 30 25 19 30 25 28 27 30 36 34 33 30 26 21 22 37
itemClass_lengthVector 21 16 22 118 34 11 67 33 46 4 6 54 10 83 55 6 1 13 110 2 11 23 8 70 20 21 31 17 24 42 87 39 51 3 4 37 38 40 16 12 68 24 4 20 49 32 84 84 7 25 39 20 8 30 26 55 31 5 26 27 71 14 37 49 5 95 42 72 18 2 1 24 19 45 25 143 40 27 6 5 18 30 29 31 4 46 42 29 7 54 8 30 6 38 32 92 48 12 17 2 86 46 36 28 97 1 1 20 31 14 50 10 33 26 48 8 8 97 10 24 12 66 10 98 2 53 36 6 123 13 74 52 19 1 52 1 32 16 13 19 27 27 79 10 19 47 4 51 4 23 2 23 41 103 117 42 9 42 6 12 11 44 8 27 2 36 9 2 51 46 22 68 8 153 57 35 34 29 10 3 36 48 30 4 26 3 15 9 31 11 80 22 19 105 29 52 78 2 33 4 3 32 27 35 23 7 59 31 90 38 89 93 9 3 2 22 25 12 33 39 22 17 3 131 24 31 7 58 18 116 7 14 22 21 20 76 24 32 25 29 14 13 19 11 4 63 44 62 68 33 14 49 38 1 65 63 7 37 78 13 39 23 9 34 60 2 48 62 6 15 2 117 5 53 8 21 5 52 10 5 119 20 15 14 47 4 38 65 5 22 13 22 1 19 15 40 93 47 57 47 41 74 32 60 3 9 34 56 93 26 39 46 7 19 1 2 17 35 124 18 17 28 33 5 56 6 119 5 17 67 11 12 15 67 22 34 54 55 5 12 66 5 21 53 21 118 117 35 35 118 12 47 11 3 5 21 82 10 10 68 83 33 53 1 55 20 119 45 83 68 5 84 55 47 1 67 6 55 4 1 119 35 5 22 17 11 66 54 46 117 7 33 10 22 15 12 4 21 6 22 5 5 32 46 54 117 5 6 11 34 21 3 47 6 5 67 33 2 35 67 55 84 6 21 54 5 56 6 12 10 33 2 68 10 16 11 22 15 5 22 45 84 21 68 7 22 5 5 118 7 4 47 1 22 66 34 53 6 5 54 22 22 84 5 23 11 5 4 117 12 6 32 21 5 33 118 20 1 21 12 45 12 46 82 6 34 34 10 82 54 17 22 55 46 2 32 21 22 17 11 1 119 54 7 45 7 35 68 34 56 33 7 4 34 22 6 2 55 56 55 56 55 5 21 9 33 47 35 22 117 33 54 7 67 20 17 5 47 83 3 10 68 16 7 3 9 2 12 3 22 11 46 11 35 54 32 1 55 119 34 55 32 53 82 45 23 82 21 34 55 66 2 45 3 10 6 16 46 22 1 118 119 35 2 12 54 1 12 53 5 5 10 17 119 34 12 3 6 56 21
itemClass_demand 1 1 1 1 1 1 1 1 1 1 1 1 1 1 1 1 1 1 1 1 1 1 1 1 1 1 1 1 1 1 1 1 1 1 1 1 1 1 1 1 1 1 1 1 1 1 1 1 1 1 1 1 1 1 1 1 1 1 1 1 1 1 1 1 1 1 1 1 1 1 1 1 1 1 1 1 1 1 1 1 1 1 1 1 1 1 1 1 1 1 1 1 1 1 1 1 1 1 1 1 1 1 1 1 1 1 1 1 1 1 1 1 1 1 1 1 1 1 1 1 1 1 1 1 1 1 1 1 1 1 1 1 1 1 1 1 1 1 1 1 1 1 1 1 1 1 1 1 1 1 1 1 1 1 1 1 1 1 1 1 1 1 1 1 1 1 1 1 1 1 1 1 1 1 1 1 1 1 1 1 1 1 1 1 1 1 1 1 1 1 1 1 1 1 1 1 1 1 1 1 1 1 1 1 1 1 1 1 1 1 1 1 1 1 1 1 1 1 1 1 1 1 1 1 1 1 1 1 1 1 1 1 1 1 1 1 1 1 1 1 1 1 1 1 1 1 1 1 1 1 1 1 1 1 1 1 1 1 1 1 1 1 1 1 1 1 1 1 1 1 1 1 1 1 1 1 1 1 1 1 1 1 1 1 1 1 1 1 1 1 1 1 1 1 1 1 1 1 1 1 1 1 1 1 1 1 1 1 1 1 1 1 1 1 1 1 1 1 1 1 1 1 1 1 1 1 1 1 1 1 1 1 1 1 1 1 1 1 1 1 1 1 1 1 1 1 1 1 1 1 1 1 1 1 1 1 1 1 1 1 1 1 1 1 1 1 1 1 1 1 1 1 1 1 1 1 1 1 1 1 1 1 1 1 1 1 1 1 1 1 1 1 1 1 1 1 1 1 1 1 1 1 1 1 1 1 1 1 1 1 1 1 1 1 1 1 1 1 1 1 1 1 1 1 1 1 1 1 1 1 1 1 1 1 1 1 1 1 1 1 1 1 1 1 1 1 1 1 1 1 1 1 1 1 1 1 1 1 1 1 1 1 1 1 1 1 1 1 1 1 1 1 1 1 1 1 1 1 1 1 1 1 1 1 1 1 1 1 1 1 1 1 1 1 1 1 1 1 1 1 1 1 1 1 1 1 1 1 1 1 1 1 1 1 1 1 1 1 1 1 1 1 1 1 1 1 1 1 1 1 1 1 1 1 1 1 1 1 1 1 1 1 1 1 1 1 1 1 1 1 1 1 1 1 1 1 1 1 1 1 1 1 1 1 1 1 1 1 1 1 1 1 1 1 1 1 1 1 1 1 1 1 1 1 1 1 1 1 1 1 1 1 1 1 1 1 1 1 1 1
binNumber 10000
binClassNumber 1
binClass_widthVector 600
binClass_lengthVector 600
binClass_disponibility 1000
itemClass_weight 7140 5440 7480 40120 11560 3740 22780 11220 15640 1360 2040 18360 3400 28220 18700 2040 340 4420 34100 620 3410 7130 2480 21700 6200 6510 9610 5270 7440 13020 26970 12090 15810 930 1240 11470 11400 12000 4800 3600 20400 7200 1200 6000 14700 9600 25200 25200 2100 7500 11700 6000 2400 9000 8840 18700 10540 1700 8840 9180 24140 4760 12580 16660 1700 32300 14280 24480 6120 680 340 8160 6840 16200 9000 51480 14400 9720 2160 1800 6480 10800 10440 11160 1440 16560 15120 10440 2520 19440 2880 10800 2160 13680 11520 33120 17280 4320 6120 720 30960 16560 12960 10080 34920 360 360 7200 10850 4900 17500 3500 11550 9100 16800 2800 2800 33950 3500 8400 4200 23100 3500 34300 700 18550 11520 1920 39360 4160 23680 16640 6080 320 16640 320 10240 5120 4160 6080 8640 8640 25280 3200 6080 15040 1280 16320 1280 7360 640 7360 13120 32960 37440 13440 2880 13440 1920 3840 3520 14080 2720 9180 680 12240 3060 680 17340 15640 7480 23120 2720 52020 19380 11900 11560 9860 3400 1020 13320 17760 11100 1480 9620 1110 5550 3330 11470 4070 29600 8140 7030 38850 10730 19240 28860 740 9900 1200 900 9600 8100 10500 6900 2100 17700 9300 27000 11400 26700 27900 2700 900 600 6600 8250 3960 10890 12870 7260 5610 990 43230 7920 10230 2310 19140 5940 38280 2310 4620 7260 6930 7400 28120 8880 11840 9250 10730 5180 4810 7030 4070 1480 23310 16280 22940 25160 12210 5180 18130 11400 300 19500 18900 2100 11100 23400 3900 11700 6900 2700 10200 18000 600 14400 18600 1800 4500 620 36270 1550 16430 2480 6510 1550 16120 3100 1550 36890 6200 4650 4340 14570 1240 11780 20150 1550 6820 4030 6820 310 5890 4650 12400 28830 14570 17670 14570 12710 22940 9920 18600 930 2790 12580 20720 34410 9620 14430 17020 2590 7030 370 740 6290 12950 45880 6660 6290 10360 12210 1850 19264 2190 40817 1825 5967 23383 4081 4104 5325 24790 7766 12750 19980 20185 1805 4344 24420 1765 7224 18285 7854 42598 42354 12950 12530 42008 4416 16544 4037 1023 1730 7182 29684 3630 3630 23800 29465 11550 19451 342 19580 7280 44149 16020 28303 24752 1775 28980 19140 16074 363 25125 2130 19525 1476 342 44625 12880 1845 7568 5916 3894 23232 20142 15824 41769 2548 11649 3450 8074 5415 4200 1364 7203 2178 7502 1875 1725 11392 17020 19170 42120 1805 2094 3916 11968 7245 1119 16121 2202 1710 24991 11319 696 11970 24589 20405 31248 2196 7308 18414 1855 20048 2160 4416 3710 11979 732 25364 3470 5664 4059 7744 5220 1710 7876 16740 29064 7518 25364 2513 7722 1785 1780 42716 2548 1456 16403 363 7788 24354 12478 18550 2076 1825 20250 8030 7744 29484 1720 8211 4048 1815 1392 41067 4452 2166 11968 7329 1850 11715 40946 7060 349 7665 4320 15750 4488 17066 29028 2154 12308 11594 3680 28044 18738 5797 7722 19140 15686 690 11392 7749 7942 5967 3795 343 43554 19872 2429 16740 2464 12110 24888 12240 20608 12375 2541 1424 12478 8118 2202 744 20240 20552 20460 20440 18975 1750 7350 3339 11946 16403 13020 8096 42705 11814 20142 2478 24857 6900 5848 1850 16356 31125 1113 3440 24548 5888 2492 1056 3123 720 4104 1080 7964 4092 16606 4037 12740 19980 11328 350 19745 44387 12240 19140 11488 19716 28208 16470 7843 30094 7623 11798 18865 24288 692 16470 1119 3620 2244 5664 16744 7568 364 43070 43911 12390 692 4296 19548 345 4428 18179 1755 1710 3730 6171 44387 11968 4200 1023 2202 20328 7350
