itemNumber 60
itemClassNumber 60
itemClass_widthVector 9 8 7 6 5 4 12 11 10 9 8 7 11 10 9 8 7 6 9 8 7 6 5 4 9 8 7 6 5 4 10 9 8 7 6 5 8 7 9 9 7 7 6 7 7 10 6 6 8 7 7 8 8 7 7 6 9 8 9 6
itemClass_lengthVector 31 7 5 5 1 11 27 8 12 9 3 1 6 11 7 3 25 8 13 25 4 11 5 2 20 3 5 10 1 21 13 2 10 6 16 13 6 6 8 7 4 5 1 4 5 32 1 1 5 5 4 6 6 6 5 1 6 5 7 1
itemClass_demand 1 1 1 1 1 1 1 1 1 1 1 1 1 1 1 1 1 1 1 1 1 1 1 1 1 1 1 1 1 1 1 1 1 1 1 1 1 1 1 1 1 1 1 1 1 1 1 1 1 1 1 1 1 1 1 1 1 1 1 1
binNumber 10000
binClassNumber 1
binClass_widthVector 60
binClass_lengthVector 60
binClass_disponibility 1000
itemClass_weight 2790 630 450 450 90 990 3240 960 1440 1080 360 120 660 1210 770 330 2750 880 1170 2250 360 990 450 180 1800 270 450 900 90 1890 1300 200 1000 600 1600 1300 576 570 728 644 400 460 95 380 455 3040 95 99 500 490 392 576 600 576 475 91 576 470 679 98
