itemNumber 500
itemClassNumber 500
itemClass_widthVector 34 33 32 31 30 29 28 27 26 25 24 23 22 21 20 19 34 33 32 31 30 29 28 27 26 25 24 23 22 21 20 19 28 27 26 25 24 23 22 21 20 19 18 17 16 15 14 13 28 27 26 25 24 23 22 21 20 19 18 17 16 15 14 13 28 27 26 25 24 23 22 21 20 19 18 17 16 15 14 13 30 29 28 27 26 25 24 23 22 21 20 19 18 17 16 15 34 33 32 31 30 29 28 27 26 25 24 23 22 21 20 19 29 28 27 26 25 24 23 22 21 20 19 18 17 16 15 14 33 32 31 30 29 28 27 26 25 24 23 22 21 20 19 18 34 33 32 31 30 29 28 27 26 25 24 23 22 21 20 19 33 32 31 30 29 28 27 26 25 24 23 22 21 20 19 18 34 33 32 31 30 29 28 27 26 25 24 23 22 21 20 19 30 29 28 27 26 25 24 23 22 21 20 19 18 17 16 15 30 29 28 27 26 25 24 23 22 21 20 19 18 17 16 15 32 31 30 29 28 27 26 25 24 23 22 21 20 19 18 17 29 28 27 26 25 24 23 22 21 20 19 18 17 16 15 14 25 32 29 35 22 31 31 23 22 22 37 24 30 34 24 23 28 26 29 31 35 28 29 31 23 37 23 32 31 35 35 35 26 32 22 30 32 32 35 29 24 28 30 31 38 35 30 33 34 26 36 30 33 32 32 36 33 35 28 32 23 23 35 30 30 30 28 34 33 36 32 27 25 36 26 35 27 34 24 31 30 27 21 32 28 31 24 31 28 29 32 27 25 25 22 23 37 22 28 26 36 26 26 23 22 28 27 28 36 37 29 32 29 25 25 27 29 28 24 38 34 32 28 25 35 24 28 37 27 36 24 23 37 22 27 22 28 29 26 26 21 30 21 33 38 29 38 21 35 28 31 34 35 36 29 30 30 27 23 28 35 28 27 34 27 37 30 30 22 34 30 30 33 26 32 37 24 25 29 23 31 33 31 23 34 31 28 34 30 29 35 31 27 25 27 26 24 23 24 28 31 31 27 37 33 33 25 27 29 28 28 23 25 22 35 34 25 31 31 30 22 25 29 35 36 21 25 34 23 25 25 31 23 25 34 28 35 27 27 35 29 35 35 30
itemClass_lengthVector 19 63 109 11 19 40 18 19 13 16 22 22 41 29 46 13 70 19 5 91 28 16 33 2 5 18 59 31 31 50 7 35 86 28 24 29 83 66 22 21 37 22 10 21 16 2 15 18 55 15 38 9 9 11 131 35 47 37 36 15 11 20 15 16 1 22 43 15 14 32 4 67 70 34 53 22 30 10 63 20 13 35 5 13 50 46 68 36 73 13 52 26 18 38 5 9 17 21 12 69 1 7 2 99 5 28 65 37 3 104 9 21 11 2 39 2 40 18 7 40 74 5 29 8 54 14 42 115 10 42 2 48 55 1 33 21 133 6 3 43 34 17 30 22 42 18 3 9 27 32 46 15 9 2 35 55 74 19 69 45 81 38 33 51 12 36 1 54 43 20 4 39 17 49 11 11 58 22 9 58 22 56 44 8 67 5 14 24 67 33 10 3 28 65 37 11 61 6 4 36 14 100 2 11 3 74 28 20 52 59 87 2 86 6 19 63 19 18 7 35 11 19 15 2 34 103 35 64 13 24 30 35 5 3 41 42 21 23 1 26 1 17 87 40 43 8 31 13 36 10 3 58 89 10 50 4 42 18 12 18 29 39 39 29 47 46 62 42 39 20 42 47 17 22 14 40 109 18 17 39 47 20 30 19 39 108 109 63 21 40 28 18 41 41 10 20 30 17 19 18 18 64 18 18 108 21 19 18 110 12 41 109 110 63 15 41 47 42 62 17 17 18 12 20 11 20 11 21 23 20 16 62 22 10 30 18 19 23 45 40 17 17 41 18 15 18 18 17 42 22 29 40 19 29 20 17 108 23 21 40 28 17 13 12 110 63 19 10 12 21 22 13 13 15 23 18 110 39 15 40 64 21 14 20 21 64 42 46 18 30 23 30 14 17 15 21 45 17 47 12 20 13 20 45 109 15 19 109 108 110 19 18 41 15 45 16 11 14 14 19 14 63 18 20 47 108 19 18 20 21 11 19 22 40 19 45 39 110 40 46 12 40 19 12 40 14 12 18 12 41 21 23 29 42 21 20 19 39 16 62 109 109 22 14 17 18 18 30 42 28 19 63 42 39 20 41 30 22 20 64 18 47 42 108 41 22 23 18 45 21 109 17 64 23 13 10 18 19 20 41
itemClass_demand 1 1 1 1 1 1 1 1 1 1 1 1 1 1 1 1 1 1 1 1 1 1 1 1 1 1 1 1 1 1 1 1 1 1 1 1 1 1 1 1 1 1 1 1 1 1 1 1 1 1 1 1 1 1 1 1 1 1 1 1 1 1 1 1 1 1 1 1 1 1 1 1 1 1 1 1 1 1 1 1 1 1 1 1 1 1 1 1 1 1 1 1 1 1 1 1 1 1 1 1 1 1 1 1 1 1 1 1 1 1 1 1 1 1 1 1 1 1 1 1 1 1 1 1 1 1 1 1 1 1 1 1 1 1 1 1 1 1 1 1 1 1 1 1 1 1 1 1 1 1 1 1 1 1 1 1 1 1 1 1 1 1 1 1 1 1 1 1 1 1 1 1 1 1 1 1 1 1 1 1 1 1 1 1 1 1 1 1 1 1 1 1 1 1 1 1 1 1 1 1 1 1 1 1 1 1 1 1 1 1 1 1 1 1 1 1 1 1 1 1 1 1 1 1 1 1 1 1 1 1 1 1 1 1 1 1 1 1 1 1 1 1 1 1 1 1 1 1 1 1 1 1 1 1 1 1 1 1 1 1 1 1 1 1 1 1 1 1 1 1 1 1 1 1 1 1 1 1 1 1 1 1 1 1 1 1 1 1 1 1 1 1 1 1 1 1 1 1 1 1 1 1 1 1 1 1 1 1 1 1 1 1 1 1 1 1 1 1 1 1 1 1 1 1 1 1 1 1 1 1 1 1 1 1 1 1 1 1 1 1 1 1 1 1 1 1 1 1 1 1 1 1 1 1 1 1 1 1 1 1 1 1 1 1 1 1 1 1 1 1 1 1 1 1 1 1 1 1 1 1 1 1 1 1 1 1 1 1 1 1 1 1 1 1 1 1 1 1 1 1 1 1 1 1 1 1 1 1 1 1 1 1 1 1 1 1 1 1 1 1 1 1 1 1 1 1 1 1 1 1 1 1 1 1 1 1 1 1 1 1 1 1 1 1 1 1 1 1 1 1 1 1 1 1 1 1 1 1 1 1 1 1 1 1 1 1 1 1 1 1 1 1 1 1 1 1 1 1 1 1 1 1 1 1 1 1 1 1 1 1 1 1 1 1 1 1 1 1 1 1
binNumber 10000
binClassNumber 1
binClass_widthVector 500
binClass_lengthVector 500
binClass_disponibility 1000
itemClass_weight 6460 21420 37060 3740 6460 13600 6120 6460 4420 5440 7480 7480 13940 9860 15640 4420 23800 6460 1700 30940 9520 5440 11220 680 1700 6120 20060 10540 10540 17000 2380 11900 24080 7840 6720 8120 23240 18480 6160 5880 10360 6160 2800 5880 4480 560 4200 5040 15400 4200 10640 2520 2520 3080 36680 9800 13160 10360 10080 4200 3080 5600 4200 4480 280 6160 12040 4200 3920 8960 1120 18760 19600 9520 14840 6160 8400 2800 17640 5600 3900 10500 1500 3900 15000 13800 20400 10800 21900 3900 15600 7800 5400 11400 1500 2700 5780 7140 4080 23460 340 2380 680 33660 1700 9520 22100 12580 1020 35360 3060 7140 3190 580 11310 580 11600 5220 2030 11600 21460 1450 8410 2320 15660 4060 12180 33350 3300 13860 660 15840 18150 330 10890 6930 43890 1980 990 14190 11220 5610 9900 7260 14280 6120 1020 3060 9180 10880 15640 5100 3060 680 11900 18700 25160 6460 23460 15300 26730 12540 10890 16830 3960 11880 330 17820 14190 6600 1320 12870 5610 16170 3630 3630 19720 7480 3060 19720 7480 19040 14960 2720 22780 1700 4760 8160 22780 11220 3400 1020 8400 19500 11100 3300 18300 1800 1200 10800 4200 30000 600 3300 900 22200 8400 6000 15600 17700 26100 600 25800 1800 5700 18900 5700 5400 2100 10500 3300 5700 4500 600 10880 32960 11200 20480 4160 7680 9600 11200 1600 960 13120 13440 6720 7360 320 8320 290 4930 25230 11600 12470 2320 8990 3770 10440 2900 870 16820 25810 2900 14500 1160 14532 6660 4296 6570 10469 14430 14391 10121 16638 16146 21886 14784 13845 7320 15036 17531 6137 7898 4830 14840 40221 6498 5899 13455 17296 7120 11250 6916 13533 38556 38913 22428 7203 13760 9660 6282 14268 15006 3710 7500 10380 6324 6669 6642 6282 22080 6138 6390 39744 7770 6555 6156 37840 4488 14596 37169 39160 21672 5475 15006 17531 15666 21824 6154 5933 6246 4296 7160 3817 7080 3839 7497 8625 7000 5648 21452 7898 3580 10350 6174 6612 8234 16515 14640 6001 5967 14883 6426 5565 6516 6552 6035 14658 8250 9889 14440 6878 10643 7180 6018 37260 8234 7791 14400 10136 6222 4602 4272 40480 23058 6726 3750 4500 7665 7810 4732 4836 5550 8234 6174 38940 13416 5385 15000 23552 7560 5194 7240 7644 23296 15582 16100 6624 10890 7912 11250 5152 5967 5445 7182 15975 5916 16732 4164 6920 4615 7360 16560 37496 5535 7011 39567 38016 39270 6707 6390 15006 5400 16695 5728 4004 4984 5180 6612 5110 23562 6570 7280 16497 39636 6688 6588 7220 7203 3828 6859 7942 14840 7011 15390 14508 37510 13640 16284 4212 14880 7087 4272 14240 4970 4272 6372 4392 14924 7413 8096 9889 14868 7266 7040 6479 13377 5840 21824 39022 40766 7524 4830 6120 6516 6390 10800 14574 9940 6802 23499 14658 13767 6840 14145 10470 7986 7200 22272 6534 16920 15750 38340 14432 8074 8326 6534 15660 7665 39022 5916 22592 7935 4849 3660 6390 6954 7140 14842
