itemNumber 50
itemClassNumber 50
itemClass_widthVector 9 8 7 6 5 4 8 7 6 5 4 3 8 7 6 5 4 3 8 7 6 5 4 3 10 9 8 7 6 5 7 6 5 4 3 2 10 8 9 6 8 9 8 6 8 7 7 8 7 7
itemClass_lengthVector 14 4 12 2 10 8 3 6 15 3 21 2 12 8 4 19 1 6 1 8 4 3 22 12 5 16 10 7 4 8 5 15 12 7 4 7 14 12 5 11 12 3 12 11 11 2 3 13 1 2
itemClass_demand 1 1 1 1 1 1 1 1 1 1 1 1 1 1 1 1 1 1 1 1 1 1 1 1 1 1 1 1 1 1 1 1 1 1 1 1 1 1 1 1 1 1 1 1 1 1 1 1 1 1
binNumber 10000
binClassNumber 1
binClass_widthVector 50
binClass_lengthVector 50
binClass_disponibility 1000
itemClass_weight 1260 360 1080 180 900 720 240 480 1200 240 1680 160 960 640 320 1520 80 480 80 640 320 240 1760 960 500 1600 1000 700 400 800 350 1050 840 490 280 490 1316 1176 465 1012 1116 288 1092 1056 1045 194 297 1300 98 194
