itemNumber 600
itemClassNumber 600
itemClass_widthVector 33 32 31 30 29 28 27 26 25 24 23 22 21 20 19 18 17 16 35 34 33 32 31 30 29 28 27 26 25 24 23 22 21 20 19 18 31 30 29 28 27 26 25 24 23 22 21 20 19 18 17 16 15 14 36 35 34 33 32 31 30 29 28 27 26 25 24 23 22 21 20 19 38 37 36 35 34 33 32 31 30 29 28 27 26 25 24 23 22 21 32 31 30 29 28 27 26 25 24 23 22 21 20 19 18 17 16 15 31 30 29 28 27 26 25 24 23 22 21 20 19 18 17 16 15 14 32 31 30 29 28 27 26 25 24 23 22 21 20 19 18 17 16 15 30 29 28 27 26 25 24 23 22 21 20 19 18 17 16 15 14 13 36 35 34 33 32 31 30 29 28 27 26 25 24 23 22 21 20 19 35 34 33 32 31 30 29 28 27 26 25 24 23 22 21 20 19 18 30 29 28 27 26 25 24 23 22 21 20 19 18 17 16 15 14 13 33 32 31 30 29 28 27 26 25 24 23 22 21 20 19 18 17 16 36 35 34 33 32 31 30 29 28 27 26 25 24 23 22 21 20 19 34 33 32 31 30 29 28 27 26 25 24 23 22 21 20 19 18 17 32 31 30 29 28 27 26 25 24 23 22 21 20 19 18 17 16 15 32 31 30 29 28 27 26 25 24 23 22 21 20 19 18 17 16 15 34 33 32 31 30 29 28 27 26 25 24 23 22 21 20 19 18 17 28 35 34 26 19 27 31 36 30 22 28 32 19 34 30 34 32 19 31 30 26 19 21 30 25 25 20 23 33 29 33 35 29 24 23 24 33 31 28 23 23 29 33 20 32 31 22 22 22 22 30 24 27 28 20 37 20 31 28 31 25 23 30 30 25 20 33 20 19 29 18 19 27 26 26 24 33 20 32 21 22 30 19 23 26 24 25 18 30 32 37 19 28 24 37 30 28 31 30 18 25 21 21 32 21 34 25 22 19 27 30 26 23 34 19 35 23 24 35 20 21 32 18 19 29 26 34 21 20 27 26 23 27 20 34 19 19 25 20 24 18 21 29 35 26 31 28 31 28 30 31 23 19 30 32 21 32 23 20 28 23 27 26 25 35 21 29 24 30 26 25 19 26 27 21 18 36 20 20 34 23 19 30 23 26 31 20 29 29 31 27 22 18 23 20 24 19 24 20 19 18 21 36 30 28 19 30 22 23 30 32 27 29 28 37 23 26 25 34 23 28 29 30 26 22 31 31 33 25 23 37 22 23 35 27 31 29 31 20 26 20 29 29 26 20 25 31 23 19 20 23 34 25 36 19 21 18 22 33 33 27 22 31 29 32 26 34 18 26 30 30 36 30 35 29 34
itemClass_lengthVector 27 62 80 14 16 21 34 1 12 12 18 21 28 36 16 87 34 81 48 21 80 40 12 7 75 5 64 13 58 24 5 22 9 49 16 52 19 61 60 17 6 34 60 39 4 1 29 1 4 5 51 30 34 145 37 5 84 28 52 1 41 8 44 30 90 30 40 13 39 18 37 3 42 11 43 24 26 70 52 55 10 64 16 15 13 66 72 5 3 13 4 10 48 57 42 11 45 7 4 36 127 9 6 8 62 8 99 17 77 3 8 10 20 93 29 79 37 19 16 7 12 55 34 26 32 43 5 1 72 36 10 49 79 49 19 46 56 74 3 35 5 16 4 41 21 3 55 17 83 3 2 19 90 15 27 3 21 22 32 124 53 10 14 175 47 22 33 30 14 75 1 11 27 14 7 49 24 8 3 46 19 14 16 51 36 26 6 43 41 17 38 18 83 129 15 9 35 4 29 35 6 98 5 2 88 48 26 48 12 4 10 23 86 8 23 49 39 1 46 21 3 108 24 20 51 2 9 24 18 58 63 2 104 7 11 8 16 1 113 29 41 37 25 25 48 15 29 15 10 67 16 94 31 58 6 22 19 34 47 5 38 10 17 8 26 28 64 99 12 76 51 4 4 48 35 23 2 9 29 16 48 64 4 37 28 89 15 94 22 6 15 72 6 69 6 22 12 74 10 16 27 153 38 1 6 45 21 3 20 19 18 57 4 24 20 2 49 10 94 51 56 46 46 60 33 63 63 13 87 13 16 27 34 35 33 79 35 81 35 61 15 34 15 20 13 34 15 34 17 18 88 22 13 21 63 28 1 27 36 17 62 21 1 22 21 34 80 16 80 16 36 29 29 37 21 19 2 2 16 28 88 16 13 16 22 36 20 15 17 17 63 15 88 20 33 34 13 19 12 19 79 88 81 17 29 15 34 35 13 29 13 33 17 81 26 33 33 28 26 22 34 21 33 34 22 16 16 15 17 80 13 29 86 2 20 12 35 63 34 61 28 21 27 87 17 13 35 88 33 12 13 15 15 12 17 36 2 88 14 35 88 21 17 28 34 16 1 80 13 22 1 16 34 20 16 22 33 22 80 17 17 35 17 2 35 11 17 19 62 15 22 17 17 11 19 86 18 11 17 34 63 87 88 63 29 88 16 20 13 13 86 1 20 17 11 36 34 28 88 20 86 18 86 86 35 17 28 15 33 87 17 28 27 16 13 12 33 13 27 22 13 17 26 21 1 33 16 11 37 15 15 81 12 22 28 35 29 28 13 13 2 21 87 11 88 20 1 11 17 18 22 35 35 88 35 13 22 63 35 37 34 29 15 62 12 37 15 1 16 12 63 33 17 22 21 62 21 26 21 26
itemClass_demand 1 1 1 1 1 1 1 1 1 1 1 1 1 1 1 1 1 1 1 1 1 1 1 1 1 1 1 1 1 1 1 1 1 1 1 1 1 1 1 1 1 1 1 1 1 1 1 1 1 1 1 1 1 1 1 1 1 1 1 1 1 1 1 1 1 1 1 1 1 1 1 1 1 1 1 1 1 1 1 1 1 1 1 1 1 1 1 1 1 1 1 1 1 1 1 1 1 1 1 1 1 1 1 1 1 1 1 1 1 1 1 1 1 1 1 1 1 1 1 1 1 1 1 1 1 1 1 1 1 1 1 1 1 1 1 1 1 1 1 1 1 1 1 1 1 1 1 1 1 1 1 1 1 1 1 1 1 1 1 1 1 1 1 1 1 1 1 1 1 1 1 1 1 1 1 1 1 1 1 1 1 1 1 1 1 1 1 1 1 1 1 1 1 1 1 1 1 1 1 1 1 1 1 1 1 1 1 1 1 1 1 1 1 1 1 1 1 1 1 1 1 1 1 1 1 1 1 1 1 1 1 1 1 1 1 1 1 1 1 1 1 1 1 1 1 1 1 1 1 1 1 1 1 1 1 1 1 1 1 1 1 1 1 1 1 1 1 1 1 1 1 1 1 1 1 1 1 1 1 1 1 1 1 1 1 1 1 1 1 1 1 1 1 1 1 1 1 1 1 1 1 1 1 1 1 1 1 1 1 1 1 1 1 1 1 1 1 1 1 1 1 1 1 1 1 1 1 1 1 1 1 1 1 1 1 1 1 1 1 1 1 1 1 1 1 1 1 1 1 1 1 1 1 1 1 1 1 1 1 1 1 1 1 1 1 1 1 1 1 1 1 1 1 1 1 1 1 1 1 1 1 1 1 1 1 1 1 1 1 1 1 1 1 1 1 1 1 1 1 1 1 1 1 1 1 1 1 1 1 1 1 1 1 1 1 1 1 1 1 1 1 1 1 1 1 1 1 1 1 1 1 1 1 1 1 1 1 1 1 1 1 1 1 1 1 1 1 1 1 1 1 1 1 1 1 1 1 1 1 1 1 1 1 1 1 1 1 1 1 1 1 1 1 1 1 1 1 1 1 1 1 1 1 1 1 1 1 1 1 1 1 1 1 1 1 1 1 1 1 1 1 1 1 1 1 1 1 1 1 1 1 1 1 1 1 1 1 1 1 1 1 1 1 1 1 1 1 1 1 1 1 1 1 1 1 1 1 1 1 1 1 1 1 1 1 1 1 1 1 1 1 1 1 1 1 1 1 1 1 1 1 1 1 1 1 1 1 1 1 1 1 1 1 1 1 1 1 1 1 1 1 1 1 1 1 1 1 1 1 1 1 1 1 1 1 1 1 1 1 1
binNumber 10000
binClassNumber 1
binClass_widthVector 600
binClass_lengthVector 600
binClass_disponibility 1000
itemClass_weight 8910 20460 26400 4620 5280 6930 11220 330 3960 3960 5940 6930 9240 11880 5280 28710 11220 26730 16800 7350 28000 14000 4200 2450 26250 1750 22400 4550 20300 8400 1750 7700 3150 17150 5600 18200 5890 18910 18600 5270 1860 10540 18600 12090 1240 310 8990 310 1240 1550 15810 9300 10540 44950 13320 1800 30240 10080 18720 360 14760 2880 15840 10800 32400 10800 14400 4680 14040 6480 13320 1080 15960 4180 16340 9120 9880 26600 19760 20900 3800 24320 6080 5700 4940 25080 27360 1900 1140 4940 1280 3200 15360 18240 13440 3520 14400 2240 1280 11520 40640 2880 1920 2560 19840 2560 31680 5440 23870 930 2480 3100 6200 28830 8990 24490 11470 5890 4960 2170 3720 17050 10540 8060 9920 13330 1600 320 23040 11520 3200 15680 25280 15680 6080 14720 17920 23680 960 11200 1600 5120 1280 13120 6300 900 16500 5100 24900 900 600 5700 27000 4500 8100 900 6300 6600 9600 37200 15900 3000 5040 63000 16920 7920 11880 10800 5040 27000 360 3960 9720 5040 2520 17640 8640 2880 1080 16560 6650 4900 5600 17850 12600 9100 2100 15050 14350 5950 13300 6300 29050 45150 5250 3150 12250 1400 8700 10500 1800 29400 1500 600 26400 14400 7800 14400 3600 1200 3000 6900 25800 2400 6900 14700 12870 330 15180 6930 990 35640 7920 6600 16830 660 2970 7920 5940 19140 20790 660 34320 2310 3960 2880 5760 360 40680 10440 14760 13320 9000 9000 17280 5400 10440 5400 3600 24120 5760 33840 10540 19720 2040 7480 6460 11560 15980 1700 12920 3400 5780 2720 8840 9520 21760 33660 4080 25840 16320 1280 1280 15360 11200 7360 640 2880 9280 5120 15360 20480 1280 11840 8960 28480 4800 30080 7040 1920 4800 23040 1920 22080 1920 7040 3840 23680 3200 5120 8640 48960 12160 320 1920 14400 7140 1020 6800 6460 6120 19380 1360 8160 6800 680 16660 3400 31960 17340 19040 15640 15640 20400 11187 21168 21546 4537 31407 4342 5328 9045 11424 12005 11088 27571 11725 27621 11690 21838 5265 11526 4965 7160 4420 11764 4980 12206 5797 6192 30624 7722 4459 7350 20979 9660 356 9693 12096 5814 22072 6993 363 7282 7455 12172 26880 5312 27120 5648 12600 10208 10498 12765 7098 6916 722 716 5792 9884 30184 5440 4693 5776 7326 12312 7000 5175 5967 5916 20979 5175 30008 6860 10923 12002 4407 6422 4008 6745 26386 31152 27540 6171 9889 5400 12036 12145 4524 10208 4433 11715 5831 28350 8762 11451 11451 9744 9204 7744 11594 6993 11880 11594 7876 5360 5552 5205 6120 26960 4433 10295 30186 712 7200 4224 11655 20979 11798 20374 9688 7476 9153 29667 6018 4550 11725 30624 11781 3984 4524 5205 5280 4260 5814 12132 674 31416 5040 11935 30712 7035 5933 10080 11934 5440 354 28720 4719 7832 351 5504 12308 6640 5632 7392 11682 7788 28800 5814 5967 12250 5814 686 11620 3806 5865 6403 21142 5160 8008 5763 5814 3872 6840 31218 6246 3641 5627 11798 21105 31581 30888 21483 10237 30624 5712 7140 4667 4355 28982 341 6960 5848 3696 12564 11390 10164 30800 6860 31132 6372 29756 29756 12355 6188 9660 5370 11154 28971 6001 9856 9450 5600 4381 4176 11055 4719 9720 7832 4706 6052 9412 7497 361 11055 5536 3828 12654 5055 5370 27864 4068 7920 9772 11970 10556 9716 4446 4576 728 7140 31668 3729 29832 7120 347 3894 5678 6444 7502 12355 12215 31328 11935 4420 7788 20853 12740 13135 11254 9831 5235 22506 4200 12691 5130 344 5360 4128 21735 11418 5661 7458 7329 21514 7434 9438 7245 8840
