itemNumber 100
itemClassNumber 100
itemClass_widthVector 13 12 11 10 9 8 7 6 11 10 9 8 7 6 5 4 11 10 9 8 7 6 5 4 13 12 11 10 9 8 7 6 13 12 11 10 9 8 7 6 14 13 12 11 10 9 8 7 13 12 11 10 9 8 7 6 12 11 10 9 8 7 6 5 12 12 14 13 10 10 13 15 8 9 12 10 10 14 8 12 13 13 8 10 14 8 10 10 14 8 12 12 8 10 14 14 13 13 8 8
itemClass_lengthVector 2 23 4 6 22 23 13 7 5 3 19 19 2 28 23 1 23 35 4 14 7 4 5 8 5 31 7 12 18 1 2 24 14 2 15 12 21 16 11 9 2 1 18 8 22 37 7 5 5 5 16 8 26 11 26 3 2 11 9 22 10 3 41 2 5 3 23 24 23 22 3 1 14 23 7 23 22 22 12 6 4 23 14 22 2 12 22 22 2 14 5 5 12 22 3 3 24 4 12 14
itemClass_demand 1 1 1 1 1 1 1 1 1 1 1 1 1 1 1 1 1 1 1 1 1 1 1 1 1 1 1 1 1 1 1 1 1 1 1 1 1 1 1 1 1 1 1 1 1 1 1 1 1 1 1 1 1 1 1 1 1 1 1 1 1 1 1 1 1 1 1 1 1 1 1 1 1 1 1 1 1 1 1 1 1 1 1 1 1 1 1 1 1 1 1 1 1 1 1 1 1 1 1 1
binNumber 10000
binClassNumber 1
binClass_widthVector 100
binClass_lengthVector 100
binClass_disponibility 1000
itemClass_weight 260 2990 520 780 2860 2990 1690 910 550 330 2090 2090 220 3080 2530 110 2530 3850 440 1540 770 440 550 880 650 4030 910 1560 2340 130 260 3120 1820 260 1950 1560 2730 2080 1430 1170 280 140 2520 1120 3080 5180 980 700 650 650 2080 1040 3380 1430 3380 390 240 1320 1080 2640 1200 360 4920 240 720 423 3082 3264 3082 3124 411 134 1862 3036 966 3197 2904 3014 1680 822 544 3151 2002 3124 270 1584 2970 3168 268 1834 670 700 1704 2970 393 393 3408 560 1680 1904
