itemNumber 700
itemClassNumber 700
itemClass_widthVector 34 33 32 31 30 29 28 27 26 25 24 23 22 21 20 19 18 17 16 41 40 39 38 37 36 35 34 33 32 31 30 29 28 27 26 25 24 23 37 36 35 34 33 32 31 30 29 28 27 26 25 24 23 22 21 20 19 34 33 32 31 30 29 28 27 26 25 24 23 22 21 20 19 18 17 16 33 32 31 30 29 28 27 26 25 24 23 22 21 20 19 18 17 16 15 35 34 33 32 31 30 29 28 27 26 25 24 23 22 21 20 19 18 17 41 40 39 38 37 36 35 34 33 32 31 30 29 28 27 26 25 24 23 38 37 36 35 34 33 32 31 30 29 28 27 26 25 24 23 22 21 20 38 37 36 35 34 33 32 31 30 29 28 27 26 25 24 23 22 21 20 34 33 32 31 30 29 28 27 26 25 24 23 22 21 20 19 18 17 16 37 36 35 34 33 32 31 30 29 28 27 26 25 24 23 22 21 20 19 40 39 38 37 36 35 34 33 32 31 30 29 28 27 26 25 24 23 22 37 36 35 34 33 32 31 30 29 28 27 26 25 24 23 22 21 20 19 39 38 37 36 35 34 33 32 31 30 29 28 27 26 25 24 23 22 21 35 34 33 32 31 30 29 28 27 26 25 24 23 22 21 20 19 18 17 36 35 34 33 32 31 30 29 28 27 26 25 24 23 22 21 20 19 18 37 36 35 34 33 32 31 30 29 28 27 26 25 24 23 22 21 20 19 35 34 33 32 31 30 29 28 27 26 25 24 23 22 21 20 19 18 17 39 38 37 36 35 34 33 32 31 30 29 28 27 26 25 24 23 22 21 26 31 19 20 33 29 20 29 31 31 27 29 19 24 32 24 35 28 26 25 24 28 30 32 32 29 30 19 34 26 33 20 37 30 24 25 35 28 31 26 36 32 25 20 26 18 36 20 32 30 19 37 28 29 37 34 19 35 36 18 29 27 26 35 35 34 37 22 37 29 37 35 23 29 27 26 29 37 33 24 29 23 29 32 37 21 28 29 27 28 24 27 32 29 25 30 25 29 20 20 18 27 19 29 36 21 34 29 28 24 36 35 30 35 25 34 32 19 30 30 24 33 19 26 27 27 37 27 31 30 38 22 20 18 20 33 30 31 37 31 35 29 19 23 18 21 19 24 29 28 32 27 22 33 18 36 20 35 24 38 19 20 18 29 21 33 38 36 24 35 32 32 34 28 33 27 31 25 21 28 22 34 20 25 36 25 21 29 25 32 20 37 27 33 35 20 22 34 21 21 33 21 31 19 36 32 21 32 29 21 37 21 25 31 28 36 21 23 22 30 36 33 34 36 30 31 27 22 29 35 27 26 31 20 27 35 29 32 25 19 31 30 24 20 19 20 28 33 25 29 24 27 32 31 29 19 29 18 22 31 25 36 34 26 21 29 21 25 23 33 34 35 27 18 29 35 19 26 26 22 32 31 29 27 29 27 36 31 26 21 28 25 30 25 25 19 32 30 28 34 23 32 32 27 35 23 33 23 25 29 25 26 34 31 20 21 35 28 33 21 30 34 27 34 33 27 36 26 24 20 20 28 27 32 37 30 38 36 36
itemClass_lengthVector 47 49 1 3 99 3 4 51 42 45 26 1 49 36 43 104 48 21 28 18 112 44 20 103 17 27 43 3 12 102 40 31 62 2 28 24 8 4 19 4 104 50 16 65 3 2 75 32 51 11 31 37 15 15 21 53 96 7 24 28 5 51 72 11 100 73 9 81 49 64 10 20 21 14 60 1 21 11 39 15 45 34 107 191 11 16 22 53 67 1 12 2 15 8 30 33 1 20 34 90 37 30 11 89 7 28 1 61 2 11 94 71 34 46 5 5 119 39 25 34 20 78 9 57 5 34 22 87 36 3 5 4 113 33 28 1 18 15 20 8 50 58 70 116 32 34 73 23 9 22 68 22 3 8 18 3 21 17 20 53 89 39 74 4 4 17 77 28 22 197 6 3 109 11 33 3 6 56 177 5 79 4 12 28 18 11 35 17 53 40 52 17 60 6 17 116 12 57 37 16 10 22 78 33 5 68 60 14 20 2 29 32 7 70 9 53 68 11 60 40 86 25 94 43 13 4 25 29 13 60 51 7 44 29 58 10 67 44 26 40 41 2 63 2 8 130 5 3 90 83 12 2 33 4 53 30 49 7 18 10 94 1 102 18 46 45 59 4 18 12 22 52 14 104 41 115 9 67 3 27 112 7 14 1 19 13 19 78 12 17 19 67 39 6 32 88 19 92 27 27 18 84 11 32 28 115 55 29 2 3 50 79 40 16 60 101 6 18 5 4 53 22 14 13 54 7 33 5 53 82 89 40 63 5 21 7 8 18 92 32 72 6 4 3 10 15 7 7 60 74 30 98 45 9 67 58 19 50 79 26 39 2 5 47 47 2 5 104 3 5 100 44 5 22 37 100 36 49 44 1 2 36 44 5 4 98 42 5 20 3 46 99 49 46 3 1 50 48 51 4 46 1 2 1 47 27 22 1 48 4 3 20 48 45 4 47 99 20 4 48 22 52 45 26 4 1 48 48 35 46 3 48 1 42 41 46 45 4 48 4 36 4 35 50 2 46 42 43 50 41 51 50 25 99 52 49 3 27 3 105 47 22 25 22 50 47 42 1 5 50 1 47 4 52 2 27 2 3 20 2 2 37 1 20 1 42 44 46 44 5 3 48 42 104 20 49 99 52 98 49 3 4 4 47 36 20 43 48 2 4 45 3 43 44 98 20 2 103 50 37 48 22 48 22 41 42 100 47 46 35 50 100 4 2 44 100 46 3 27 103 51 37 49 48 26 1 1 105 41 50 2 103 48 25 99 2 103 37 50 44 43 1 43 4 48 2 3 44 2 5 42 48 43 1 99 45 2 104 48 35 3 1 2 50 46 4 3 41 43 50 3 46 1 2 47 43 1 51 98 27 22 2 52 50 47 48 104 45 1 1 4 35 41 3 4 50 22 4 20 36 2 27 49 100 46 44 41 105 26 43 99 3 47 44 20 51 2 20 25 26 35 2 5 51 26 41 25 46 5 46 104 41 48 2 25 1 47 2 2 42 50 42 2 98 43 49 43 99 35 25 51 27 27 98 4 105 103 48 43 3 105 4 1 42 49 3 44 48 1 50 49 103 50 46 2 46 52 48 48 48
itemClass_demand 1 1 1 1 1 1 1 1 1 1 1 1 1 1 1 1 1 1 1 1 1 1 1 1 1 1 1 1 1 1 1 1 1 1 1 1 1 1 1 1 1 1 1 1 1 1 1 1 1 1 1 1 1 1 1 1 1 1 1 1 1 1 1 1 1 1 1 1 1 1 1 1 1 1 1 1 1 1 1 1 1 1 1 1 1 1 1 1 1 1 1 1 1 1 1 1 1 1 1 1 1 1 1 1 1 1 1 1 1 1 1 1 1 1 1 1 1 1 1 1 1 1 1 1 1 1 1 1 1 1 1 1 1 1 1 1 1 1 1 1 1 1 1 1 1 1 1 1 1 1 1 1 1 1 1 1 1 1 1 1 1 1 1 1 1 1 1 1 1 1 1 1 1 1 1 1 1 1 1 1 1 1 1 1 1 1 1 1 1 1 1 1 1 1 1 1 1 1 1 1 1 1 1 1 1 1 1 1 1 1 1 1 1 1 1 1 1 1 1 1 1 1 1 1 1 1 1 1 1 1 1 1 1 1 1 1 1 1 1 1 1 1 1 1 1 1 1 1 1 1 1 1 1 1 1 1 1 1 1 1 1 1 1 1 1 1 1 1 1 1 1 1 1 1 1 1 1 1 1 1 1 1 1 1 1 1 1 1 1 1 1 1 1 1 1 1 1 1 1 1 1 1 1 1 1 1 1 1 1 1 1 1 1 1 1 1 1 1 1 1 1 1 1 1 1 1 1 1 1 1 1 1 1 1 1 1 1 1 1 1 1 1 1 1 1 1 1 1 1 1 1 1 1 1 1 1 1 1 1 1 1 1 1 1 1 1 1 1 1 1 1 1 1 1 1 1 1 1 1 1 1 1 1 1 1 1 1 1 1 1 1 1 1 1 1 1 1 1 1 1 1 1 1 1 1 1 1 1 1 1 1 1 1 1 1 1 1 1 1 1 1 1 1 1 1 1 1 1 1 1 1 1 1 1 1 1 1 1 1 1 1 1 1 1 1 1 1 1 1 1 1 1 1 1 1 1 1 1 1 1 1 1 1 1 1 1 1 1 1 1 1 1 1 1 1 1 1 1 1 1 1 1 1 1 1 1 1 1 1 1 1 1 1 1 1 1 1 1 1 1 1 1 1 1 1 1 1 1 1 1 1 1 1 1 1 1 1 1 1 1 1 1 1 1 1 1 1 1 1 1 1 1 1 1 1 1 1 1 1 1 1 1 1 1 1 1 1 1 1 1 1 1 1 1 1 1 1 1 1 1 1 1 1 1 1 1 1 1 1 1 1 1 1 1 1 1 1 1 1 1 1 1 1 1 1 1 1 1 1 1 1 1 1 1 1 1 1 1 1 1 1 1 1 1 1 1 1 1 1 1 1 1 1 1 1 1 1 1 1 1 1 1 1 1 1 1 1 1 1 1 1 1 1 1 1 1 1 1 1 1 1 1 1 1 1 1 1 1 1 1 1 1 1 1 1 1 1 1 1 1 1 1 1 1 1 1 1 1 1 1 1 1 1 1 1 1 1 1 1 1 1 1 1 1 1 1 1 1 1 1 1 1 1 1 1 1 1 1 1 1
binNumber 10000
binClassNumber 1
binClass_widthVector 700
binClass_lengthVector 700
binClass_disponibility 1000
itemClass_weight 15980 16660 340 1020 33660 1020 1360 17340 14280 15300 8840 340 16660 12240 14620 35360 16320 7140 9520 7380 45920 18040 8200 42230 6970 11070 17630 1230 4920 41820 16400 12710 25420 820 11480 9840 3280 1640 7030 1480 38480 18500 5920 24050 1110 740 27750 11840 18870 4070 11470 13690 5550 5550 7770 19610 35520 2380 8160 9520 1700 17340 24480 3740 34000 24820 3060 27540 16660 21760 3400 6800 7140 4760 20400 340 6930 3630 12870 4950 14850 11220 35310 63030 3630 5280 7260 17490 22110 330 3960 660 4950 2640 9900 11550 350 7000 11900 31500 12950 10500 3850 31150 2450 9800 350 21350 700 3850 32900 24850 11900 16100 2050 2050 48790 15990 10250 13940 8200 31980 3690 23370 2050 13940 9020 35670 14760 1230 2050 1640 46330 12540 10640 380 6840 5700 7600 3040 19000 22040 26600 44080 12160 12920 27740 8740 3420 8360 25840 8360 1140 3040 6840 1140 7980 6460 7600 20140 33820 14820 28120 1520 1520 6460 29260 10640 8360 74860 2280 1020 37060 3740 11220 1020 2040 19040 60180 1700 26860 1360 4080 9520 6120 3740 11900 5780 18020 13600 19240 6290 22200 2220 6290 42920 4440 21090 13690 5920 3700 8140 28860 12210 1850 25160 22200 5180 7400 800 11600 12800 2800 28000 3600 21200 27200 4400 24000 16000 34400 10000 37600 17200 5200 1600 10000 11600 4810 22200 18870 2590 16280 10730 21460 3700 24790 16280 9620 14800 15170 740 23310 740 2960 48100 1850 1170 35100 32370 4680 780 12870 1560 20670 11700 19110 2730 7020 3900 36660 390 39780 7020 17940 17550 20650 1400 6300 4200 7700 18200 4900 36400 14350 40250 3150 23450 1050 9450 39200 2450 4900 350 6650 4680 6840 28080 4320 6120 6840 24120 14040 2160 11520 31680 6840 33120 9720 9720 6480 30240 3960 11520 10360 42550 20350 10730 740 1110 18500 29230 14800 5920 22200 37370 2220 6660 1850 1480 19610 8140 5180 4550 18900 2450 11550 1750 18550 28700 31150 14000 22050 1750 7350 2450 2800 6300 32200 11200 25200 2100 1560 1170 3900 5850 2730 2730 23400 28860 11700 38220 17550 3510 26130 22620 7410 19500 30810 10140 15210 716 1720 17202 16074 696 1870 38376 1083 1795 34200 16412 1835 7612 12987 35900 13176 17297 16192 361 732 13212 15708 1865 1364 36750 14322 1720 7300 1047 16468 34254 17052 16284 1026 367 17200 17952 18207 1452 16146 344 726 358 17296 9855 7568 347 16896 1388 1068 7040 16368 15660 1364 16732 36333 7080 1480 17184 7854 18928 16560 9178 1432 373 16848 16416 12355 16146 1062 17568 351 15456 14965 15686 15345 1396 17424 1452 12528 1480 12740 17850 686 15870 15036 15308 18700 14186 19074 18250 8625 33957 17784 17738 1044 9450 1056 38535 17390 7656 9025 8140 18300 16074 14616 354 1860 18650 371 16544 1428 18772 686 10098 696 1098 7380 682 720 13579 358 7360 361 15330 16148 16882 15796 1795 1023 16896 15288 36816 7000 17346 35442 19292 34594 17640 1080 1432 1372 16168 12852 6940 15953 17664 718 1436 16785 1068 15566 16016 36456 6900 726 36977 17050 12728 17232 7546 16368 7810 13981 15540 35100 16450 16008 12180 18300 37200 1432 748 15708 34800 16330 1080 9882 37904 19125 13690 17101 17808 9022 362 373 37065 14842 18550 698 37595 17184 9125 35937 708 36462 13061 17100 15840 15609 375 15222 1368 16992 702 1086 15488 730 1755 15708 16560 15652 373 35838 16155 694 36920 16944 12775 1029 361 698 18000 16652 1364 1032 13981 16125 17100 1059 16836 342 712 17484 15609 357 18972 33516 10071 8140 740 18356 17050 16967 17088 37752 15750 344 365 1496 13125 14965 1047 1364 18250 7502 1404 7340 13140 692 9774 17983 36800 16974 15928 14473 39165 9568 15996 33957 1110 16873 15268 7200 18972 724 7020 9100 9594 12495 696 1730 17799 8944 14391 9350 17112 1730 16284 36296 15252 17040 720 9225 359 16497 714 726 14700 17750 15582 710 33614 15093 17444 16039 35145 12145 8650 17850 9423 9666 36260 1376 36540 36668 16944 15007 1092 36645 1376 353 15162 17689 1089 15840 17952 369 18400 17003 36153 17750 16238 714 16652 18460 17904 16656 17616
