itemNumber 60
itemClassNumber 60
itemClass_widthVector 10 9 8 7 6 5 8 7 6 5 4 3 12 11 10 9 8 7 11 10 9 8 7 6 9 8 7 6 5 4 10 9 8 7 6 5 10 11 9 7 12 10 9 9 7 7 10 7 12 8 10 9 12 10 9 10 7 9 10 8
itemClass_lengthVector 12 7 12 1 9 19 12 22 10 5 2 9 44 5 3 4 2 2 15 11 9 12 3 10 10 21 1 1 4 23 7 24 2 4 22 1 7 11 11 10 12 7 13 11 9 8 8 10 11 1 6 13 11 8 11 6 9 11 7 2
itemClass_demand 1 1 1 1 1 1 1 1 1 1 1 1 1 1 1 1 1 1 1 1 1 1 1 1 1 1 1 1 1 1 1 1 1 1 1 1 1 1 1 1 1 1 1 1 1 1 1 1 1 1 1 1 1 1 1 1 1 1 1 1
binNumber 10000
binClassNumber 1
binClass_widthVector 60
binClass_lengthVector 60
binClass_disponibility 1000
itemClass_weight 1200 700 1200 100 900 1900 960 1760 800 400 160 720 5280 600 360 480 240 240 1650 1210 990 1320 330 1100 900 1890 90 90 360 2070 700 2400 200 400 2200 100 756 1199 1210 1030 1284 721 1443 1166 963 824 808 1090 1177 107 618 1404 1199 832 1210 612 954 1166 763 210
