itemNumber 140
itemClassNumber 140
itemClass_widthVector 15 14 13 12 11 10 9 8 7 14 13 12 11 10 9 8 7 6 17 16 15 14 13 12 11 10 9 16 15 14 13 12 11 10 9 8 15 14 13 12 11 10 9 8 7 14 13 12 11 10 9 8 7 6 17 16 15 14 13 12 11 10 9 17 16 15 14 13 12 11 10 9 15 14 13 12 11 10 9 8 7 14 10 16 17 15 13 16 13 12 14 17 9 13 14 10 9 16 14 13 14 11 14 9 9 15 10 12 14 17 16 13 12 14 10 9 12 13 13 9 17 10 17 10 11 13 15 12 12 14 11 14 9 15 14 13 12 16 16 15
itemClass_lengthVector 31 20 14 3 8 8 34 5 17 2 55 11 9 11 1 15 34 2 26 8 15 4 52 7 11 9 8 21 3 29 11 27 10 25 11 3 34 3 33 8 8 1 6 9 38 3 23 40 38 3 2 12 2 17 20 19 7 9 13 23 44 4 1 23 21 25 20 13 3 27 2 6 23 5 7 7 31 11 12 17 27 3 35 32 30 21 2 30 7 8 4 32 5 4 14 33 6 21 2 8 3 7 14 5 4 14 34 7 14 30 30 9 8 3 34 4 7 3 8 5 32 33 31 35 9 9 19 8 9 14 7 3 5 20 4 2 8 30 30 21
itemClass_demand 1 1 1 1 1 1 1 1 1 1 1 1 1 1 1 1 1 1 1 1 1 1 1 1 1 1 1 1 1 1 1 1 1 1 1 1 1 1 1 1 1 1 1 1 1 1 1 1 1 1 1 1 1 1 1 1 1 1 1 1 1 1 1 1 1 1 1 1 1 1 1 1 1 1 1 1 1 1 1 1 1 1 1 1 1 1 1 1 1 1 1 1 1 1 1 1 1 1 1 1 1 1 1 1 1 1 1 1 1 1 1 1 1 1 1 1 1 1 1 1 1 1 1 1 1 1 1 1 1 1 1 1 1 1 1 1 1 1 1 1
binNumber 10000
binClassNumber 1
binClass_widthVector 140
binClass_lengthVector 140
binClass_disponibility 1000
itemClass_weight 4650 3000 2100 450 1200 1200 5100 750 2550 280 7700 1540 1260 1540 140 2100 4760 280 4420 1360 2550 680 8840 1190 1870 1530 1360 3360 480 4640 1760 4320 1600 4000 1760 480 5100 450 4950 1200 1200 150 900 1350 5700 420 3220 5600 5320 420 280 1680 280 2380 3400 3230 1190 1530 2210 3910 7480 680 170 3910 3570 4250 3400 2210 510 4590 340 1020 3450 750 1050 1050 4650 1650 1800 2550 4050 489 5775 5024 4860 3339 322 4950 1092 1328 664 4864 755 604 2198 4983 990 3486 322 1240 477 1071 2142 785 648 2114 5168 1092 2114 4650 4830 1449 1296 492 5406 664 1120 477 1272 800 5056 5346 4743 5810 1476 1422 3116 1296 1458 2128 1141 462 775 3180 656 328 1256 4680 4890 3297
