itemNumber 50
itemClassNumber 50
itemClass_widthVector 8 7 6 5 4 3 8 7 6 5 4 3 8 7 6 5 4 3 8 7 6 5 4 3 8 7 6 5 4 3 10 9 8 7 6 5 7 5 9 5 5 8 9 7 9 9 7 5 5 9
itemClass_lengthVector 14 3 3 19 4 7 2 1 15 6 9 17 2 10 3 1 5 29 24 10 4 10 1 1 16 2 14 2 8 8 15 6 11 11 2 5 4 4 13 5 3 3 14 3 13 13 2 5 3 13
itemClass_demand 1 1 1 1 1 1 1 1 1 1 1 1 1 1 1 1 1 1 1 1 1 1 1 1 1 1 1 1 1 1 1 1 1 1 1 1 1 1 1 1 1 1 1 1 1 1 1 1 1 1
binNumber 10000
binClassNumber 1
binClass_widthVector 50
binClass_lengthVector 50
binClass_disponibility 1000
itemClass_weight 1120 240 240 1520 320 560 160 80 1200 480 720 1360 160 800 240 80 400 2320 1920 800 320 800 80 80 1280 160 1120 160 640 640 1500 600 1100 1100 200 500 352 344 1053 425 267 252 1134 252 1066 1118 166 435 249 1066
