itemNumber 60
itemClassNumber 60
itemClass_widthVector 10 9 8 7 6 5 9 8 7 6 5 4 8 7 6 5 4 3 11 10 9 8 7 6 11 10 9 8 7 6 11 10 9 8 7 6 8 10 10 8 10 12 9 10 8 9 7 7 8 9 7 10 8 11 7 10 7 7 12 10
itemClass_lengthVector 9 4 10 11 13 13 6 1 20 5 14 14 12 12 14 2 3 17 12 19 7 8 7 7 6 1 1 20 10 22 19 1 15 15 8 2 10 5 4 11 5 10 9 3 12 9 14 12 10 11 14 5 11 8 14 5 14 13 9 5
itemClass_demand 1 1 1 1 1 1 1 1 1 1 1 1 1 1 1 1 1 1 1 1 1 1 1 1 1 1 1 1 1 1 1 1 1 1 1 1 1 1 1 1 1 1 1 1 1 1 1 1 1 1 1 1 1 1 1 1 1 1 1 1
binNumber 10000
binClassNumber 1
binClass_widthVector 60
binClass_lengthVector 60
binClass_disponibility 1000
itemClass_weight 900 400 1000 1100 1300 1300 540 90 1800 450 1260 1260 960 960 1120 160 240 1360 1320 2090 770 880 770 770 660 110 110 2200 1100 2420 2090 110 1650 1650 880 220 1090 535 404 1133 520 1020 972 315 1296 918 1526 1224 1080 1133 1428 535 1155 848 1456 530 1456 1365 909 520
