itemNumber 110
itemClassNumber 110
itemClass_widthVector 14 13 12 11 10 9 8 7 14 13 12 11 10 9 8 7 13 12 11 10 9 8 7 6 15 14 13 12 11 10 9 8 15 14 13 12 11 10 9 8 14 13 12 11 10 9 8 7 12 11 10 9 8 7 6 5 13 12 11 10 9 8 7 6 9 15 14 15 10 12 16 12 15 12 13 14 16 11 9 15 12 13 9 14 10 15 12 13 12 13 15 13 12 15 12 15 12 11 15 11 13 9 12 9 9 16 13 10 9 9
itemClass_lengthVector 3 5 30 14 19 27 5 7 25 9 1 48 20 1 3 3 12 11 9 4 25 10 34 5 21 9 4 6 16 2 47 5 9 17 27 4 24 1 5 23 8 22 6 39 16 7 10 2 11 26 5 4 41 3 5 15 18 7 8 5 11 8 23 30 5 3 4 4 26 15 2 15 4 13 13 5 3 18 5 3 15 13 6 31 27 6 14 31 15 31 6 15 13 4 14 2 19 19 4 19 29 5 19 5 5 2 14 26 5 6
itemClass_demand 1 1 1 1 1 1 1 1 1 1 1 1 1 1 1 1 1 1 1 1 1 1 1 1 1 1 1 1 1 1 1 1 1 1 1 1 1 1 1 1 1 1 1 1 1 1 1 1 1 1 1 1 1 1 1 1 1 1 1 1 1 1 1 1 1 1 1 1 1 1 1 1 1 1 1 1 1 1 1 1 1 1 1 1 1 1 1 1 1 1 1 1 1 1 1 1 1 1 1 1 1 1 1 1 1 1 1 1 1 1
binNumber 10000
binClassNumber 1
binClass_widthVector 110
binClass_lengthVector 110
binClass_disponibility 1000
itemClass_weight 420 700 4200 1960 2660 3780 700 980 3500 1260 140 6720 2800 140 420 420 1560 1430 1170 520 3250 1300 4420 650 3150 1350 600 900 2400 300 7050 750 1350 2550 4050 600 3600 150 750 3450 1120 3080 840 5460 2240 980 1400 280 1320 3120 600 480 4920 360 600 1800 2340 910 1040 650 1430 1040 2990 3900 750 441 564 600 3874 2190 306 2220 588 1911 2002 705 432 2646 730 450 2220 1872 876 4743 4023 876 2156 4371 2295 4774 900 2325 1872 568 2086 302 2945 2698 592 2679 4205 710 2736 720 710 298 1988 4030 710 876
