itemNumber 130
itemClassNumber 130
itemClass_widthVector 15 14 13 12 11 10 9 8 7 14 13 12 11 10 9 8 7 6 13 12 11 10 9 8 7 6 5 15 14 13 12 11 10 9 8 7 15 14 13 12 11 10 9 8 7 14 13 12 11 10 9 8 7 6 13 12 11 10 9 8 7 6 5 15 14 13 12 11 10 9 8 7 16 15 14 13 12 11 10 9 8 11 13 13 15 17 10 14 9 10 9 9 16 9 9 9 15 9 13 16 12 12 13 13 14 14 13 9 12 11 13 15 14 9 11 15 16 10 12 16 15 14 17 11 15 12 16 9 10 12
itemClass_lengthVector 30 32 6 4 15 5 9 19 10 21 60 12 15 5 4 2 7 4 13 6 7 4 9 35 28 25 3 19 24 37 2 5 13 14 8 8 11 5 1 7 17 25 8 42 14 3 12 7 44 20 12 14 3 15 1 36 27 1 20 5 10 28 2 16 10 2 5 12 36 5 17 27 30 11 10 9 23 12 9 16 10 4 3 5 5 30 10 7 19 8 20 19 31 18 20 19 7 19 3 33 5 15 4 14 6 4 15 18 5 4 5 7 3 18 4 33 29 9 5 30 33 5 31 4 31 16 29 18 8 6
itemClass_demand 1 1 1 1 1 1 1 1 1 1 1 1 1 1 1 1 1 1 1 1 1 1 1 1 1 1 1 1 1 1 1 1 1 1 1 1 1 1 1 1 1 1 1 1 1 1 1 1 1 1 1 1 1 1 1 1 1 1 1 1 1 1 1 1 1 1 1 1 1 1 1 1 1 1 1 1 1 1 1 1 1 1 1 1 1 1 1 1 1 1 1 1 1 1 1 1 1 1 1 1 1 1 1 1 1 1 1 1 1 1 1 1 1 1 1 1 1 1 1 1 1 1 1 1 1 1 1 1 1 1
binNumber 10000
binClassNumber 1
binClass_widthVector 130
binClass_lengthVector 130
binClass_disponibility 1000
itemClass_weight 4500 4800 900 600 2250 750 1350 2850 1500 2940 8400 1680 2100 700 560 280 980 560 1690 780 910 520 1170 4550 3640 3250 390 2850 3600 5550 300 750 1950 2100 1200 1200 1650 750 150 1050 2550 3750 1200 6300 2100 420 1680 980 6160 2800 1680 1960 420 2100 130 4680 3510 130 2600 650 1300 3640 260 2400 1500 300 750 1800 5400 750 2550 4050 4800 1760 1600 1440 3680 1920 1440 2560 1600 660 477 825 780 4740 1620 1162 2964 1272 3020 2964 5115 2970 3260 2926 1155 2907 489 5313 780 2400 636 2212 948 632 2445 2934 805 664 765 1113 477 2988 644 5247 4698 1449 815 4920 5412 765 5084 648 5022 2640 4785 2808 1312 912
