itemNumber 60
itemClassNumber 60
itemClass_widthVector 12 11 10 9 8 7 9 8 7 6 5 4 10 9 8 7 6 5 10 9 8 7 6 5 9 8 7 6 5 4 10 9 8 7 6 5 10 14 12 12 10 10 12 10 9 12 12 9 9 10 10 13 10 12 12 13 9 13 12 9
itemClass_lengthVector 6 37 1 2 3 11 2 9 21 2 14 12 5 15 1 14 9 16 7 9 4 19 4 17 6 4 22 5 14 9 15 2 16 2 14 11 1 6 1 37 3 1 2 3 3 1 37 4 2 2 3 6 1 36 36 5 4 37 36 2
itemClass_demand 1 1 1 1 1 1 1 1 1 1 1 1 1 1 1 1 1 1 1 1 1 1 1 1 1 1 1 1 1 1 1 1 1 1 1 1 1 1 1 1 1 1 1 1 1 1 1 1 1 1 1 1 1 1 1 1 1 1 1 1
binNumber 10000
binClassNumber 1
binClass_widthVector 60
binClass_lengthVector 60
binClass_disponibility 1000
itemClass_weight 720 4440 120 240 360 1320 180 810 1890 180 1260 1080 500 1500 100 1400 900 1600 700 900 400 1900 400 1700 540 360 1980 450 1260 810 1500 200 1600 200 1400 1100 127 756 126 4477 384 122 266 390 372 125 4921 500 254 256 378 768 133 4608 4392 605 484 4514 4788 258
