itemNumber 400
itemClassNumber 400
itemClass_widthVector 26 25 24 23 22 21 20 19 18 17 16 15 14 13 12 28 27 26 25 24 23 22 21 20 19 18 17 16 15 14 27 26 25 24 23 22 21 20 19 18 17 16 15 14 13 28 27 26 25 24 23 22 21 20 19 18 17 16 15 14 29 28 27 26 25 24 23 22 21 20 19 18 17 16 15 26 25 24 23 22 21 20 19 18 17 16 15 14 13 12 25 24 23 22 21 20 19 18 17 16 15 14 13 12 11 27 26 25 24 23 22 21 20 19 18 17 16 15 14 13 29 28 27 26 25 24 23 22 21 20 19 18 17 16 15 26 25 24 23 22 21 20 19 18 17 16 15 14 13 12 24 23 22 21 20 19 18 17 16 15 14 13 12 11 10 24 23 22 21 20 19 18 17 16 15 14 13 12 11 10 29 28 27 26 25 24 23 22 21 20 19 18 17 16 15 26 25 24 23 22 21 20 19 18 17 16 15 14 13 12 26 25 24 23 22 21 20 19 18 17 16 15 14 13 12 26 21 26 25 27 26 23 18 16 18 19 17 26 24 18 17 23 24 26 23 14 23 27 18 17 17 26 20 24 26 26 17 27 22 25 17 26 17 18 16 16 19 16 16 22 17 25 26 20 17 24 25 25 19 28 26 25 19 21 24 20 19 17 26 14 21 22 20 24 17 29 18 17 16 16 26 23 27 14 19 25 26 26 19 15 16 27 20 25 18 23 19 27 24 18 19 26 25 20 24 14 15 22 16 18 19 17 24 23 15 14 26 17 16 26 17 23 19 20 26 25 23 22 26 15 18 27 29 20 17 19 28 22 17 15 17 20 23 26 15 19 15 15 19 22 27 24 21 25 23 23 17 15 21 25 19 20 23 25 20 23 16 21 16 27 15 16 15 15 14 17 19 15 14 24
itemClass_lengthVector 22 25 2 24 23 60 47 26 47 29 10 8 2 31 44 3 40 1 87 12 19 47 26 21 27 53 4 23 26 11 38 7 57 37 34 20 11 11 26 49 33 23 17 36 1 1 59 8 30 11 30 58 6 12 1 45 69 45 19 6 8 30 1 8 19 41 18 64 2 42 66 9 11 7 74 20 5 29 2 67 8 1 69 15 36 11 43 55 18 21 24 7 17 20 3 20 37 17 25 16 3 42 41 21 107 23 16 1 4 23 108 6 8 43 11 37 71 10 17 22 16 27 116 67 9 2 27 2 12 20 10 48 21 8 15 102 1 7 14 5 39 40 13 6 29 69 13 3 46 13 39 71 31 21 3 31 16 20 21 14 53 1 24 22 33 25 15 16 4 42 1 86 40 15 31 48 5 8 15 49 4 63 34 67 8 17 38 2 5 20 24 10 29 14 65 15 3 15 56 23 29 31 4 40 4 30 23 9 112 6 3 56 14 30 37 54 17 44 3 11 6 4 15 16 90 2 27 24 22 21 23 61 29 9 29 47 10 25 25 30 9 61 23 23 23 31 48 21 10 9 9 24 48 23 1 26 10 25 48 25 11 2 8 28 1 3 28 2 9 46 8 2 1 25 11 24 25 3 47 25 26 24 46 46 23 48 28 9 2 31 26 48 47 24 9 21 9 10 8 8 24 22 26 30 29 23 1 3 29 3 7 26 48 24 30 22 48 23 23 28 47 26 25 26 60 30 3 48 1 11 48 10 59 48 32 30 25 8 3 1 8 61 30 47 24 23 59 48 25 2 30 25 21 46 10 47 25 59 9 32 7 47 60 2 3 28 32 2 48 61 25 25 48 24 23 24 9 2 25 23 28 46 23 24 47 47 1 46 2 23 31 1 30 2 32 9 46 1 30 60
itemClass_demand 1 1 1 1 1 1 1 1 1 1 1 1 1 1 1 1 1 1 1 1 1 1 1 1 1 1 1 1 1 1 1 1 1 1 1 1 1 1 1 1 1 1 1 1 1 1 1 1 1 1 1 1 1 1 1 1 1 1 1 1 1 1 1 1 1 1 1 1 1 1 1 1 1 1 1 1 1 1 1 1 1 1 1 1 1 1 1 1 1 1 1 1 1 1 1 1 1 1 1 1 1 1 1 1 1 1 1 1 1 1 1 1 1 1 1 1 1 1 1 1 1 1 1 1 1 1 1 1 1 1 1 1 1 1 1 1 1 1 1 1 1 1 1 1 1 1 1 1 1 1 1 1 1 1 1 1 1 1 1 1 1 1 1 1 1 1 1 1 1 1 1 1 1 1 1 1 1 1 1 1 1 1 1 1 1 1 1 1 1 1 1 1 1 1 1 1 1 1 1 1 1 1 1 1 1 1 1 1 1 1 1 1 1 1 1 1 1 1 1 1 1 1 1 1 1 1 1 1 1 1 1 1 1 1 1 1 1 1 1 1 1 1 1 1 1 1 1 1 1 1 1 1 1 1 1 1 1 1 1 1 1 1 1 1 1 1 1 1 1 1 1 1 1 1 1 1 1 1 1 1 1 1 1 1 1 1 1 1 1 1 1 1 1 1 1 1 1 1 1 1 1 1 1 1 1 1 1 1 1 1 1 1 1 1 1 1 1 1 1 1 1 1 1 1 1 1 1 1 1 1 1 1 1 1 1 1 1 1 1 1 1 1 1 1 1 1 1 1 1 1 1 1 1 1 1 1 1 1 1 1 1 1 1 1 1 1 1 1 1 1 1 1 1 1 1 1 1 1 1 1 1 1 1 1 1 1 1 1 1 1 1 1 1 1 1 1 1 1 1 1
binNumber 10000
binClassNumber 1
binClass_widthVector 400
binClass_lengthVector 400
binClass_disponibility 1000
itemClass_weight 5720 6500 520 6240 5980 15600 12220 6760 12220 7540 2600 2080 520 8060 11440 840 11200 280 24360 3360 5320 13160 7280 5880 7560 14840 1120 6440 7280 3080 10260 1890 15390 9990 9180 5400 2970 2970 7020 13230 8910 6210 4590 9720 270 280 16520 2240 8400 3080 8400 16240 1680 3360 280 12600 19320 12600 5320 1680 2320 8700 290 2320 5510 11890 5220 18560 580 12180 19140 2610 3190 2030 21460 5200 1300 7540 520 17420 2080 260 17940 3900 9360 2860 11180 14300 4680 5460 6000 1750 4250 5000 750 5000 9250 4250 6250 4000 750 10500 10250 5250 26750 6210 4320 270 1080 6210 29160 1620 2160 11610 2970 9990 19170 2700 4590 5940 4640 7830 33640 19430 2610 580 7830 580 3480 5800 2900 13920 6090 2320 4350 26520 260 1820 3640 1300 10140 10400 3380 1560 7540 17940 3380 780 11960 3380 9360 17040 7440 5040 720 7440 3840 4800 5040 3360 12720 240 5760 5280 7920 6000 3600 3840 960 10080 240 20640 9600 3600 7440 11520 1200 1920 3600 11760 1160 18270 9860 19430 2320 4930 11020 580 1450 5800 6960 2900 8410 4060 18850 3900 780 3900 14560 5980 7540 8060 1040 10400 1040 7800 5980 2340 29120 1560 780 14560 3640 7800 9620 14040 4420 11440 780 2860 1560 1040 3900 4160 23400 574 7128 6264 6270 5565 6210 16348 8004 2493 8207 12831 2780 7025 6950 8040 2394 16287 6095 6049 6302 8277 13728 5859 2640 2493 2484 6840 12720 6141 282 6890 2850 6875 13152 6525 2937 544 2136 7756 263 837 8008 528 2583 12788 2280 568 270 6800 2948 6504 6975 819 13301 6525 7384 6552 12926 12374 6394 13296 8008 2457 532 8494 7202 13056 13207 6768 2349 5502 2565 2710 2232 2288 6624 6094 6890 7860 7656 6371 275 825 7888 810 1932 7436 12912 6816 8430 5896 13536 6003 6003 7504 13395 7228 6900 7046 15900 8250 825 13104 265 2970 13152 2750 15517 13248 8640 8100 6575 2272 810 282 2112 17019 8250 12737 6648 6601 16638 13728 6800 574 7980 7150 5502 12006 2790 12737 6600 16579 2556 8576 1995 12831 16920 556 849 7980 8352 550 13296 17446 6625 7025 13008 6648 6348 6480 2358 558 6600 6141 7840 12236 6555 6888 12972 13066 268 12190 572 6003 8525 280 7980 538 8992 2493 12834 267 7890 16980
