itemNumber 500
itemClassNumber 500
itemClass_widthVector 30 29 28 27 26 25 24 23 22 21 20 19 18 17 16 15 31 30 29 28 27 26 25 24 23 22 21 20 19 18 17 16 29 28 27 26 25 24 23 22 21 20 19 18 17 16 15 14 34 33 32 31 30 29 28 27 26 25 24 23 22 21 20 19 32 31 30 29 28 27 26 25 24 23 22 21 20 19 18 17 32 31 30 29 28 27 26 25 24 23 22 21 20 19 18 17 30 29 28 27 26 25 24 23 22 21 20 19 18 17 16 15 29 28 27 26 25 24 23 22 21 20 19 18 17 16 15 14 29 28 27 26 25 24 23 22 21 20 19 18 17 16 15 14 29 28 27 26 25 24 23 22 21 20 19 18 17 16 15 14 32 31 30 29 28 27 26 25 24 23 22 21 20 19 18 17 33 32 31 30 29 28 27 26 25 24 23 22 21 20 19 18 31 30 29 28 27 26 25 24 23 22 21 20 19 18 17 16 35 34 33 32 31 30 29 28 27 26 25 24 23 22 21 20 35 34 33 32 31 30 29 28 27 26 25 24 23 22 21 20 29 28 27 26 25 24 23 22 21 20 19 18 17 16 15 14 31 19 30 28 17 19 18 25 18 20 24 20 18 28 33 24 21 25 31 19 29 18 19 31 24 28 27 22 25 24 20 21 29 26 18 19 27 27 21 19 19 30 18 31 24 32 31 18 20 20 19 33 28 26 28 29 18 18 26 24 20 17 27 26 23 28 29 23 31 21 23 28 31 26 21 21 31 23 31 29 26 22 28 32 28 28 30 23 23 26 31 19 18 21 31 24 28 32 31 28 22 20 17 28 17 25 26 18 31 20 18 24 32 23 25 20 25 20 27 22 21 31 29 20 20 26 31 25 23 24 23 27 27 29 28 22 19 18 30 31 23 29 22 23 27 19 31 31 32 27 21 27 29 24 30 26 19 30 25 18 22 17 18 19 20 18 25 25 19 29 24 27 26 20 21 30 29 23 23 26 22 20 24 17 33 32 27 28 29 31 20 24 22 32 34 28 24 17 27 18 19 20 21 18 30 21 20 34 19 26 29 23 21 20 23 19 29 17 27 24 24 18 20 23 27 30 18 20 24 20 32 25 29 28 19 26 25 31 28 18 25 20 27 25
itemClass_lengthVector 14 41 34 21 4 21 7 43 82 8 125 24 1 50 8 17 4 146 4 6 121 13 67 58 12 13 8 14 13 4 1 16 35 40 20 6 3 38 34 7 29 14 98 2 19 14 109 32 10 33 104 1 17 1 2 15 163 12 19 82 30 3 2 6 31 1 18 9 28 20 42 37 1 31 7 68 109 10 58 30 17 2 78 14 2 15 83 5 4 8 24 4 76 94 30 44 48 37 23 44 21 26 22 21 52 43 111 13 13 3 7 16 2 79 28 3 88 7 31 4 50 34 27 30 26 64 2 25 6 16 19 31 60 54 65 17 20 24 82 3 46 8 13 36 35 66 54 58 10 5 35 59 5 38 33 42 12 25 5 18 39 18 5 64 25 60 37 2 17 3 10 28 59 36 31 66 43 31 17 11 45 44 31 73 16 8 27 61 8 47 20 18 40 20 29 5 152 8 40 6 34 5 7 44 84 7 15 4 7 88 34 58 20 4 24 42 11 14 13 40 68 37 27 13 25 43 16 51 19 50 72 5 17 20 31 17 39 81 6 8 2 40 37 1 107 24 47 25 4 69 8 5 2 79 1 49 14 1 42 22 9 50 49 44 9 23 9 1 49 20 15 43 23 83 13 2 3 51 49 15 44 20 21 8 7 83 24 24 20 7 8 2 5 7 126 1 1 21 9 42 44 40 40 51 23 25 1 15 22 20 20 35 8 49 44 82 24 7 20 22 9 22 20 81 40 25 82 5 34 21 23 25 41 81 35 35 22 124 22 13 3 22 35 126 8 22 34 49 49 126 35 7 20 15 34 4 125 23 8 22 8 8 6 51 33 23 7 83 42 124 83 23 6 2 22 9 126 13 5 1 1 42 34 81 7 9 9 20 21 22 4 124 49 49 41 13 126 20 125 125 5 1 14 34 15 22 124 20 21 8 41 43 1 40 44 8 125 9 8 49 24 51 7 81 2 34 82 8 42 1 25 34 5 9 7 8 9 2 9 9 14 13 20 21 3 14 25 44 7 13 15 21 7 8 4 50 1 23 24 51 35 24 23 13 51 43 22 7 25 24 81 1 35 7 3 44 81 49 1 82 7 35 9 25 42 1 13 82 35 22 51 22 43 33 5 9 42 25 5 8
itemClass_demand 1 1 1 1 1 1 1 1 1 1 1 1 1 1 1 1 1 1 1 1 1 1 1 1 1 1 1 1 1 1 1 1 1 1 1 1 1 1 1 1 1 1 1 1 1 1 1 1 1 1 1 1 1 1 1 1 1 1 1 1 1 1 1 1 1 1 1 1 1 1 1 1 1 1 1 1 1 1 1 1 1 1 1 1 1 1 1 1 1 1 1 1 1 1 1 1 1 1 1 1 1 1 1 1 1 1 1 1 1 1 1 1 1 1 1 1 1 1 1 1 1 1 1 1 1 1 1 1 1 1 1 1 1 1 1 1 1 1 1 1 1 1 1 1 1 1 1 1 1 1 1 1 1 1 1 1 1 1 1 1 1 1 1 1 1 1 1 1 1 1 1 1 1 1 1 1 1 1 1 1 1 1 1 1 1 1 1 1 1 1 1 1 1 1 1 1 1 1 1 1 1 1 1 1 1 1 1 1 1 1 1 1 1 1 1 1 1 1 1 1 1 1 1 1 1 1 1 1 1 1 1 1 1 1 1 1 1 1 1 1 1 1 1 1 1 1 1 1 1 1 1 1 1 1 1 1 1 1 1 1 1 1 1 1 1 1 1 1 1 1 1 1 1 1 1 1 1 1 1 1 1 1 1 1 1 1 1 1 1 1 1 1 1 1 1 1 1 1 1 1 1 1 1 1 1 1 1 1 1 1 1 1 1 1 1 1 1 1 1 1 1 1 1 1 1 1 1 1 1 1 1 1 1 1 1 1 1 1 1 1 1 1 1 1 1 1 1 1 1 1 1 1 1 1 1 1 1 1 1 1 1 1 1 1 1 1 1 1 1 1 1 1 1 1 1 1 1 1 1 1 1 1 1 1 1 1 1 1 1 1 1 1 1 1 1 1 1 1 1 1 1 1 1 1 1 1 1 1 1 1 1 1 1 1 1 1 1 1 1 1 1 1 1 1 1 1 1 1 1 1 1 1 1 1 1 1 1 1 1 1 1 1 1 1 1 1 1 1 1 1 1 1 1 1 1 1 1 1 1 1 1 1 1 1 1 1 1 1 1 1 1 1 1 1 1 1 1 1 1 1 1 1 1 1 1 1 1 1 1 1 1 1 1 1 1 1 1 1 1 1
binNumber 10000
binClassNumber 1
binClass_widthVector 500
binClass_lengthVector 500
binClass_disponibility 1000
itemClass_weight 4200 12300 10200 6300 1200 6300 2100 12900 24600 2400 37500 7200 300 15000 2400 5100 1240 45260 1240 1860 37510 4030 20770 17980 3720 4030 2480 4340 4030 1240 310 4960 10150 11600 5800 1740 870 11020 9860 2030 8410 4060 28420 580 5510 4060 31610 9280 3400 11220 35360 340 5780 340 680 5100 55420 4080 6460 27880 10200 1020 680 2040 9920 320 5760 2880 8960 6400 13440 11840 320 9920 2240 21760 34880 3200 18560 9600 5440 640 24960 4480 640 4800 26560 1600 1280 2560 7680 1280 24320 30080 9600 14080 14400 11100 6900 13200 6300 7800 6600 6300 15600 12900 33300 3900 3900 900 2100 4800 580 22910 8120 870 25520 2030 8990 1160 14500 9860 7830 8700 7540 18560 580 7250 1740 4640 5510 8990 17400 15660 18850 4930 5800 6960 23780 870 13340 2320 3770 10440 10150 19140 15660 16820 2900 1450 10150 17110 1450 11020 9570 12180 3480 7250 1450 5220 12480 5760 1600 20480 8000 19200 11840 640 5440 960 3200 8960 18880 11520 9920 21120 14190 10230 5610 3630 14850 14520 10230 24090 5280 2640 8910 20130 2640 15510 6600 5940 12400 6200 8990 1550 47120 2480 12400 1860 10540 1550 2170 13640 26040 2170 4650 1240 2450 30800 11900 20300 7000 1400 8400 14700 3850 4900 4550 14000 23800 12950 9450 4550 8750 15050 5600 17850 6650 17500 25200 1750 5950 7000 10850 5950 13650 28350 2100 2800 580 11600 10730 290 31030 6960 13630 7250 1160 20010 2320 1450 580 22910 290 14210 4340 306 12936 6952 2961 15550 14896 13640 2880 7107 2790 326 16121 6460 4755 13158 7291 25564 4043 646 987 15453 15680 4515 13508 6480 6741 2448 2275 26394 7752 7344 6580 2275 2488 618 1505 2170 40320 330 323 6447 2925 12642 13464 13080 12400 16830 7567 8125 309 4815 7216 6500 6620 11270 2432 15337 13904 25748 7800 2135 6160 7282 2817 6688 6120 24381 13080 8275 27142 1530 10710 6615 6923 7675 13120 25596 10570 11200 7128 38936 7040 4160 972 6864 11550 41706 2560 6996 11152 15484 16121 38556 10675 2289 6620 4770 10268 1228 39625 7130 2408 7216 2456 2608 1842 16677 10890 6923 2219 25149 13062 38068 25066 7015 1986 634 6710 2871 40320 4225 1570 331 318 13230 10846 25758 2317 2916 2979 6120 6783 7040 1312 37696 15729 15435 12997 4277 38556 6620 38500 39250 1555 306 4382 11016 4680 7238 38688 6380 6930 2592 12423 13201 310 12600 14300 2504 41125 2934 2536 15386 7656 16830 2177 26649 640 11186 25830 2432 13188 329 7675 10370 1655 2925 2310 2496 2916 618 2754 2952 4270 4225 6540 6468 909 4536 7700 13992 2149 4004 4665 6573 2275 2560 1208 16450 307 7268 7272 16728 11305 7920 7015 4134 16728 13502 6798 2191 8225 7344 26163 321 11130 2282 951 14124 25029 14896 309 24928 2282 11200 2979 8200 13902 324 4212 25502 11445 6908 15912 7172 13287 10626 1645 2907 13104 8000 1530 2576
