itemNumber 120
itemClassNumber 120
itemClass_widthVector 14 13 12 11 10 9 8 7 13 12 11 10 9 8 7 6 15 14 13 12 11 10 9 8 17 16 15 14 13 12 11 10 15 14 13 12 11 10 9 8 16 15 14 13 12 11 10 9 14 13 12 11 10 9 8 7 16 15 14 13 12 11 10 9 14 13 13 15 12 12 10 12 12 15 12 13 14 12 10 12 14 12 14 14 14 11 16 10 13 14 16 16 11 10 15 12 14 14 15 13 12 13 9 14 13 14 15 15 13 12 16 16 11 15 15 9 16 13 13 16
itemClass_lengthVector 14 20 1 7 11 46 8 13 10 3 37 4 40 9 8 9 14 16 40 4 20 6 3 17 1 15 43 3 5 10 39 4 4 11 34 9 2 27 4 29 6 33 1 17 3 27 11 22 3 20 33 2 7 19 1 35 15 11 35 19 8 19 6 7 1 1 2 20 10 11 47 12 6 14 10 8 1 7 47 10 1 12 1 20 20 12 15 47 1 19 15 15 11 45 20 10 1 21 20 1 6 2 8 21 6 1 15 19 6 7 13 14 11 19 13 7 13 7 1 13
itemClass_demand 1 1 1 1 1 1 1 1 1 1 1 1 1 1 1 1 1 1 1 1 1 1 1 1 1 1 1 1 1 1 1 1 1 1 1 1 1 1 1 1 1 1 1 1 1 1 1 1 1 1 1 1 1 1 1 1 1 1 1 1 1 1 1 1 1 1 1 1 1 1 1 1 1 1 1 1 1 1 1 1 1 1 1 1 1 1 1 1 1 1 1 1 1 1 1 1 1 1 1 1 1 1 1 1 1 1 1 1 1 1 1 1 1 1 1 1 1 1 1 1
binNumber 10000
binClassNumber 1
binClass_widthVector 120
binClass_lengthVector 120
binClass_disponibility 1000
itemClass_weight 1960 2800 140 980 1540 6440 1120 1820 1300 390 4810 520 5200 1170 1040 1170 2100 2400 6000 600 3000 900 450 2550 170 2550 7310 510 850 1700 6630 680 600 1650 5100 1350 300 4050 600 4350 960 5280 160 2720 480 4320 1760 3520 420 2800 4620 280 980 2660 140 4900 2400 1760 5600 3040 1280 3040 960 1120 149 153 284 3060 1530 1661 7097 1848 858 2086 1520 1208 143 1057 6909 1420 148 1692 142 2860 3040 1848 2115 7050 145 2755 2145 2175 1606 6525 3100 1550 142 3108 2960 149 906 284 1208 3003 852 150 2280 2736 870 1001 1989 2170 1595 2679 1963 994 1976 1022 150 2015
