itemNumber 140
itemClassNumber 140
itemClass_widthVector 15 14 13 12 11 10 9 8 7 17 16 15 14 13 12 11 10 9 17 16 15 14 13 12 11 10 9 16 15 14 13 12 11 10 9 8 15 14 13 12 11 10 9 8 7 15 14 13 12 11 10 9 8 7 14 13 12 11 10 9 8 7 6 16 15 14 13 12 11 10 9 8 15 14 13 12 11 10 9 8 7 11 14 17 11 16 12 12 9 14 12 13 15 10 13 10 14 13 9 15 16 12 9 15 11 11 12 11 10 10 15 13 15 15 14 15 12 15 9 10 11 13 13 10 16 17 10 16 14 17 15 14 12 10 11 12 14 17 9 9
itemClass_lengthVector 8 46 46 3 14 1 7 5 10 17 8 5 37 30 1 1 23 18 10 28 12 24 40 3 9 13 1 19 20 34 7 12 38 1 5 4 30 15 21 11 20 5 5 2 31 21 15 8 16 45 2 5 3 25 5 12 14 5 3 10 39 11 41 22 9 14 1 6 35 24 3 26 24 34 35 8 12 4 4 11 8 1 3 8 1 47 2 15 5 3 2 3 45 6 15 6 4 4 4 47 7 13 6 47 1 1 1 1 6 6 47 13 45 47 4 45 1 45 6 8 2 15 14 6 46 8 8 7 46 9 46 47 2 7 1 1 46 8 5 5
itemClass_demand 1 1 1 1 1 1 1 1 1 1 1 1 1 1 1 1 1 1 1 1 1 1 1 1 1 1 1 1 1 1 1 1 1 1 1 1 1 1 1 1 1 1 1 1 1 1 1 1 1 1 1 1 1 1 1 1 1 1 1 1 1 1 1 1 1 1 1 1 1 1 1 1 1 1 1 1 1 1 1 1 1 1 1 1 1 1 1 1 1 1 1 1 1 1 1 1 1 1 1 1 1 1 1 1 1 1 1 1 1 1 1 1 1 1 1 1 1 1 1 1 1 1 1 1 1 1 1 1 1 1 1 1 1 1 1 1 1 1 1 1
binNumber 10000
binClassNumber 1
binClass_widthVector 140
binClass_lengthVector 140
binClass_disponibility 1000
itemClass_weight 1200 6900 6900 450 2100 150 1050 750 1500 2890 1360 850 6290 5100 170 170 3910 3060 1700 4760 2040 4080 6800 510 1530 2210 170 3040 3200 5440 1120 1920 6080 160 800 640 4500 2250 3150 1650 3000 750 750 300 4650 3150 2250 1200 2400 6750 300 750 450 3750 700 1680 1960 700 420 1400 5460 1540 5740 3520 1440 2240 160 960 5600 3840 480 4160 3600 5100 5250 1200 1800 600 600 1650 1200 157 471 1224 160 7614 324 2355 800 489 328 477 7155 960 2385 948 632 648 652 7708 1099 2145 918 7191 155 152 162 162 954 918 7191 2041 7020 7520 616 7110 156 6840 984 1328 320 2325 2198 996 6992 1296 1240 1155 7452 1458 7636 7802 324 1085 158 166 7314 1272 815 830
