itemNumber 190
itemClassNumber 190
itemClass_widthVector 18 17 16 15 14 13 12 11 10 9 17 16 15 14 13 12 11 10 9 8 21 20 19 18 17 16 15 14 13 12 19 18 17 16 15 14 13 12 11 10 18 17 16 15 14 13 12 11 10 9 18 17 16 15 14 13 12 11 10 9 20 19 18 17 16 15 14 13 12 11 21 20 19 18 17 16 15 14 13 12 18 17 16 15 14 13 12 11 10 9 20 19 18 17 16 15 14 13 12 11 14 19 12 18 20 18 12 13 20 15 11 17 13 12 19 17 16 17 12 19 13 15 19 14 14 16 14 20 19 16 15 15 15 12 17 15 16 16 12 20 13 20 14 14 16 16 19 16 12 17 14 17 13 18 17 16 15 19 19 11 17 15 20 13 13 20 20 14 19 15 12 15 17 18 11 12 15 15 15 13 12 18 15 12 17 14 14 13 11 13
itemClass_lengthVector 31 20 14 3 8 8 34 16 44 12 2 55 11 20 1 15 34 14 35 3 34 19 52 7 11 9 15 19 10 14 21 3 29 11 27 35 14 22 4 24 34 3 33 16 7 9 73 5 2 8 3 23 40 52 14 9 2 1 12 34 15 9 53 14 36 12 22 26 2 1 17 6 46 16 4 3 4 55 4 35 23 12 7 14 15 2 23 78 4 12 24 18 15 24 13 32 12 26 21 5 9 31 43 13 32 14 17 15 32 9 45 14 33 17 21 2 8 3 44 32 33 8 19 8 7 2 9 30 30 9 9 8 8 43 15 7 3 8 16 32 33 31 35 9 9 4 21 8 44 14 7 3 16 20 4 2 8 30 30 43 3 7 32 17 15 32 32 9 30 8 43 9 4 14 43 17 7 9 7 33 16 15 9 17 4 34 35 15 45 16
itemClass_demand 1 1 1 1 1 1 1 1 1 1 1 1 1 1 1 1 1 1 1 1 1 1 1 1 1 1 1 1 1 1 1 1 1 1 1 1 1 1 1 1 1 1 1 1 1 1 1 1 1 1 1 1 1 1 1 1 1 1 1 1 1 1 1 1 1 1 1 1 1 1 1 1 1 1 1 1 1 1 1 1 1 1 1 1 1 1 1 1 1 1 1 1 1 1 1 1 1 1 1 1 1 1 1 1 1 1 1 1 1 1 1 1 1 1 1 1 1 1 1 1 1 1 1 1 1 1 1 1 1 1 1 1 1 1 1 1 1 1 1 1 1 1 1 1 1 1 1 1 1 1 1 1 1 1 1 1 1 1 1 1 1 1 1 1 1 1 1 1 1 1 1 1 1 1 1 1 1 1 1 1 1 1 1 1 1 1 1 1 1 1
binNumber 10000
binClassNumber 1
binClass_widthVector 190
binClass_lengthVector 190
binClass_disponibility 1000
itemClass_weight 5580 3600 2520 540 1440 1440 6120 2880 7920 2160 340 9350 1870 3400 170 2550 5780 2380 5950 510 7140 3990 10920 1470 2310 1890 3150 3990 2100 2940 3990 570 5510 2090 5130 6650 2660 4180 760 4560 6120 540 5940 2880 1260 1620 13140 900 360 1440 540 4140 7200 9360 2520 1620 360 180 2160 6120 3000 1800 10600 2800 7200 2400 4400 5200 400 200 3570 1260 9660 3360 840 630 840 11550 840 7350 4140 2160 1260 2520 2700 360 4140 14040 720 2160 4800 3600 3000 4800 2600 6400 2400 5200 4200 1000 1791 5828 7783 2457 6304 2590 3213 2955 6080 1683 8145 2618 5973 3315 4116 382 1480 594 8228 5920 6468 1568 3515 1552 1330 370 1629 5550 5730 1791 1701 1568 1536 8385 2940 1330 567 1512 3040 6016 6336 5673 6860 1746 1791 752 4011 1528 8756 2548 1351 552 2960 3780 776 388 1496 5580 5790 8471 564 1358 5984 3315 2745 5952 5920 1629 5700 1560 8299 1647 732 2632 8471 3281 1288 1638 1309 6105 2912 2880 1737 3264 784 6392 6475 2790 8820 3008
