itemNumber 700
itemClassNumber 700
itemClass_widthVector 39 38 37 36 35 34 33 32 31 30 29 28 27 26 25 24 23 22 21 37 36 35 34 33 32 31 30 29 28 27 26 25 24 23 22 21 20 19 40 39 38 37 36 35 34 33 32 31 30 29 28 27 26 25 24 23 22 34 33 32 31 30 29 28 27 26 25 24 23 22 21 20 19 18 17 16 36 35 34 33 32 31 30 29 28 27 26 25 24 23 22 21 20 19 18 35 34 33 32 31 30 29 28 27 26 25 24 23 22 21 20 19 18 17 39 38 37 36 35 34 33 32 31 30 29 28 27 26 25 24 23 22 21 35 34 33 32 31 30 29 28 27 26 25 24 23 22 21 20 19 18 17 37 36 35 34 33 32 31 30 29 28 27 26 25 24 23 22 21 20 19 34 33 32 31 30 29 28 27 26 25 24 23 22 21 20 19 18 17 16 35 34 33 32 31 30 29 28 27 26 25 24 23 22 21 20 19 18 17 41 40 39 38 37 36 35 34 33 32 31 30 29 28 27 26 25 24 23 40 39 38 37 36 35 34 33 32 31 30 29 28 27 26 25 24 23 22 35 34 33 32 31 30 29 28 27 26 25 24 23 22 21 20 19 18 17 38 37 36 35 34 33 32 31 30 29 28 27 26 25 24 23 22 21 20 35 34 33 32 31 30 29 28 27 26 25 24 23 22 21 20 19 18 17 40 39 38 37 36 35 34 33 32 31 30 29 28 27 26 25 24 23 22 35 34 33 32 31 30 29 28 27 26 25 24 23 22 21 20 19 18 17 35 34 33 32 31 30 29 28 27 26 25 24 23 22 21 20 19 18 17 35 35 37 29 29 27 37 35 27 39 25 25 38 24 38 36 38 27 39 32 24 30 26 42 43 39 30 31 28 24 35 27 40 38 40 39 36 38 38 37 34 30 42 29 36 27 37 32 43 29 26 34 31 41 31 36 29 37 32 35 29 35 29 27 35 32 40 36 28 23 33 34 26 35 34 33 26 26 40 40 29 32 29 30 33 32 37 37 26 30 25 29 33 41 28 29 41 40 29 41 40 37 36 40 31 32 39 28 36 28 29 34 40 34 36 27 43 36 25 39 38 38 41 40 38 35 34 33 24 33 29 30 30 37 28 40 34 38 26 41 30 35 29 42 39 29 29 32 30 37 26 34 41 28 33 39 36 38 29 26 37 31 24 28 35 33 32 42 33 24 34 31 36 24 27 34 39 39 36 41 38 31 28 34 40 37 33 34 33 25 40 25 40 34 25 43 25 30 36 25 27 30 28 41 33 34 41 38 28 35 34 32 35 24 31 35 28 33 37 37 43 25 42 30 29 29 34 27 38 38 28 26 31 39 35 31 25 26 25 35 26 29 35 43 30 36 36 35 27 39 32 30 33 42 35 26 40 31 32 40 40 38 37 35 40 25 41 24 36 24 39 27 42 26 30 37 40 40 37 36 32 37 29 33 30 24 38 31 30 23 31 34 24 36 42 38 29 30 33 39 39 29 26 39 40 36 40 35 41 37 41 32 39 32 41 28 38 28 34 34 42 28 28 31 35 40 39 25 25 31 26 43 40 35 32 35 40 31 36
itemClass_lengthVector 48 3 13 57 16 11 79 2 68 110 23 124 17 20 6 3 43 3 54 75 9 37 35 13 126 13 43 1 77 3 28 41 6 18 13 51 35 76 61 22 37 13 38 2 51 30 41 69 37 7 4 48 13 33 3 117 74 5 51 73 21 177 52 23 28 38 60 20 25 7 45 8 38 22 4 3 27 46 46 7 27 60 46 97 17 13 92 8 6 4 4 117 12 21 50 29 1 170 5 24 4 13 41 51 27 46 94 10 16 15 9 73 24 48 87 2 34 8 32 12 8 22 136 57 8 6 33 30 15 162 7 18 23 63 71 1 21 91 19 68 29 67 1 39 44 16 15 13 40 3 78 21 29 36 140 49 30 50 120 10 26 28 2 1 4 11 11 29 45 7 72 97 44 25 1 34 24 5 30 88 18 42 6 18 10 37 20 29 156 16 59 33 41 20 33 2 77 12 9 49 81 17 3 71 21 22 35 108 7 19 33 114 17 3 21 4 58 9 19 16 7 36 101 56 31 100 45 11 15 41 1 16 14 46 35 81 13 27 67 35 51 77 95 27 41 5 13 6 37 43 6 2 54 58 49 16 15 58 47 19 77 28 2 84 71 28 20 12 11 9 56 29 114 20 99 16 77 39 43 27 70 1 10 45 2 13 50 17 57 14 53 57 51 28 154 4 84 33 17 5 11 11 9 32 77 16 23 20 10 69 1 53 7 11 82 5 23 124 16 59 22 29 53 13 37 17 12 44 78 59 22 15 36 14 23 12 18 3 5 31 165 96 51 80 11 33 87 5 22 5 11 47 64 9 59 14 66 66 30 9 31 11 2 78 21 17 3 17 67 6 15 2 43 56 44 14 15 17 21 13 67 3 24 42 48 47 13 123 24 16 42 79 5 58 10 4 2 16 11 56 78 111 23 47 124 79 19 79 23 49 16 5 80 23 3 109 1 17 16 111 2 125 79 19 4 11 69 57 10 7 4 110 69 5 1 79 67 5 2 3 2 125 69 123 22 67 23 12 78 2 18 2 18 111 3 19 18 48 56 124 47 14 10 12 57 109 22 14 18 12 18 123 78 57 111 2 7 47 2 3 16 13 15 12 47 16 1 67 68 43 69 123 16 23 58 7 57 68 16 5 3 24 1 20 2 2 124 125 111 125 15 5 68 4 7 1 4 10 56 19 44 12 111 2 5 10 3 24 3 68 42 3 22 2 44 21 109 14 2 11 47 14 123 16 78 14 56 110 67 109 43 48 42 4 109 42 48 4 125 11 2 4 23 18 48 68 2 3 16 6 1 3 111 3 43 22 12 16 110 58 79 48 44 47 16 21 19 3 6 57 11 5 44 22 56 78 123 2 42 43 80 42 125 68 47 125 2 2 10 4 16 111 123 68 49 3 3 14 110 22 49 14 58 11 79 14 4 14 2 1 2 17 2 47 4 124 12 49 58 15 16 23 79 20 110 17 43 57 109 18 4 109 79 4 17 4 58 19 123 68 3 3 21 5 16 56 17 47 78 48 10 13 67 2 110 3 6 15 20 69 67 47 19 18 111 68 3 16 2 3 111 7 48 14 2 23 78 12 124 1
itemClass_demand 1 1 1 1 1 1 1 1 1 1 1 1 1 1 1 1 1 1 1 1 1 1 1 1 1 1 1 1 1 1 1 1 1 1 1 1 1 1 1 1 1 1 1 1 1 1 1 1 1 1 1 1 1 1 1 1 1 1 1 1 1 1 1 1 1 1 1 1 1 1 1 1 1 1 1 1 1 1 1 1 1 1 1 1 1 1 1 1 1 1 1 1 1 1 1 1 1 1 1 1 1 1 1 1 1 1 1 1 1 1 1 1 1 1 1 1 1 1 1 1 1 1 1 1 1 1 1 1 1 1 1 1 1 1 1 1 1 1 1 1 1 1 1 1 1 1 1 1 1 1 1 1 1 1 1 1 1 1 1 1 1 1 1 1 1 1 1 1 1 1 1 1 1 1 1 1 1 1 1 1 1 1 1 1 1 1 1 1 1 1 1 1 1 1 1 1 1 1 1 1 1 1 1 1 1 1 1 1 1 1 1 1 1 1 1 1 1 1 1 1 1 1 1 1 1 1 1 1 1 1 1 1 1 1 1 1 1 1 1 1 1 1 1 1 1 1 1 1 1 1 1 1 1 1 1 1 1 1 1 1 1 1 1 1 1 1 1 1 1 1 1 1 1 1 1 1 1 1 1 1 1 1 1 1 1 1 1 1 1 1 1 1 1 1 1 1 1 1 1 1 1 1 1 1 1 1 1 1 1 1 1 1 1 1 1 1 1 1 1 1 1 1 1 1 1 1 1 1 1 1 1 1 1 1 1 1 1 1 1 1 1 1 1 1 1 1 1 1 1 1 1 1 1 1 1 1 1 1 1 1 1 1 1 1 1 1 1 1 1 1 1 1 1 1 1 1 1 1 1 1 1 1 1 1 1 1 1 1 1 1 1 1 1 1 1 1 1 1 1 1 1 1 1 1 1 1 1 1 1 1 1 1 1 1 1 1 1 1 1 1 1 1 1 1 1 1 1 1 1 1 1 1 1 1 1 1 1 1 1 1 1 1 1 1 1 1 1 1 1 1 1 1 1 1 1 1 1 1 1 1 1 1 1 1 1 1 1 1 1 1 1 1 1 1 1 1 1 1 1 1 1 1 1 1 1 1 1 1 1 1 1 1 1 1 1 1 1 1 1 1 1 1 1 1 1 1 1 1 1 1 1 1 1 1 1 1 1 1 1 1 1 1 1 1 1 1 1 1 1 1 1 1 1 1 1 1 1 1 1 1 1 1 1 1 1 1 1 1 1 1 1 1 1 1 1 1 1 1 1 1 1 1 1 1 1 1 1 1 1 1 1 1 1 1 1 1 1 1 1 1 1 1 1 1 1 1 1 1 1 1 1 1 1 1 1 1 1 1 1 1 1 1 1 1 1 1 1 1 1 1 1 1 1 1 1 1 1 1 1 1 1 1 1 1 1 1 1 1 1 1 1 1 1 1 1 1 1 1 1 1 1 1 1 1 1 1 1 1 1 1 1 1 1 1 1 1 1 1 1 1 1 1 1 1 1 1 1 1 1 1 1 1 1 1 1 1 1 1 1 1 1 1 1 1 1 1 1 1 1 1 1 1 1 1 1 1 1 1 1 1
binNumber 10000
binClassNumber 1
binClass_widthVector 700
binClass_lengthVector 700
binClass_disponibility 1000
itemClass_weight 18720 1170 5070 22230 6240 4290 30810 780 26520 42900 8970 48360 6630 7800 2340 1170 16770 1170 21060 27750 3330 13690 12950 4810 46620 4810 15910 370 28490 1110 10360 15170 2220 6660 4810 18870 12950 28120 24400 8800 14800 5200 15200 800 20400 12000 16400 27600 14800 2800 1600 19200 5200 13200 1200 46800 29600 1700 17340 24820 7140 60180 17680 7820 9520 12920 20400 6800 8500 2380 15300 2720 12920 7480 1360 1020 9720 16560 16560 2520 9720 21600 16560 34920 6120 4680 33120 2880 2160 1440 1440 42120 4320 7560 18000 10150 350 59500 1750 8400 1400 4550 14350 17850 9450 16100 32900 3500 5600 5250 3150 25550 8400 16800 33930 780 13260 3120 12480 4680 3120 8580 53040 22230 3120 2340 12870 11700 5850 63180 2730 7020 8970 22050 24850 350 7350 31850 6650 23800 10150 23450 350 13650 15400 5600 5250 4550 14000 1050 27300 7350 10730 13320 51800 18130 11100 18500 44400 3700 9620 10360 740 370 1480 4070 4070 10730 16650 2590 26640 32980 14960 8500 340 11560 8160 1700 10200 29920 6120 14280 2040 6120 3400 12580 6800 9860 53040 5440 20650 11550 14350 7000 11550 700 26950 4200 3150 17150 28350 5950 1050 24850 7350 7700 12250 37800 2450 7790 13530 46740 6970 1230 8610 1640 23780 3690 7790 6560 2870 14760 41410 22960 12710 41000 18450 4510 6000 16400 400 6400 5600 18400 14000 32400 5200 10800 26800 14000 20400 30800 38000 10800 16400 2000 5200 2100 12950 15050 2100 700 18900 20300 17150 5600 5250 20300 16450 6650 26950 9800 700 29400 24850 9800 7600 4560 4180 3420 21280 11020 43320 7600 37620 6080 29260 14820 16340 10260 26600 380 3800 17100 760 4550 17500 5950 19950 4900 18550 19950 17850 9800 53900 1400 29400 11550 5950 1750 3850 3850 3150 11200 30800 6400 9200 8000 4000 27600 400 21200 2800 4400 32800 2000 9200 49600 6400 23600 8800 11600 21200 4550 12950 5950 4200 15400 27300 20650 7700 5250 12600 4900 8050 4200 6300 1050 1750 10850 57750 33600 17850 28000 3850 11550 30450 1750 7700 1750 3850 16450 22400 3150 20650 4900 23100 23100 10500 3150 10850 4521 854 32370 8484 6698 1242 6732 27872 2352 6315 832 17458 22400 18480 5474 6150 7208 8337 5395 26197 1224 10104 17052 18912 19599 5434 48339 9936 6544 17724 31995 2045 24940 4170 1664 858 6304 4521 23072 30654 45954 9131 18612 52824 32390 7999 31837 9683 19894 6288 2035 34320 9476 1224 42728 420 7174 6256 47619 840 52875 32074 7467 1644 4345 27876 23883 4170 2842 1636 45540 27807 2030 428 32864 26599 1955 828 1194 790 52375 27393 50922 8888 26197 9522 4740 33228 794 7200 802 7506 46287 1251 7657 7272 20064 23912 49476 19552 5922 4090 4740 22971 45889 9130 5670 7578 4716 7470 49938 32058 24282 45510 828 2814 19740 804 1185 6624 5109 6345 4788 18941 6416 430 28810 27676 18404 28359 49446 6528 9361 24012 2996 23598 29036 6336 2150 1230 9432 430 8280 810 782 52576 52125 44844 50125 6000 2000 26588 1716 2954 393 1664 3940 22400 8151 18348 4740 46731 836 2095 4070 1194 9768 1272 26928 17094 1203 9064 842 17248 8967 46870 5600 794 4312 18471 5530 48585 6464 30654 5894 22624 45980 27269 44799 18490 20064 17682 1584 42619 16548 19056 1688 53375 4455 792 1588 9568 7524 19680 28220 850 1272 6416 2442 420 1224 44400 1287 17458 8734 4836 6560 44330 23664 31047 19440 18480 20163 6496 8988 8132 1194 2442 23712 4631 2085 17688 9284 23800 33072 51660 842 17388 18060 33280 18060 50875 26792 19599 49625 848 808 4030 1620 6720 46731 51045 28628 20237 1233 1290 5600 43560 9086 19796 5698 23490 4400 33970 5642 1696 5572 834 422 840 6902 858 19740 1680 48980 4704 20188 24476 6255 6624 9798 32548 7880 46420 6936 18146 23427 42837 7488 1664 42837 33417 1720 6868 1608 22794 7429 52398 28356 1254 1194 8736 2075 6816 22624 7106 18612 32838 20112 4000 5460 26197 830 46420 1281 2406 6015 8380 28221 28743 20116 7885 7542 45621 27268 1281 6608 852 1215 46176 2849 20400 5530 848 9844 31434 4968 49600 414
