itemNumber 400
itemClassNumber 400
itemClass_widthVector 27 26 25 24 23 22 21 20 19 18 17 16 15 14 13 25 24 23 22 21 20 19 18 17 16 15 14 13 12 11 28 27 26 25 24 23 22 21 20 19 18 17 16 15 14 29 28 27 26 25 24 23 22 21 20 19 18 17 16 15 25 24 23 22 21 20 19 18 17 16 15 14 13 12 11 24 23 22 21 20 19 18 17 16 15 14 13 12 11 10 31 30 29 28 27 26 25 24 23 22 21 20 19 18 17 28 27 26 25 24 23 22 21 20 19 18 17 16 15 14 25 24 23 22 21 20 19 18 17 16 15 14 13 12 11 26 25 24 23 22 21 20 19 18 17 16 15 14 13 12 29 28 27 26 25 24 23 22 21 20 19 18 17 16 15 24 23 22 21 20 19 18 17 16 15 14 13 12 11 10 29 28 27 26 25 24 23 22 21 20 19 18 17 16 15 25 24 23 22 21 20 19 18 17 16 15 14 13 12 11 25 24 23 22 21 20 19 18 17 16 15 14 13 12 11 27 24 23 24 28 20 22 19 22 24 25 19 28 19 26 16 26 21 22 24 28 27 28 18 16 15 20 26 29 17 24 26 28 18 16 18 28 24 21 30 26 23 20 18 27 16 19 23 26 18 27 18 19 29 27 23 25 16 27 23 24 27 18 28 26 26 28 19 18 22 24 23 18 24 15 22 29 18 23 17 17 20 18 17 28 22 26 19 26 18 18 20 24 20 28 24 16 18 17 24 25 18 25 19 15 23 21 16 25 28 16 20 28 19 19 16 26 22 19 25 19 25 24 28 19 26 24 18 18 16 22 15 26 19 23 20 27 24 27 23 26 19 26 16 26 25 27 24 29 24 25 29 17 23 17 18 26 26 24 17 15 18 25 21 17 26 23 25 24 23 26 24 28 21 24
itemClass_lengthVector 31 5 9 2 17 51 9 91 3 5 60 7 32 1 77 31 2 17 56 55 58 36 18 8 8 28 32 16 33 2 21 19 38 7 91 39 1 35 12 23 8 49 45 4 8 12 19 29 7 20 25 36 30 4 55 16 60 30 51 6 3 4 36 32 3 13 3 25 1 15 10 104 53 36 62 1 26 8 17 1 4 21 6 23 68 51 49 16 17 92 12 32 9 21 9 53 24 16 70 2 17 90 25 4 16 15 85 3 14 16 11 39 23 36 11 13 89 20 4 21 44 18 30 11 74 22 24 22 81 4 5 4 26 20 15 8 3 42 15 4 8 20 9 114 47 11 52 39 12 16 3 7 63 4 12 5 132 17 19 7 43 5 55 26 2 103 24 15 25 65 13 14 1 1 2 11 37 3 41 45 49 14 8 3 6 33 17 58 52 90 9 28 16 15 2 10 23 25 94 18 4 23 29 9 28 2 19 36 41 39 9 21 8 5 3 48 20 20 4 5 75 94 13 28 47 8 18 92 17 30 4 90 61 92 18 50 59 30 61 8 1 3 90 90 52 31 8 5 59 31 1 4 17 6 31 52 18 8 60 33 61 30 50 92 32 2 90 2 7 5 31 60 8 16 59 9 8 4 31 6 91 17 31 5 90 17 6 8 10 16 2 30 60 6 9 50 51 6 50 2 9 4 59 10 32 33 2 7 31 32 91 17 60 2 60 59 3 51 2 9 50 33 7 8 17 18 61 16 60 1 10 90 2 1 10 2 2 8 61 60 31 18 9 4 17 59 3 10 30 61 16 50 7 60 32 90 1 2 5 91 4 1 8 9 52 9 61 18 1 8 16 6 51 32 52 51 32 33 8 31 6 17 18 51 8 1 7 17 90 7 2 52 2 8 92 9 18 5 90 9
itemClass_demand 1 1 1 1 1 1 1 1 1 1 1 1 1 1 1 1 1 1 1 1 1 1 1 1 1 1 1 1 1 1 1 1 1 1 1 1 1 1 1 1 1 1 1 1 1 1 1 1 1 1 1 1 1 1 1 1 1 1 1 1 1 1 1 1 1 1 1 1 1 1 1 1 1 1 1 1 1 1 1 1 1 1 1 1 1 1 1 1 1 1 1 1 1 1 1 1 1 1 1 1 1 1 1 1 1 1 1 1 1 1 1 1 1 1 1 1 1 1 1 1 1 1 1 1 1 1 1 1 1 1 1 1 1 1 1 1 1 1 1 1 1 1 1 1 1 1 1 1 1 1 1 1 1 1 1 1 1 1 1 1 1 1 1 1 1 1 1 1 1 1 1 1 1 1 1 1 1 1 1 1 1 1 1 1 1 1 1 1 1 1 1 1 1 1 1 1 1 1 1 1 1 1 1 1 1 1 1 1 1 1 1 1 1 1 1 1 1 1 1 1 1 1 1 1 1 1 1 1 1 1 1 1 1 1 1 1 1 1 1 1 1 1 1 1 1 1 1 1 1 1 1 1 1 1 1 1 1 1 1 1 1 1 1 1 1 1 1 1 1 1 1 1 1 1 1 1 1 1 1 1 1 1 1 1 1 1 1 1 1 1 1 1 1 1 1 1 1 1 1 1 1 1 1 1 1 1 1 1 1 1 1 1 1 1 1 1 1 1 1 1 1 1 1 1 1 1 1 1 1 1 1 1 1 1 1 1 1 1 1 1 1 1 1 1 1 1 1 1 1 1 1 1 1 1 1 1 1 1 1 1 1 1 1 1 1 1 1 1 1 1 1 1 1 1 1 1 1 1 1 1 1 1 1 1 1 1 1 1 1 1 1 1 1 1 1 1 1 1 1 1
binNumber 10000
binClassNumber 1
binClass_widthVector 400
binClass_lengthVector 400
binClass_disponibility 1000
itemClass_weight 8370 1350 2430 540 4590 13770 2430 24570 810 1350 16200 1890 8640 270 20790 7750 500 4250 14000 13750 14500 9000 4500 2000 2000 7000 8000 4000 8250 500 5880 5320 10640 1960 25480 10920 280 9800 3360 6440 2240 13720 12600 1120 2240 3480 5510 8410 2030 5800 7250 10440 8700 1160 15950 4640 17400 8700 14790 1740 750 1000 9000 8000 750 3250 750 6250 250 3750 2500 26000 13250 9000 15500 240 6240 1920 4080 240 960 5040 1440 5520 16320 12240 11760 3840 4080 22080 3720 9920 2790 6510 2790 16430 7440 4960 21700 620 5270 27900 7750 1240 4960 4200 23800 840 3920 4480 3080 10920 6440 10080 3080 3640 24920 5600 1120 5880 11000 4500 7500 2750 18500 5500 6000 5500 20250 1000 1250 1000 6500 5000 3750 2080 780 10920 3900 1040 2080 5200 2340 29640 12220 2860 13520 10140 3120 4160 870 2030 18270 1160 3480 1450 38280 4930 5510 2030 12470 1450 15950 7540 580 24720 5760 3600 6000 15600 3120 3360 240 240 480 2640 8880 720 9840 10800 14210 4060 2320 870 1740 9570 4930 16820 15080 26100 2610 8120 4640 4350 580 2500 5750 6250 23500 4500 1000 5750 7250 2250 7000 500 4750 9000 10250 9750 2250 5250 2000 1250 750 12000 5000 5000 1000 1250 18750 23500 3250 7000 11750 2328 5040 25392 4743 8820 1148 24660 17812 26404 5004 14700 16638 8190 17324 2336 290 816 25110 25380 14456 8742 2264 1435 16933 8649 283 1084 4726 1788 9145 14300 5238 2296 17220 9801 16653 8730 14850 26772 9344 542 25830 588 2072 1470 9114 17880 2336 4656 17110 2619 2320 1144 9052 1752 26117 4845 8680 1400 25650 4709 1650 2256 2870 4512 566 8580 16800 1692 2673 14750 14127 1674 14150 564 2511 1120 16461 2770 8672 9504 544 2030 8866 8832 25480 4998 17460 576 16560 16343 855 14025 546 2457 13950 8943 1988 2264 4862 4950 16653 4528 16800 272 2890 25470 570 275 2740 546 592 2176 16775 17580 8463 4986 2664 1152 4777 16933 813 2800 8580 16653 4544 13600 1974 16260 8864 26550 285 548 1390 24752 1088 275 2176 2637 14196 2484 16592 5094 285 2184 4544 1698 13923 8864 14404 14586 8896 8976 2184 8587 1692 4624 5274 13821 2168 286 2072 4675 26640 2030 570 14924 556 2176 25852 2457 4986 1465 24750 2628
