itemNumber 110
itemClassNumber 110
itemClass_widthVector 13 12 11 10 9 8 7 6 12 11 10 9 8 7 6 5 14 13 12 11 10 9 8 7 12 11 10 9 8 7 6 5 15 14 13 12 11 10 9 8 14 13 12 11 10 9 8 7 15 14 13 12 11 10 9 8 15 14 13 12 11 10 9 8 14 8 8 14 12 12 13 9 15 12 14 11 11 14 8 10 9 9 12 12 12 10 10 11 13 10 13 12 13 14 12 12 15 9 10 14 13 8 12 14 10 14 8 15 10 15
itemClass_lengthVector 4 9 14 23 13 38 6 3 2 1 1 45 21 14 4 22 3 26 1 8 21 28 11 12 37 2 12 13 1 11 33 1 12 2 7 36 9 19 15 10 2 20 4 4 35 18 16 11 17 49 1 28 6 3 2 4 1 44 1 8 15 1 35 5 5 5 6 5 13 15 15 38 3 14 4 22 22 9 5 14 39 38 13 13 15 13 12 22 9 14 9 23 15 3 15 22 4 39 12 3 10 6 14 10 14 4 5 5 14 4
itemClass_demand 1 1 1 1 1 1 1 1 1 1 1 1 1 1 1 1 1 1 1 1 1 1 1 1 1 1 1 1 1 1 1 1 1 1 1 1 1 1 1 1 1 1 1 1 1 1 1 1 1 1 1 1 1 1 1 1 1 1 1 1 1 1 1 1 1 1 1 1 1 1 1 1 1 1 1 1 1 1 1 1 1 1 1 1 1 1 1 1 1 1 1 1 1 1 1 1 1 1 1 1 1 1 1 1 1 1 1 1 1 1
binNumber 10000
binClassNumber 1
binClass_widthVector 110
binClass_lengthVector 110
binClass_disponibility 1000
itemClass_weight 520 1170 1820 2990 1690 4940 780 390 240 120 120 5400 2520 1680 480 2640 420 3640 140 1120 2940 3920 1540 1680 4440 240 1440 1560 120 1320 3960 120 1800 300 1050 5400 1350 2850 2250 1500 280 2800 560 560 4900 2520 2240 1540 2550 7350 150 4200 900 450 300 600 150 6600 150 1200 2250 150 5250 750 660 655 810 680 1729 2115 2070 5244 411 1890 560 2882 3124 1251 670 1918 5499 5396 1703 1755 2055 1703 1680 3014 1206 1960 1269 3013 2025 432 2040 3102 576 5577 1704 399 1350 816 1890 1330 1904 548 680 660 1960 540
