itemNumber 180
itemClassNumber 180
itemClass_widthVector 17 16 15 14 13 12 11 10 9 8 17 16 15 14 13 12 11 10 9 8 18 17 16 15 14 13 12 11 10 9 17 16 15 14 13 12 11 10 9 8 19 18 17 16 15 14 13 12 11 10 19 18 17 16 15 14 13 12 11 10 20 19 18 17 16 15 14 13 12 11 19 18 17 16 15 14 13 12 11 10 18 17 16 15 14 13 12 11 10 9 16 15 14 13 12 11 10 9 8 7 13 15 15 14 18 17 14 10 15 16 16 15 17 16 18 17 12 15 18 18 17 16 17 16 13 15 18 19 12 18 17 12 16 16 15 14 18 15 10 15 17 18 14 18 10 17 18 15 10 14 15 13 12 12 12 19 17 13 18 17 11 14 13 19 10 15 11 10 17 19 12 18 17 17 12 12 18 14 10 11
itemClass_lengthVector 1 7 61 31 11 4 10 31 23 1 8 49 3 29 24 14 9 6 32 6 49 24 5 31 19 1 1 21 21 8 28 14 53 6 12 13 5 3 36 10 60 29 2 13 14 14 7 2 7 32 1 88 3 14 1 18 5 8 1 41 4 1 17 7 35 5 3 44 44 20 7 23 50 3 5 11 18 5 6 52 10 28 4 60 8 5 15 10 34 6 13 6 1 21 14 22 2 1 27 73 3 31 12 5 1 61 12 23 30 60 31 11 7 62 1 60 9 11 7 1 7 30 7 62 11 12 6 1 31 6 7 32 62 30 10 3 1 10 24 30 7 2 4 8 24 60 8 30 24 11 31 11 32 10 30 2 60 11 6 62 32 4 10 1 22 12 32 24 61 1 11 2 7 7 10 30 7 11 22 32
itemClass_demand 1 1 1 1 1 1 1 1 1 1 1 1 1 1 1 1 1 1 1 1 1 1 1 1 1 1 1 1 1 1 1 1 1 1 1 1 1 1 1 1 1 1 1 1 1 1 1 1 1 1 1 1 1 1 1 1 1 1 1 1 1 1 1 1 1 1 1 1 1 1 1 1 1 1 1 1 1 1 1 1 1 1 1 1 1 1 1 1 1 1 1 1 1 1 1 1 1 1 1 1 1 1 1 1 1 1 1 1 1 1 1 1 1 1 1 1 1 1 1 1 1 1 1 1 1 1 1 1 1 1 1 1 1 1 1 1 1 1 1 1 1 1 1 1 1 1 1 1 1 1 1 1 1 1 1 1 1 1 1 1 1 1 1 1 1 1 1 1 1 1 1 1 1 1 1 1 1 1 1 1
binNumber 10000
binClassNumber 1
binClass_widthVector 180
binClass_lengthVector 180
binClass_disponibility 1000
itemClass_weight 170 1190 10370 5270 1870 680 1700 5270 3910 170 1360 8330 510 4930 4080 2380 1530 1020 5440 1020 8820 4320 900 5580 3420 180 180 3780 3780 1440 4760 2380 9010 1020 2040 2210 850 510 6120 1700 11400 5510 380 2470 2660 2660 1330 380 1330 6080 190 16720 570 2660 190 3420 950 1520 190 7790 800 200 3400 1400 7000 1000 600 8800 8800 4000 1330 4370 9500 570 950 2090 3420 950 1140 9880 1800 5040 720 10800 1440 900 2700 1800 6120 1080 2080 960 160 3360 2240 3520 320 160 4320 11680 552 5673 2052 900 181 10797 2196 4324 5190 11280 5797 1991 1302 11222 183 10440 1557 2068 1218 171 1204 5280 1246 11408 2068 2172 1032 181 5673 1110 1316 5728 11160 5190 1730 540 181 1740 4272 5490 1211 360 700 1384 4224 10800 1400 5430 4224 1892 5735 2068 5472 1790 5130 350 10740 1936 1026 11594 5696 712 1780 176 3960 2112 5568 4224 10797 182 2068 358 1225 1281 1810 5310 1218 2013 4114 5472
