itemNumber 190
itemClassNumber 190
itemClass_widthVector 20 19 18 17 16 15 14 13 12 11 19 18 17 16 15 14 13 12 11 10 19 18 17 16 15 14 13 12 11 10 18 17 16 15 14 13 12 11 10 9 19 18 17 16 15 14 13 12 11 10 19 18 17 16 15 14 13 12 11 10 18 17 16 15 14 13 12 11 10 9 19 18 17 16 15 14 13 12 11 10 17 16 15 14 13 12 11 10 9 8 22 21 20 19 18 17 16 15 14 13 23 20 13 18 14 17 19 15 23 14 20 20 19 14 17 17 18 15 14 22 16 16 18 13 14 23 19 19 13 15 17 23 18 21 14 18 15 17 20 17 19 20 14 16 13 14 21 21 22 15 17 14 19 18 20 18 19 22 20 14 23 13 16 19 14 18 22 19 21 21 15 16 20 15 23 18 16 16 19 20 16 13 16 17 20 19 15 13 18 17
itemClass_lengthVector 4 4 25 22 16 5 35 45 20 14 81 13 16 1 30 4 19 4 4 18 46 19 3 4 20 4 22 16 22 34 1 11 46 42 9 10 43 5 18 5 36 25 67 6 21 14 12 3 2 4 18 25 15 52 30 3 10 12 13 12 10 10 49 25 27 13 11 8 26 11 38 3 15 11 30 12 20 47 7 7 2 8 2 6 5 59 20 16 36 36 14 15 9 3 15 22 1 16 60 35 4 24 21 23 45 15 23 36 3 20 26 4 26 21 6 15 16 35 45 5 4 34 15 20 44 4 24 25 21 34 17 5 15 3 19 23 34 4 26 17 24 3 19 36 20 20 3 4 5 35 15 20 22 23 24 22 26 3 26 46 4 21 35 22 20 21 3 23 4 3 44 4 5 44 5 22 34 5 26 26 34 19 34 5 5 26 44 19 22 16
itemClass_demand 1 1 1 1 1 1 1 1 1 1 1 1 1 1 1 1 1 1 1 1 1 1 1 1 1 1 1 1 1 1 1 1 1 1 1 1 1 1 1 1 1 1 1 1 1 1 1 1 1 1 1 1 1 1 1 1 1 1 1 1 1 1 1 1 1 1 1 1 1 1 1 1 1 1 1 1 1 1 1 1 1 1 1 1 1 1 1 1 1 1 1 1 1 1 1 1 1 1 1 1 1 1 1 1 1 1 1 1 1 1 1 1 1 1 1 1 1 1 1 1 1 1 1 1 1 1 1 1 1 1 1 1 1 1 1 1 1 1 1 1 1 1 1 1 1 1 1 1 1 1 1 1 1 1 1 1 1 1 1 1 1 1 1 1 1 1 1 1 1 1 1 1 1 1 1 1 1 1 1 1 1 1 1 1 1 1 1 1 1 1
binNumber 10000
binClassNumber 1
binClass_widthVector 190
binClass_lengthVector 190
binClass_disponibility 1000
itemClass_weight 800 800 5000 4400 3200 1000 7000 9000 4000 2800 15390 2470 3040 190 5700 760 3610 760 760 3420 8740 3610 570 760 3800 760 4180 3040 4180 6460 180 1980 8280 7560 1620 1800 7740 900 3240 900 6840 4750 12730 1140 3990 2660 2280 570 380 760 3420 4750 2850 9880 5700 570 1900 2280 2470 2280 1800 1800 8820 4500 4860 2340 1980 1440 4680 1980 7220 570 2850 2090 5700 2280 3800 8930 1330 1330 340 1360 340 1020 850 10030 3400 2720 6120 6120 3080 3300 1980 660 3300 4840 220 3520 13200 7700 840 4944 4221 4669 9540 3120 4761 7848 615 4200 5434 804 5304 4263 1236 3060 3456 7175 9765 1045 848 7276 3285 4260 9636 824 5256 5400 4347 6970 3757 1070 3015 651 4009 4991 6936 848 5408 3553 5280 660 4028 7884 4300 4260 639 840 1065 7105 3075 4340 4422 4692 5304 4422 5252 657 5278 9384 808 4263 7350 4818 4180 4326 615 4692 880 615 9284 864 1045 9020 1025 4708 7208 1020 5694 5252 7276 4180 7242 1050 1065 5590 9020 3819 4752 3392
