itemNumber 200
itemClassNumber 200
itemClass_widthVector 20 19 18 17 16 15 14 13 12 11 10 16 15 14 13 12 11 10 9 8 7 6 19 18 17 16 15 14 13 12 11 10 9 19 18 17 16 15 14 13 12 11 10 9 20 19 18 17 16 15 14 13 12 11 10 16 15 14 13 12 11 10 9 8 7 6 17 16 15 14 13 12 11 10 9 8 7 19 18 17 16 15 14 13 12 11 10 9 19 18 17 16 15 14 13 12 11 10 9 18 17 16 15 14 13 12 11 10 9 8 17 16 15 14 13 12 11 10 9 8 7 13 19 20 12 19 21 13 12 17 19 16 13 15 20 15 20 14 19 19 19 13 22 21 12 23 20 20 16 13 14 15 16 13 14 19 20 21 12 16 13 15 15 17 21 18 13 21 23 21 22 12 20 15 23 15 20 20 18 20 12 18 19 21 18 20 23 15 19 15 20 23 20 15 13 17 21 13 12 22
itemClass_lengthVector 9 3 8 44 20 9 15 18 8 57 9 2 10 49 1 35 16 4 33 8 39 3 9 1 31 17 4 16 28 22 1 27 44 37 26 8 19 17 4 4 19 25 16 25 2 10 9 37 5 19 3 27 28 43 17 35 8 47 13 5 11 7 13 11 23 27 24 4 8 3 51 22 5 1 7 31 44 7 23 34 12 36 11 25 3 10 4 35 21 4 22 3 4 25 11 20 42 24 24 15 3 5 29 14 24 8 11 58 31 2 22 49 17 2 25 8 1 27 13 22 14 57 7 4 58 45 9 56 56 9 7 8 8 19 8 19 8 9 43 7 45 8 8 10 57 9 3 7 8 58 9 14 16 9 9 45 9 4 57 8 9 14 15 9 8 43 58 8 8 4 10 57 7 18 9 19 8 3 19 4 57 21 9 10 45 8 9 18 9 16 8 9 8 19 58 10 9 9 56 8
itemClass_demand 1 1 1 1 1 1 1 1 1 1 1 1 1 1 1 1 1 1 1 1 1 1 1 1 1 1 1 1 1 1 1 1 1 1 1 1 1 1 1 1 1 1 1 1 1 1 1 1 1 1 1 1 1 1 1 1 1 1 1 1 1 1 1 1 1 1 1 1 1 1 1 1 1 1 1 1 1 1 1 1 1 1 1 1 1 1 1 1 1 1 1 1 1 1 1 1 1 1 1 1 1 1 1 1 1 1 1 1 1 1 1 1 1 1 1 1 1 1 1 1 1 1 1 1 1 1 1 1 1 1 1 1 1 1 1 1 1 1 1 1 1 1 1 1 1 1 1 1 1 1 1 1 1 1 1 1 1 1 1 1 1 1 1 1 1 1 1 1 1 1 1 1 1 1 1 1 1 1 1 1 1 1 1 1 1 1 1 1 1 1 1 1 1 1 1 1 1 1 1 1
binNumber 10000
binClassNumber 1
binClass_widthVector 200
binClass_lengthVector 200
binClass_disponibility 1000
itemClass_weight 1800 600 1600 8800 4000 1800 3000 3600 1600 11400 1800 320 1600 7840 160 5600 2560 640 5280 1280 6240 480 1710 190 5890 3230 760 3040 5320 4180 190 5130 8360 7030 4940 1520 3610 3230 760 760 3610 4750 3040 4750 400 2000 1800 7400 1000 3800 600 5400 5600 8600 3400 5600 1280 7520 2080 800 1760 1120 2080 1760 3680 4320 4080 680 1360 510 8670 3740 850 170 1190 5270 7480 1330 4370 6460 2280 6840 2090 4750 570 1900 760 6650 3990 760 4180 570 760 4750 2090 3800 7980 4560 4560 2700 540 900 5220 2520 4320 1440 1980 10440 5580 360 3740 8330 2890 340 4250 1360 170 4590 2210 3740 2380 12540 1470 832 12412 9855 1899 11312 12264 1980 1540 1744 1704 3838 1760 4180 1688 1917 9503 1547 9540 1760 1664 2040 11970 1926 648 1505 1648 11890 1836 2856 3360 1908 1980 9045 1872 816 11970 1760 1827 3094 3030 1854 1680 9159 12644 1632 1648 812 2060 12426 1533 3708 1935 3857 1648 615 3895 840 12483 4557 1989 2210 9315 1640 1836 3870 1809 3440 1640 1917 1656 4199 11890 2050 1899 1917 11480 1712
