itemNumber 160
itemClassNumber 160
itemClass_widthVector 17 16 15 14 13 12 11 10 9 19 18 17 16 15 14 13 12 11 18 17 16 15 14 13 12 11 10 18 17 16 15 14 13 12 11 10 19 18 17 16 15 14 13 12 11 17 16 15 14 13 12 11 10 9 18 17 16 15 14 13 12 11 10 17 16 15 14 13 12 11 10 9 17 16 15 14 13 12 11 10 9 17 11 16 18 12 16 13 13 11 19 14 14 14 17 19 12 19 16 12 13 18 13 15 13 19 14 17 11 16 15 14 16 17 13 13 15 13 19 15 15 18 12 16 16 18 17 12 15 14 17 14 17 12 16 15 13 15 17 12 14 18 12 14 12 12 15 15 13 12 18 14 13 15 17 12 11 11 16 19
itemClass_lengthVector 1 3 14 20 22 35 15 40 10 6 17 9 8 2 53 22 25 18 19 13 19 3 46 22 22 5 11 1 6 17 17 28 30 26 2 33 17 10 17 1 18 16 10 64 7 18 24 21 1 33 29 4 14 16 18 20 1 5 20 23 14 7 52 36 43 16 15 13 2 24 5 6 25 10 1 1 29 38 4 42 10 14 39 14 2 15 15 36 14 41 2 22 34 36 4 2 15 1 20 39 35 1 36 21 15 1 22 13 39 21 20 36 19 14 15 16 19 34 1 19 21 1 16 20 19 2 13 40 21 23 2 35 13 14 20 21 14 21 13 39 23 3 41 34 16 14 22 20 36 16 2 21 16 21 14 40 39 40 14 1
itemClass_demand 1 1 1 1 1 1 1 1 1 1 1 1 1 1 1 1 1 1 1 1 1 1 1 1 1 1 1 1 1 1 1 1 1 1 1 1 1 1 1 1 1 1 1 1 1 1 1 1 1 1 1 1 1 1 1 1 1 1 1 1 1 1 1 1 1 1 1 1 1 1 1 1 1 1 1 1 1 1 1 1 1 1 1 1 1 1 1 1 1 1 1 1 1 1 1 1 1 1 1 1 1 1 1 1 1 1 1 1 1 1 1 1 1 1 1 1 1 1 1 1 1 1 1 1 1 1 1 1 1 1 1 1 1 1 1 1 1 1 1 1 1 1 1 1 1 1 1 1 1 1 1 1 1 1 1 1 1 1 1 1
binNumber 10000
binClassNumber 1
binClass_widthVector 160
binClass_lengthVector 160
binClass_disponibility 1000
itemClass_weight 170 510 2380 3400 3740 5950 2550 6800 1700 1140 3230 1710 1520 380 10070 4180 4750 3420 3420 2340 3420 540 8280 3960 3960 900 1980 180 1080 3060 3060 5040 5400 4680 360 5940 3230 1900 3230 190 3420 3040 1900 12160 1330 3060 4080 3570 170 5610 4930 680 2380 2720 3240 3600 180 900 3600 4140 2520 1260 9360 6120 7310 2720 2550 2210 340 4080 850 1020 4250 1700 170 170 4930 6460 680 7140 1700 2562 6864 2632 342 2745 2685 6408 2520 7708 374 3806 5882 6264 740 372 2670 172 3680 7137 6055 186 6660 3906 2805 177 3806 2379 7176 3822 3420 6300 3477 2562 2640 2784 3458 6358 185 3306 3822 175 2880 3760 3249 354 2431 7000 3780 3979 354 6020 2327 2436 3680 3927 2492 3822 2418 6669 4071 531 7011 5814 2816 2618 3806 3640 6156 2832 374 3738 2976 3759 2492 6880 7059 7120 2562 185
