itemNumber 180
itemClassNumber 180
itemClass_widthVector 17 16 15 14 13 12 11 10 9 8 19 18 17 16 15 14 13 12 11 10 19 18 17 16 15 14 13 12 11 10 17 16 15 14 13 12 11 10 9 8 17 16 15 14 13 12 11 10 9 8 17 16 15 14 13 12 11 10 9 8 20 19 18 17 16 15 14 13 12 11 19 18 17 16 15 14 13 12 11 10 18 17 16 15 14 13 12 11 10 9 17 16 15 14 13 12 11 10 9 8 11 14 18 15 13 15 13 16 17 10 17 10 17 10 15 16 19 14 12 10 16 12 18 10 18 16 11 11 18 15 15 19 17 13 19 18 18 19 14 12 13 12 14 17 10 13 10 16 13 15 18 12 16 16 10 12 16 10 17 13 16 12 16 17 14 12 19 13 13 12 10 13 11 17 17 10 14 15 12 18
itemClass_lengthVector 25 25 1 19 36 20 12 1 36 5 12 13 26 1 23 18 58 12 5 12 30 21 18 11 49 6 21 14 4 6 79 7 10 1 39 7 16 7 6 8 20 3 40 35 12 5 18 22 17 8 6 26 17 16 1 27 36 9 13 29 37 42 4 11 3 23 8 35 6 11 8 7 14 18 46 2 51 11 18 5 26 12 22 3 30 2 61 5 14 5 22 11 9 26 74 16 1 3 6 12 2 20 26 36 19 20 20 20 24 35 24 35 1 37 20 1 26 20 13 37 1 11 25 35 26 20 1 1 26 36 20 25 26 21 25 25 25 25 35 13 13 1 35 24 35 12 36 1 12 36 25 13 19 2 36 12 1 37 26 20 1 2 1 1 35 2 24 13 19 2 35 19 1 25 1 36 36 20 2 25
itemClass_demand 1 1 1 1 1 1 1 1 1 1 1 1 1 1 1 1 1 1 1 1 1 1 1 1 1 1 1 1 1 1 1 1 1 1 1 1 1 1 1 1 1 1 1 1 1 1 1 1 1 1 1 1 1 1 1 1 1 1 1 1 1 1 1 1 1 1 1 1 1 1 1 1 1 1 1 1 1 1 1 1 1 1 1 1 1 1 1 1 1 1 1 1 1 1 1 1 1 1 1 1 1 1 1 1 1 1 1 1 1 1 1 1 1 1 1 1 1 1 1 1 1 1 1 1 1 1 1 1 1 1 1 1 1 1 1 1 1 1 1 1 1 1 1 1 1 1 1 1 1 1 1 1 1 1 1 1 1 1 1 1 1 1 1 1 1 1 1 1 1 1 1 1 1 1 1 1 1 1 1 1
binNumber 10000
binClassNumber 1
binClass_widthVector 180
binClass_lengthVector 180
binClass_disponibility 1000
itemClass_weight 4250 4250 170 3230 6120 3400 2040 170 6120 850 2280 2470 4940 190 4370 3420 11020 2280 950 2280 5700 3990 3420 2090 9310 1140 3990 2660 760 1140 13430 1190 1700 170 6630 1190 2720 1190 1020 1360 3400 510 6800 5950 2040 850 3060 3740 2890 1360 1020 4420 2890 2720 170 4590 6120 1530 2210 4930 7400 8400 800 2200 600 4600 1600 7000 1200 2200 1520 1330 2660 3420 8740 380 9690 2090 3420 950 4680 2160 3960 540 5400 360 10980 900 2520 900 3740 1870 1530 4420 12580 2720 170 510 1020 2040 360 3440 4654 6660 3382 3520 3440 3620 4392 6510 4368 6545 175 6586 3680 188 4602 3420 2314 6623 175 1881 4350 6020 4784 3460 176 176 4784 6408 3580 4675 4732 3738 4600 4275 4650 4325 6125 2314 2431 175 6475 4104 6125 2244 6588 181 2100 6408 4325 2249 3325 374 6516 2148 175 6401 4602 3560 175 348 182 173 5985 362 4176 2262 3458 342 6475 3572 186 4700 179 6768 6732 3740 352 4425
