itemNumber 90
itemClassNumber 90
itemClass_widthVector 13 12 11 10 9 8 7 14 13 12 11 10 9 8 13 12 11 10 9 8 7 12 11 10 9 8 7 6 12 11 10 9 8 7 6 12 11 10 9 8 7 6 14 13 12 11 10 9 8 13 10 14 12 9 15 10 9 9 12 10 13 15 14 15 11 12 10 9 15 14 14 10 15 13 13 12 14 12 15 12 10 9 15 14 10 12 9 14 15 10
itemClass_lengthVector 1 10 33 16 5 13 12 7 8 2 5 9 34 25 12 15 8 1 8 7 39 4 11 3 13 24 22 13 3 8 7 47 5 4 16 6 1 12 4 52 3 12 6 15 26 18 14 8 3 11 5 1 33 13 1 5 12 12 17 5 32 1 2 1 16 33 5 14 1 11 11 6 1 9 9 16 11 34 2 34 6 12 2 1 4 15 14 2 2 4
itemClass_demand 1 1 1 1 1 1 1 1 1 1 1 1 1 1 1 1 1 1 1 1 1 1 1 1 1 1 1 1 1 1 1 1 1 1 1 1 1 1 1 1 1 1 1 1 1 1 1 1 1 1 1 1 1 1 1 1 1 1 1 1 1 1 1 1 1 1 1 1 1 1 1 1 1 1 1 1 1 1 1 1 1 1 1 1 1 1 1 1 1 1
binNumber 10000
binClassNumber 1
binClass_widthVector 90
binClass_lengthVector 90
binClass_disponibility 1000
itemClass_weight 130 1300 4290 2080 650 1690 1560 973 1112 278 695 1251 4726 3475 1560 1950 1040 130 1040 910 5070 480 1320 360 1560 2880 2640 1560 360 960 840 5640 600 480 1920 720 120 1440 480 6240 360 1440 834 2085 3614 2502 1946 1112 417 1507 685 138 4455 1807 143 680 1644 1716 2448 705 4192 133 262 134 2288 4554 660 1988 138 1540 1573 816 139 1197 1197 2112 1540 4794 278 4794 792 1584 276 141 536 2160 1876 280 274 536
