itemNumber 60
itemClassNumber 60
itemClass_widthVector 11 10 9 8 7 6 10 9 8 7 6 5 9 8 7 6 5 4 12 11 10 9 8 7 9 8 7 6 5 4 9 8 7 6 5 4 10 13 9 12 11 10 10 10 13 8 10 10 12 11 8 12 9 12 10 8 12 13 9 9
itemClass_lengthVector 8 3 13 7 27 2 12 6 9 29 3 1 1 8 5 36 6 4 14 21 6 3 13 3 5 5 1 6 10 33 20 3 8 14 8 7 12 9 8 9 2 14 13 13 7 27 14 13 4 4 28 4 8 9 12 26 3 8 8 7
itemClass_demand 1 1 1 1 1 1 1 1 1 1 1 1 1 1 1 1 1 1 1 1 1 1 1 1 1 1 1 1 1 1 1 1 1 1 1 1 1 1 1 1 1 1 1 1 1 1 1 1 1 1 1 1 1 1 1 1 1 1 1 1
binNumber 10000
binClassNumber 1
binClass_widthVector 60
binClass_lengthVector 60
binClass_disponibility 1000
itemClass_weight 880 330 1430 770 2970 220 1200 600 900 2900 300 100 90 720 450 3240 540 360 1680 2520 720 360 1560 360 450 450 90 540 900 2970 1800 270 720 1260 720 630 1404 1044 944 1080 236 1666 1560 1521 833 3132 1610 1456 472 448 3108 460 904 1062 1464 2912 339 904 952 826
