itemNumber 500
itemClassNumber 500
itemClass_widthVector 30 29 28 27 26 25 24 23 22 21 20 19 18 17 16 15 30 29 28 27 26 25 24 23 22 21 20 19 18 17 16 15 29 28 27 26 25 24 23 22 21 20 19 18 17 16 15 14 33 32 31 30 29 28 27 26 25 24 23 22 21 20 19 18 32 31 30 29 28 27 26 25 24 23 22 21 20 19 18 17 30 29 28 27 26 25 24 23 22 21 20 19 18 17 16 15 34 33 32 31 30 29 28 27 26 25 24 23 22 21 20 19 29 28 27 26 25 24 23 22 21 20 19 18 17 16 15 14 34 33 32 31 30 29 28 27 26 25 24 23 22 21 20 19 34 33 32 31 30 29 28 27 26 25 24 23 22 21 20 19 31 30 29 28 27 26 25 24 23 22 21 20 19 18 17 16 35 34 33 32 31 30 29 28 27 26 25 24 23 22 21 20 29 28 27 26 25 24 23 22 21 20 19 18 17 16 15 14 30 29 28 27 26 25 24 23 22 21 20 19 18 17 16 15 31 30 29 28 27 26 25 24 23 22 21 20 19 18 17 16 29 28 27 26 25 24 23 22 21 20 19 18 17 16 15 14 29 29 23 29 21 31 30 30 17 18 32 27 26 30 26 27 18 26 27 29 28 24 23 30 30 31 18 22 25 21 26 29 26 29 23 25 29 28 25 33 20 31 18 32 26 22 34 19 31 18 32 27 20 29 20 28 25 20 26 18 29 23 29 18 29 28 26 22 19 24 30 33 26 20 19 19 25 33 30 30 25 20 23 30 20 26 24 28 29 23 17 28 29 22 20 28 23 24 23 31 18 30 29 32 19 27 18 21 22 25 29 24 19 25 31 23 31 30 28 23 19 27 20 29 19 23 18 32 27 27 18 26 20 17 18 21 30 23 18 33 26 28 23 23 20 26 21 26 27 18 28 22 27 31 21 21 23 31 32 23 29 32 18 19 30 22 33 33 19 33 25 22 34 26 24 30 18 19 22 29 29 33 19 29 27 32 19 22 21 19 32 34 17 29 20 25 28 31 25 32 31 23 31 31 26 27 29 26 19 29 32 27 25 31 23 21 17 26 30 24 20 23 21 26 23 22 30 18 30 23 32 31 20 21 18 27 23 19 23 26 20 20 18 19
itemClass_lengthVector 11 14 67 72 57 62 13 12 43 12 13 76 1 21 4 22 17 9 69 34 17 30 39 7 38 5 8 69 13 107 12 26 4 26 20 50 1 22 83 1 28 28 137 31 28 17 12 12 23 39 1 7 6 135 25 20 13 31 1 62 61 10 38 28 22 18 21 30 7 13 20 7 43 69 24 74 11 85 52 4 26 79 14 9 2 66 19 23 13 75 27 15 17 1 70 44 72 39 9 13 43 6 39 6 5 42 50 15 77 18 9 57 40 4 39 17 76 23 9 48 14 66 5 21 28 58 1 51 92 40 24 5 50 48 11 12 13 24 60 87 2 4 9 19 53 19 10 8 56 25 11 20 11 15 17 172 6 42 6 29 36 23 20 7 39 7 36 6 19 54 12 28 59 65 9 80 11 30 24 47 25 96 9 47 34 3 60 5 8 7 26 68 24 99 1 26 32 9 45 48 10 15 4 37 59 5 61 25 5 2 74 3 1 49 38 55 21 11 2 72 47 35 67 18 6 20 10 28 122 26 60 5 38 12 54 43 16 33 21 6 7 8 23 43 104 13 20 9 5 86 20 80 20 33 17 12 66 72 13 58 76 15 66 66 4 4 10 56 11 71 62 58 5 12 56 56 62 11 13 71 66 66 3 12 12 75 12 68 62 66 43 44 71 63 42 10 2 14 22 14 62 11 12 21 14 4 14 62 75 66 76 62 13 1 12 3 57 12 72 3 58 61 63 13 20 11 66 12 61 2 2 1 42 11 15 15 42 77 11 67 1 12 12 72 57 12 5 63 58 12 2 72 44 13 44 13 4 68 58 14 1 57 5 75 14 42 68 13 2 11 15 13 67 72 58 13 2 12 1 72 2 12 22 15 63 12 22 62 77 4 21 14 72 44 3 11 12 56 44 12 2 63 13 13 57 5 71 13 57 11 12 13 13 13 14 12 71 15 20 21 15 11 11 10 2 12 13 11 11 62 13 66 21 21 14 57 71 10 1 71 58 11 1 14 76 1 13 11 4 68 75 43 63 68 44 13 67 12 10 15 11 57 73 12 1 56 10 61 11 11 12 76 5 13 66 11 1 44 12 14 13 12 66 21 14 12 13 68 76 14 22 61 14 21 12 14 1 1 3 20
itemClass_demand 1 1 1 1 1 1 1 1 1 1 1 1 1 1 1 1 1 1 1 1 1 1 1 1 1 1 1 1 1 1 1 1 1 1 1 1 1 1 1 1 1 1 1 1 1 1 1 1 1 1 1 1 1 1 1 1 1 1 1 1 1 1 1 1 1 1 1 1 1 1 1 1 1 1 1 1 1 1 1 1 1 1 1 1 1 1 1 1 1 1 1 1 1 1 1 1 1 1 1 1 1 1 1 1 1 1 1 1 1 1 1 1 1 1 1 1 1 1 1 1 1 1 1 1 1 1 1 1 1 1 1 1 1 1 1 1 1 1 1 1 1 1 1 1 1 1 1 1 1 1 1 1 1 1 1 1 1 1 1 1 1 1 1 1 1 1 1 1 1 1 1 1 1 1 1 1 1 1 1 1 1 1 1 1 1 1 1 1 1 1 1 1 1 1 1 1 1 1 1 1 1 1 1 1 1 1 1 1 1 1 1 1 1 1 1 1 1 1 1 1 1 1 1 1 1 1 1 1 1 1 1 1 1 1 1 1 1 1 1 1 1 1 1 1 1 1 1 1 1 1 1 1 1 1 1 1 1 1 1 1 1 1 1 1 1 1 1 1 1 1 1 1 1 1 1 1 1 1 1 1 1 1 1 1 1 1 1 1 1 1 1 1 1 1 1 1 1 1 1 1 1 1 1 1 1 1 1 1 1 1 1 1 1 1 1 1 1 1 1 1 1 1 1 1 1 1 1 1 1 1 1 1 1 1 1 1 1 1 1 1 1 1 1 1 1 1 1 1 1 1 1 1 1 1 1 1 1 1 1 1 1 1 1 1 1 1 1 1 1 1 1 1 1 1 1 1 1 1 1 1 1 1 1 1 1 1 1 1 1 1 1 1 1 1 1 1 1 1 1 1 1 1 1 1 1 1 1 1 1 1 1 1 1 1 1 1 1 1 1 1 1 1 1 1 1 1 1 1 1 1 1 1 1 1 1 1 1 1 1 1 1 1 1 1 1 1 1 1 1 1 1 1 1 1 1 1 1 1 1 1 1 1 1 1 1 1 1 1 1 1 1 1 1 1 1 1 1 1 1 1 1 1 1 1 1 1 1 1 1 1 1 1 1 1 1 1 1 1 1 1
binNumber 10000
binClassNumber 1
binClass_widthVector 500
binClass_lengthVector 500
binClass_disponibility 1000
itemClass_weight 3300 4200 20100 21600 17100 18600 3900 3600 12900 3600 3900 22800 300 6300 1200 6600 5100 2700 20700 10200 5100 9000 11700 2100 11400 1500 2400 20700 3900 32100 3600 7800 1160 7540 5800 14500 290 6380 24070 290 8120 8120 39730 8990 8120 4930 3480 3480 7590 12870 330 2310 1980 44550 8250 6600 4290 10230 330 20460 20130 3300 12540 9240 7040 5760 6720 9600 2240 4160 6400 2240 13760 22080 7680 23680 3520 27200 16640 1280 7800 23700 4200 2700 600 19800 5700 6900 3900 22500 8100 4500 5100 300 21000 13200 24480 13260 3060 4420 14620 2040 13260 2040 1700 14280 17000 5100 26180 6120 3060 19380 11600 1160 11310 4930 22040 6670 2610 13920 4060 19140 1450 6090 8120 16820 290 14790 31280 13600 8160 1700 17000 16320 3740 4080 4420 8160 20400 29580 680 1360 3060 6460 18020 6460 3400 2720 19040 8500 3740 6800 3740 5100 5780 58480 2040 14280 2040 9860 11160 7130 6200 2170 12090 2170 11160 1860 5890 16740 3720 8680 18290 20150 2790 24800 3850 10500 8400 16450 8750 33600 3150 16450 11900 1050 21000 1750 2800 2450 9100 23800 6960 28710 290 7540 9280 2610 13050 13920 2900 4350 1160 10730 17110 1450 17690 7250 1500 600 22200 900 300 14700 11400 16500 6300 3300 600 21600 14100 10500 20100 5400 1860 6200 3100 8680 37820 8060 18600 1550 11780 3720 16740 13330 4960 10230 6510 1860 2030 2320 6670 12470 30160 3770 5800 2610 1450 24940 5800 23200 5800 9570 4930 3480 20064 23400 4017 18096 23560 4620 20658 21450 1304 1228 3240 18312 3432 21868 18910 18908 1610 3660 18200 18032 19158 3410 4290 21797 20394 20328 981 3648 3888 24375 3864 20808 19282 21450 14018 13728 22720 19026 13524 3310 626 4438 6864 4592 19096 3410 3732 6804 4550 1308 4368 19716 23700 20328 24852 19592 3939 304 3708 954 18696 3768 22752 993 17632 19642 19908 3913 6240 3443 20262 3624 18483 640 638 319 13020 3377 4920 4770 13314 23408 3410 20837 312 3744 3708 21744 17271 3960 1565 20412 17574 3852 660 22032 13376 4212 13596 4030 1216 21420 18966 4270 313 17328 1620 24375 4522 13524 22100 4290 660 3454 4920 4277 20368 22536 17864 4121 662 3792 313 23472 660 3828 6776 4620 20601 3768 7216 19220 25333 1320 6426 4228 23112 13948 927 3564 3756 18368 14388 3708 642 20286 3952 4069 17499 1585 21726 3913 17784 3553 3888 4251 4264 4225 4214 3636 22578 4815 6480 6909 4770 3542 3355 3290 624 3720 4199 3377 3520 20398 4186 19998 6951 6741 4438 17499 23430 3090 302 22507 18966 3443 326 4214 23712 324 4225 3531 1232 22032 24675 13330 19467 21556 14476 3913 22043 3876 3060 4785 3410 18240 22338 3648 303 17360 3150 18605 3421 3498 3768 22952 1595 4134 21186 3311 305 14300 3912 4452 4290 3876 20592 6678 4410 3756 3926 22236 23028 4494 7172 19154 4494 6804 3780 4354 319 317 987 6580
