itemNumber 190
itemClassNumber 190
itemClass_widthVector 18 17 16 15 14 13 12 11 10 9 19 18 17 16 15 14 13 12 11 10 20 19 18 17 16 15 14 13 12 11 18 17 16 15 14 13 12 11 10 9 20 19 18 17 16 15 14 13 12 11 17 16 15 14 13 12 11 10 9 8 20 19 18 17 16 15 14 13 12 11 20 19 18 17 16 15 14 13 12 11 18 17 16 15 14 13 12 11 10 9 20 19 18 17 16 15 14 13 12 11 14 12 18 15 11 15 15 18 11 13 18 13 14 17 12 13 17 13 13 15 17 12 19 14 19 15 16 14 13 14 16 14 20 16 16 19 13 17 17 19 18 12 15 15 18 11 15 20 13 17 16 14 16 11 15 13 16 14 19 19 12 17 14 18 18 19 17 15 14 16 18 13 11 15 17 14 20 13 11 15 13 12 19 19 15 16 11 12 11 17
itemClass_lengthVector 1 3 14 20 23 34 15 26 14 40 6 17 9 8 2 53 22 25 25 23 19 13 22 68 22 5 20 4 14 3 1 6 17 17 28 30 26 2 57 6 17 10 17 1 18 16 17 14 43 37 15 3 24 21 11 31 8 11 20 46 13 23 2 1 26 58 43 1 20 3 3 30 3 35 27 39 14 25 9 5 7 12 6 6 6 11 54 13 50 25 3 9 3 37 45 33 11 14 27 8 14 15 4 35 15 33 35 4 15 27 2 14 16 20 25 25 20 26 16 33 13 14 2 34 2 22 24 15 27 16 19 33 1 19 22 1 16 20 19 2 13 15 33 34 4 13 23 2 14 20 21 14 21 15 34 25 21 14 1 1 15 21 33 14 13 2 21 22 16 21 14 26 14 35 15 14 2 25 14 33 26 27 3 2 22 22 13 25 14 14
itemClass_demand 1 1 1 1 1 1 1 1 1 1 1 1 1 1 1 1 1 1 1 1 1 1 1 1 1 1 1 1 1 1 1 1 1 1 1 1 1 1 1 1 1 1 1 1 1 1 1 1 1 1 1 1 1 1 1 1 1 1 1 1 1 1 1 1 1 1 1 1 1 1 1 1 1 1 1 1 1 1 1 1 1 1 1 1 1 1 1 1 1 1 1 1 1 1 1 1 1 1 1 1 1 1 1 1 1 1 1 1 1 1 1 1 1 1 1 1 1 1 1 1 1 1 1 1 1 1 1 1 1 1 1 1 1 1 1 1 1 1 1 1 1 1 1 1 1 1 1 1 1 1 1 1 1 1 1 1 1 1 1 1 1 1 1 1 1 1 1 1 1 1 1 1 1 1 1 1 1 1 1 1 1 1 1 1 1 1 1 1 1 1
binNumber 10000
binClassNumber 1
binClass_widthVector 190
binClass_lengthVector 190
binClass_disponibility 1000
itemClass_weight 180 540 2520 3600 4140 6120 2700 4680 2520 7200 1140 3230 1710 1520 380 10070 4180 4750 4750 4370 3800 2600 4400 13600 4400 1000 4000 800 2800 600 180 1080 3060 3060 5040 5400 4680 360 10260 1080 3400 2000 3400 200 3600 3200 3400 2800 8600 7400 2550 510 4080 3570 1870 5270 1360 1870 3400 7820 2600 4600 400 200 5200 11600 8600 200 4000 600 600 6000 600 7000 5400 7800 2800 5000 1800 1000 1260 2160 1080 1080 1080 1980 9720 2340 9000 4500 600 1800 600 7400 9000 6600 2200 2800 5400 1600 2660 2985 788 6650 2745 6039 6440 780 2925 5211 364 2646 3120 3820 4550 4800 3760 4940 2976 6369 2379 2730 374 6426 394 4136 4464 2910 5022 2944 3648 6501 195 3496 4224 185 3040 3960 3439 374 2561 2940 6105 6154 744 2496 4278 378 2576 3880 4137 2632 4032 2715 6324 4550 3990 2688 189 186 2805 4095 6369 2786 2587 368 4137 4136 3136 3969 2632 4732 2548 6650 2790 2548 398 4700 2534 6303 5174 5103 585 366 4070 4114 2548 4775 2618 2646
