itemNumber 180
itemClassNumber 180
itemClass_widthVector 17 16 15 14 13 12 11 10 9 8 17 16 15 14 13 12 11 10 9 8 17 16 15 14 13 12 11 10 9 8 19 18 17 16 15 14 13 12 11 10 18 17 16 15 14 13 12 11 10 9 20 19 18 17 16 15 14 13 12 11 19 18 17 16 15 14 13 12 11 10 18 17 16 15 14 13 12 11 10 9 17 16 15 14 13 12 11 10 9 8 18 17 16 15 14 13 12 11 10 9 17 12 12 12 12 11 18 13 18 18 11 18 14 11 13 13 17 12 12 13 15 12 16 10 17 16 19 16 17 17 13 14 16 11 16 15 12 15 12 12 18 12 10 11 13 16 14 18 12 18 12 17 14 10 19 16 17 15 15 17 10 19 16 18 16 14 12 17 14 15 16 16 14 14 15 15 18 16 16 19
itemClass_lengthVector 69 27 5 10 3 15 2 9 24 16 7 28 10 1 14 24 9 38 1 48 64 8 19 35 2 1 3 4 32 12 78 2 25 25 3 11 7 7 9 13 13 15 31 11 64 14 4 16 7 5 6 1 4 7 4 8 15 19 109 7 2 8 19 45 13 2 37 32 3 19 7 20 6 48 34 18 17 20 6 4 9 6 10 9 8 2 21 52 55 8 2 8 29 27 6 27 10 26 41 4 26 9 1 3 3 9 28 15 26 69 9 69 4 8 3 15 26 1 8 15 3 10 9 24 27 5 68 11 6 6 16 2 10 9 5 3 9 11 3 10 26 1 23 10 2 5 14 28 9 28 2 5 2 24 70 11 5 3 4 28 23 68 11 26 10 15 9 6 3 10 5 10 15 4 3 3 26 4 5 70
itemClass_demand 1 1 1 1 1 1 1 1 1 1 1 1 1 1 1 1 1 1 1 1 1 1 1 1 1 1 1 1 1 1 1 1 1 1 1 1 1 1 1 1 1 1 1 1 1 1 1 1 1 1 1 1 1 1 1 1 1 1 1 1 1 1 1 1 1 1 1 1 1 1 1 1 1 1 1 1 1 1 1 1 1 1 1 1 1 1 1 1 1 1 1 1 1 1 1 1 1 1 1 1 1 1 1 1 1 1 1 1 1 1 1 1 1 1 1 1 1 1 1 1 1 1 1 1 1 1 1 1 1 1 1 1 1 1 1 1 1 1 1 1 1 1 1 1 1 1 1 1 1 1 1 1 1 1 1 1 1 1 1 1 1 1 1 1 1 1 1 1 1 1 1 1 1 1 1 1 1 1 1 1
binNumber 10000
binClassNumber 1
binClass_widthVector 180
binClass_lengthVector 180
binClass_disponibility 1000
itemClass_weight 11730 4590 850 1700 510 2550 340 1530 4080 2720 1190 4760 1700 170 2380 4080 1530 6460 170 8160 10880 1360 3230 5950 340 170 510 680 5440 2040 14820 380 4750 4750 570 2090 1330 1330 1710 2470 2340 2700 5580 1980 11520 2520 720 2880 1260 900 1200 200 800 1400 800 1600 3000 3800 21800 1400 380 1520 3610 8550 2470 380 7030 6080 570 3610 1260 3600 1080 8640 6120 3240 3060 3600 1080 720 1530 1020 1700 1530 1360 340 3570 8840 9350 1360 360 1440 5220 4860 1080 4860 1800 4680 7380 720 4862 1692 184 516 522 1683 5040 2760 4602 12696 1557 12558 712 1456 525 2685 4706 171 1440 2730 552 1830 1611 4176 5076 865 12444 2035 1044 1044 2992 370 1750 1647 930 552 1557 2013 543 1760 4602 183 4071 1710 374 865 2632 5068 1539 4928 344 925 360 4368 12950 2046 865 543 748 5124 4140 12784 1892 4732 1730 2640 1665 1062 522 1820 875 1830 2745 728 528 558 4758 728 920 12460
