itemNumber 500
itemClassNumber 500
itemClass_widthVector 31 30 29 28 27 26 25 24 23 22 21 20 19 18 17 16 30 29 28 27 26 25 24 23 22 21 20 19 18 17 16 15 33 32 31 30 29 28 27 26 25 24 23 22 21 20 19 18 34 33 32 31 30 29 28 27 26 25 24 23 22 21 20 19 29 28 27 26 25 24 23 22 21 20 19 18 17 16 15 14 29 28 27 26 25 24 23 22 21 20 19 18 17 16 15 14 36 35 34 33 32 31 30 29 28 27 26 25 24 23 22 21 33 32 31 30 29 28 27 26 25 24 23 22 21 20 19 18 29 28 27 26 25 24 23 22 21 20 19 18 17 16 15 14 32 31 30 29 28 27 26 25 24 23 22 21 20 19 18 17 33 32 31 30 29 28 27 26 25 24 23 22 21 20 19 18 29 28 27 26 25 24 23 22 21 20 19 18 17 16 15 14 33 32 31 30 29 28 27 26 25 24 23 22 21 20 19 18 31 30 29 28 27 26 25 24 23 22 21 20 19 18 17 16 29 28 27 26 25 24 23 22 21 20 19 18 17 16 15 14 29 28 27 26 25 24 23 22 21 20 19 18 17 16 15 14 26 29 26 34 30 20 21 31 34 24 18 31 33 29 28 24 30 32 21 30 35 18 31 22 19 24 25 20 22 21 21 25 19 25 32 30 23 26 24 23 26 18 31 27 28 31 22 32 19 26 31 28 27 31 21 18 28 26 19 28 22 27 21 21 21 25 27 31 29 26 27 32 30 26 30 33 28 20 22 21 28 29 24 32 27 28 27 35 25 32 20 24 29 31 21 30 26 34 30 25 34 35 32 18 34 28 32 26 29 20 23 26 18 33 32 28 21 27 35 27 34 27 27 34 28 29 35 21 27 21 23 28 30 19 23 32 22 19 18 21 24 27 25 29 27 30 28 34 30 27 23 21 24 21 29 32 28 31 24 32 19 33 33 27 25 33 34 34 25 20 22 31 24 32 23 28 27 26 23 30 26 24 30 22 21 27 18 26 20 35 18 25 19 33 27 21 22 25 23 28 26 35 31 20 32 26 26 33 19 35 32 31 22 20 28 32 30 27 30 23 20 23 30 22 27 28 32 29 24 23 30 27 30 32 30 25 23 23 33 32 26 23 25 29
itemClass_lengthVector 31 5 11 17 51 9 91 3 5 60 7 32 1 101 62 14 31 2 73 55 58 20 16 18 8 8 11 17 32 16 33 102 21 19 38 98 40 35 35 8 49 45 4 13 44 29 15 7 12 19 29 7 20 25 15 21 34 55 16 60 66 15 88 18 3 4 36 32 3 13 3 25 1 15 10 104 53 36 88 74 1 26 25 1 4 21 6 23 68 12 39 49 16 17 178 14 12 32 9 21 9 23 30 40 70 19 90 25 4 41 62 13 15 85 3 30 11 33 6 59 11 13 44 45 20 30 85 10 62 30 11 96 24 22 81 13 26 20 16 4 23 28 10 34 8 3 42 15 4 151 47 11 52 39 12 26 37 32 19 2 3 7 63 4 1 11 5 132 36 7 4 39 86 12 37 53 103 39 25 65 13 14 1 1 2 11 37 3 41 59 85 1 63 8 3 6 50 58 142 9 28 31 4 51 7 22 14 4 10 142 18 4 14 9 29 9 28 2 19 36 41 9 122 8 9 21 8 8 48 44 5 25 50 107 28 6 51 49 22 19 26 57 10 11 2 29 14 8 3 69 43 50 67 89 19 3 5 17 91 30 10 102 32 10 31 5 62 10 5 18 50 59 51 6 1 52 32 63 4 7 101 8 3 1 33 1 31 3 63 61 6 52 61 2 6 7 3 63 5 2 51 6 33 12 61 3 10 91 91 5 1 61 51 92 62 50 6 92 1 2 31 4 2 11 51 92 4 4 18 3 12 4 8 2 32 33 51 52 8 5 92 50 92 30 2 10 102 4 18 12 31 52 91 32 51 4 31 30 5 62 32 10 31 2 17 1 59 92 62 32 32 91 31 8 31 9 30 9 91 4 10 9 32 2 90 1 31 9 52 62 33 30 32 62 62 2 59 3 4 17 4 11 52 5 10 4 33 1 60 32 16 11 8 18 6 30 61 31 30 10 60 6 31 30 61 100 7 4 5 5 6 91 90 91 6 16 90 60 10 7 33 9 61 2 100 32 63 60 101 31 8 31 7 60 7 91 4 30 17 100 4 91 6 32 63 32 30 11 8 101 10 11 18 9 11 7 1 7 52 32 10 8 12 52 8 31 16 92 11 30 50 4 59 60 30 4 91 8 61 16
itemClass_demand 1 1 1 1 1 1 1 1 1 1 1 1 1 1 1 1 1 1 1 1 1 1 1 1 1 1 1 1 1 1 1 1 1 1 1 1 1 1 1 1 1 1 1 1 1 1 1 1 1 1 1 1 1 1 1 1 1 1 1 1 1 1 1 1 1 1 1 1 1 1 1 1 1 1 1 1 1 1 1 1 1 1 1 1 1 1 1 1 1 1 1 1 1 1 1 1 1 1 1 1 1 1 1 1 1 1 1 1 1 1 1 1 1 1 1 1 1 1 1 1 1 1 1 1 1 1 1 1 1 1 1 1 1 1 1 1 1 1 1 1 1 1 1 1 1 1 1 1 1 1 1 1 1 1 1 1 1 1 1 1 1 1 1 1 1 1 1 1 1 1 1 1 1 1 1 1 1 1 1 1 1 1 1 1 1 1 1 1 1 1 1 1 1 1 1 1 1 1 1 1 1 1 1 1 1 1 1 1 1 1 1 1 1 1 1 1 1 1 1 1 1 1 1 1 1 1 1 1 1 1 1 1 1 1 1 1 1 1 1 1 1 1 1 1 1 1 1 1 1 1 1 1 1 1 1 1 1 1 1 1 1 1 1 1 1 1 1 1 1 1 1 1 1 1 1 1 1 1 1 1 1 1 1 1 1 1 1 1 1 1 1 1 1 1 1 1 1 1 1 1 1 1 1 1 1 1 1 1 1 1 1 1 1 1 1 1 1 1 1 1 1 1 1 1 1 1 1 1 1 1 1 1 1 1 1 1 1 1 1 1 1 1 1 1 1 1 1 1 1 1 1 1 1 1 1 1 1 1 1 1 1 1 1 1 1 1 1 1 1 1 1 1 1 1 1 1 1 1 1 1 1 1 1 1 1 1 1 1 1 1 1 1 1 1 1 1 1 1 1 1 1 1 1 1 1 1 1 1 1 1 1 1 1 1 1 1 1 1 1 1 1 1 1 1 1 1 1 1 1 1 1 1 1 1 1 1 1 1 1 1 1 1 1 1 1 1 1 1 1 1 1 1 1 1 1 1 1 1 1 1 1 1 1 1 1 1 1 1 1 1 1 1 1 1 1 1 1 1 1 1 1 1 1 1 1 1 1 1 1 1 1 1 1 1 1 1 1 1 1 1
binNumber 10000
binClassNumber 1
binClass_widthVector 500
binClass_lengthVector 500
binClass_disponibility 1000
itemClass_weight 9610 1550 3410 5270 15810 2790 28210 930 1550 18600 2170 9920 310 31310 19220 4340 9300 600 21900 16500 17400 6000 4800 5400 2400 2400 3300 5100 9600 4800 9900 30600 6930 6270 12540 32340 13200 11550 11550 2640 16170 14850 1320 4290 14520 9570 4950 2310 4080 6460 9860 2380 6800 8500 5100 7140 11560 18700 5440 20400 22440 5100 29920 6120 870 1160 10440 9280 870 3770 870 7250 290 4350 2900 30160 15370 10440 25520 21460 290 7540 7250 290 1160 6090 1740 6670 19720 3480 11310 14210 4640 4930 51620 4060 4320 11520 3240 7560 3240 8280 10800 14400 25200 6840 32400 9000 1440 14760 22320 4680 4950 28050 990 9900 3630 10890 1980 19470 3630 4290 14520 14850 6600 9900 28050 3300 17980 8700 3190 27840 6960 6380 23490 3770 7540 5800 4640 1160 6670 8120 2900 9860 2560 960 13440 4800 1280 48320 15040 3520 16640 12480 3840 8320 11840 10240 6080 640 990 2310 20790 1320 330 3630 1650 43560 11880 2310 1320 12870 28380 3960 12210 17490 29870 11310 7250 18850 3770 4060 290 290 580 3190 10730 870 11890 17110 24650 290 20790 2640 990 1980 16500 19140 46860 2970 9240 10230 1320 16830 2310 7260 4620 1320 3100 44020 5580 1240 4340 2790 8990 2790 8680 620 5890 11160 12710 2790 37820 2480 2610 6090 2320 2320 13920 12760 1450 7250 14500 31030 8120 1740 14790 14210 6380 5510 7540 16530 2900 3190 580 8410 4060 2320 870 20010 12470 14500 19430 25810 5510 870 1620 5423 29029 10140 3350 33252 10880 3390 10292 1565 20646 3350 1615 5688 16800 18408 16575 2010 320 16640 10208 20475 1276 2345 31512 2608 1020 315 10791 326 10540 1023 19719 19703 1992 17160 18971 656 1944 2303 954 20790 1645 678 16524 1920 11022 3936 19825 936 3390 29120 30121 1655 318 20069 17136 30728 19468 16450 1968 29716 312 648 10447 1316 638 3652 16677 30360 1344 1260 5850 1014 3912 1264 2616 624 10784 11055 17442 16588 2592 1675 31096 15650 31464 10200 650 3170 32232 1276 5940 4056 9765 16796 28301 10880 16626 1304 9734 10110 1690 21204 10784 3230 10044 646 5559 342 20178 29440 20088 10784 10304 30121 9951 2720 10354 2853 9480 2916 30758 1292 3230 3069 10432 626 28350 323 10292 2817 17212 19282 10395 10230 10464 19778 19282 640 19529 948 1284 5321 1324 3465 16848 1695 3370 1304 10494 328 19620 10848 5216 3553 2616 5850 2040 10230 20374 9858 9450 3390 18660 1944 9920 9390 19764 33700 2310 1368 1685 1580 1968 30030 29970 30394 2016 5136 30240 19260 3200 2338 10560 2889 20435 638 33100 10112 20475 19380 32724 10385 2608 9703 2345 19800 2282 30394 1288 10200 5780 33600 1332 30849 1878 10112 19908 10208 9690 3531 2520 32421 3400 3751 5868 2907 3608 2247 314 2219 17472 10720 3340 2600 3768 17160 2648 9703 5408 28888 3443 9990 16650 1320 19706 19140 10170 1312 28574 2712 20862 5008
