itemNumber 190
itemClassNumber 190
itemClass_widthVector 19 18 17 16 15 14 13 12 11 10 20 19 18 17 16 15 14 13 12 11 19 18 17 16 15 14 13 12 11 10 19 18 17 16 15 14 13 12 11 10 20 19 18 17 16 15 14 13 12 11 18 17 16 15 14 13 12 11 10 9 20 19 18 17 16 15 14 13 12 11 16 15 14 13 12 11 10 9 8 7 20 19 18 17 16 15 14 13 12 11 19 18 17 16 15 14 13 12 11 10 18 13 20 13 18 20 18 19 18 19 20 19 16 17 18 15 20 20 12 14 15 15 15 18 17 20 15 13 15 19 21 14 17 13 16 17 13 19 18 20 16 16 17 19 13 20 15 17 16 17 18 15 18 15 15 17 20 21 14 18 17 18 14 18 16 16 21 20 19 18 14 16 18 17 18 16 14 13 21 16 12 19 18 18 13 19 20 16 19 18
itemClass_lengthVector 3 34 20 4 15 2 8 77 8 19 23 35 9 13 10 3 15 1 18 63 17 26 35 2 2 35 1 6 56 10 9 3 25 23 35 9 35 30 13 8 3 9 1 17 10 61 60 15 13 1 10 57 33 4 1 13 1 1 67 3 28 2 7 36 30 4 5 5 45 28 6 39 9 24 27 5 15 22 22 21 21 7 53 45 16 20 8 2 14 4 4 13 32 5 4 15 28 16 67 6 21 9 4 77 19 34 19 35 5 19 4 19 1 14 4 7 33 4 8 8 7 7 9 19 16 2 3 8 8 35 3 78 15 76 2 14 78 34 4 35 1 15 5 34 7 33 1 16 2 5 19 9 19 7 8 4 4 3 9 21 3 20 76 4 3 15 2 2 35 4 76 3 3 15 3 16 9 7 2 2 8 33 20 19 78 20 33 14 33 19
itemClass_demand 1 1 1 1 1 1 1 1 1 1 1 1 1 1 1 1 1 1 1 1 1 1 1 1 1 1 1 1 1 1 1 1 1 1 1 1 1 1 1 1 1 1 1 1 1 1 1 1 1 1 1 1 1 1 1 1 1 1 1 1 1 1 1 1 1 1 1 1 1 1 1 1 1 1 1 1 1 1 1 1 1 1 1 1 1 1 1 1 1 1 1 1 1 1 1 1 1 1 1 1 1 1 1 1 1 1 1 1 1 1 1 1 1 1 1 1 1 1 1 1 1 1 1 1 1 1 1 1 1 1 1 1 1 1 1 1 1 1 1 1 1 1 1 1 1 1 1 1 1 1 1 1 1 1 1 1 1 1 1 1 1 1 1 1 1 1 1 1 1 1 1 1 1 1 1 1 1 1 1 1 1 1 1 1 1 1 1 1 1 1
binNumber 10000
binClassNumber 1
binClass_widthVector 190
binClass_lengthVector 190
binClass_disponibility 1000
itemClass_weight 570 6460 3800 760 2850 380 1520 14630 1520 3610 4600 7000 1800 2600 2000 600 3000 200 3600 12600 3230 4940 6650 380 380 6650 190 1140 10640 1900 1710 570 4750 4370 6650 1710 6650 5700 2470 1520 600 1800 200 3400 2000 12200 12000 3000 2600 200 1800 10260 5940 720 180 2340 180 180 12060 540 5600 400 1400 7200 6000 800 1000 1000 9000 5600 960 6240 1440 3840 4320 800 2400 3520 3520 3360 4200 1400 10600 9000 3200 4000 1600 400 2800 800 760 2470 6080 950 760 2850 5320 3040 12730 1140 4137 1863 824 15785 3629 6596 3990 7070 965 3667 780 3648 204 2940 808 1379 6732 816 1656 1560 1372 1344 1728 3743 3056 390 627 1560 1664 7350 600 15054 3135 14744 410 2674 15366 7106 836 6685 204 2940 1040 6494 1379 6798 193 3104 406 1000 3724 1737 3705 1400 1624 820 808 621 1863 4368 576 4040 14820 816 594 3060 390 382 7350 764 15200 594 585 2910 576 3184 1800 1421 386 408 1680 6897 4160 3743 15366 3840 6864 2926 6402 3857
