itemNumber 500
itemClassNumber 500
itemClass_widthVector 29 28 27 26 25 24 23 22 21 20 19 18 17 16 15 14 33 32 31 30 29 28 27 26 25 24 23 22 21 20 19 18 32 31 30 29 28 27 26 25 24 23 22 21 20 19 18 17 29 28 27 26 25 24 23 22 21 20 19 18 17 16 15 14 31 30 29 28 27 26 25 24 23 22 21 20 19 18 17 16 32 31 30 29 28 27 26 25 24 23 22 21 20 19 18 17 31 30 29 28 27 26 25 24 23 22 21 20 19 18 17 16 34 33 32 31 30 29 28 27 26 25 24 23 22 21 20 19 32 31 30 29 28 27 26 25 24 23 22 21 20 19 18 17 28 27 26 25 24 23 22 21 20 19 18 17 16 15 14 13 32 31 30 29 28 27 26 25 24 23 22 21 20 19 18 17 29 28 27 26 25 24 23 22 21 20 19 18 17 16 15 14 34 33 32 31 30 29 28 27 26 25 24 23 22 21 20 19 31 30 29 28 27 26 25 24 23 22 21 20 19 18 17 16 31 30 29 28 27 26 25 24 23 22 21 20 19 18 17 16 32 31 30 29 28 27 26 25 24 23 22 21 20 19 18 17 29 26 29 17 25 25 26 31 20 22 28 31 28 26 25 21 18 24 19 20 26 29 27 23 21 28 29 24 24 26 29 28 23 23 23 23 21 20 19 22 29 21 27 18 26 23 24 17 23 32 25 23 22 23 23 29 29 25 31 17 17 17 30 27 20 30 17 25 22 23 24 28 27 24 27 18 23 27 24 30 29 31 25 19 31 16 24 25 16 20 24 22 26 31 31 31 32 23 22 19 25 26 25 17 25 20 20 22 19 24 28 19 30 19 18 29 16 25 25 25 27 17 19 20 27 18 19 16 28 17 30 30 17 25 26 19 22 29 28 25 19 18 22 18 24 27 16 17 20 28 17 17 30 20 24 32 27 27 19 24 29 19 19 25 22 18 24 17 18 30 22 31 18 28 24 23 28 25 25 32 16 20 28 31 31 21 22 30 17 19 27 24 28 24 22 27 29 19 24 31 19 26 25 26 26 26 26 29 19 20 20 24 22 27 28 24 31 28 27 30 23 30 30 30 26 16 28 26 20 20 26 26 23 23 20 18 17 22 17 30 26 23 25 27
itemClass_lengthVector 78 21 20 1 84 37 3 33 5 44 2 40 61 12 4 55 19 51 42 21 22 61 8 30 6 61 24 54 28 11 57 5 11 24 11 32 73 26 34 2 6 29 80 66 16 28 22 40 22 49 9 55 26 13 11 8 1 119 41 88 3 15 31 9 31 38 74 28 10 58 63 10 4 6 2 1 23 14 108 30 14 40 14 46 45 35 63 35 43 16 26 19 8 13 81 2 18 44 32 4 18 23 23 110 23 108 11 15 1 13 48 9 3 77 23 11 109 22 17 25 32 49 59 24 24 8 4 13 11 17 34 26 35 31 58 46 11 6 39 26 42 86 13 19 26 1 101 10 1 66 12 33 17 3 23 24 5 66 54 58 37 27 2 32 38 20 13 11 5 13 2 20 65 16 31 168 10 27 30 45 3 11 13 79 1 17 39 28 53 56 39 49 13 10 25 3 12 29 83 18 77 19 49 82 11 6 14 49 128 2 50 9 13 2 29 52 22 9 15 28 27 95 2 17 70 6 20 6 17 18 25 102 36 1 68 17 50 4 39 21 15 91 109 25 6 1 39 12 9 28 23 2 61 7 34 38 19 2 20 12 34 36 37 20 40 5 83 21 83 38 33 3 61 34 40 3 38 22 38 44 1 83 22 6 3 84 19 83 5 34 32 43 45 39 40 43 2 43 84 12 3 44 6 5 43 77 32 32 4 6 44 19 22 38 21 4 12 13 22 1 39 20 11 33 5 33 34 20 84 5 1 61 34 1 4 77 20 77 37 39 78 3 3 38 3 40 33 5 38 20 22 20 77 32 5 61 33 3 2 12 4 2 41 5 61 34 83 62 77 60 62 2 5 34 36 2 83 13 39 1 1 13 62 5 21 11 20 21 13 34 4 60 44 22 85 37 60 62 4 11 3 1 3 5 41 2 4 3 77 39 4 77 84 37 40 33 20 62 62 3 6 12 33 12 62 21 4 77 61 19 3 4 83 33 36 79 5 40 20 77 78 3 6 19 13 61 84 4 21 32 45 38 21 62 4 79 62 84 3 83 38 83 84 1 41 1 39 33 6 1 21 34 77 21 2 19 4 21 78 20 3 3 20 38 40 40 3 84 33 44 39 11 11 43 11 77 4 6 34 36
itemClass_demand 1 1 1 1 1 1 1 1 1 1 1 1 1 1 1 1 1 1 1 1 1 1 1 1 1 1 1 1 1 1 1 1 1 1 1 1 1 1 1 1 1 1 1 1 1 1 1 1 1 1 1 1 1 1 1 1 1 1 1 1 1 1 1 1 1 1 1 1 1 1 1 1 1 1 1 1 1 1 1 1 1 1 1 1 1 1 1 1 1 1 1 1 1 1 1 1 1 1 1 1 1 1 1 1 1 1 1 1 1 1 1 1 1 1 1 1 1 1 1 1 1 1 1 1 1 1 1 1 1 1 1 1 1 1 1 1 1 1 1 1 1 1 1 1 1 1 1 1 1 1 1 1 1 1 1 1 1 1 1 1 1 1 1 1 1 1 1 1 1 1 1 1 1 1 1 1 1 1 1 1 1 1 1 1 1 1 1 1 1 1 1 1 1 1 1 1 1 1 1 1 1 1 1 1 1 1 1 1 1 1 1 1 1 1 1 1 1 1 1 1 1 1 1 1 1 1 1 1 1 1 1 1 1 1 1 1 1 1 1 1 1 1 1 1 1 1 1 1 1 1 1 1 1 1 1 1 1 1 1 1 1 1 1 1 1 1 1 1 1 1 1 1 1 1 1 1 1 1 1 1 1 1 1 1 1 1 1 1 1 1 1 1 1 1 1 1 1 1 1 1 1 1 1 1 1 1 1 1 1 1 1 1 1 1 1 1 1 1 1 1 1 1 1 1 1 1 1 1 1 1 1 1 1 1 1 1 1 1 1 1 1 1 1 1 1 1 1 1 1 1 1 1 1 1 1 1 1 1 1 1 1 1 1 1 1 1 1 1 1 1 1 1 1 1 1 1 1 1 1 1 1 1 1 1 1 1 1 1 1 1 1 1 1 1 1 1 1 1 1 1 1 1 1 1 1 1 1 1 1 1 1 1 1 1 1 1 1 1 1 1 1 1 1 1 1 1 1 1 1 1 1 1 1 1 1 1 1 1 1 1 1 1 1 1 1 1 1 1 1 1 1 1 1 1 1 1 1 1 1 1 1 1 1 1 1 1 1 1 1 1 1 1 1 1 1 1 1 1 1 1 1 1 1 1 1 1 1 1 1 1 1 1 1 1 1 1 1 1 1 1
binNumber 10000
binClassNumber 1
binClass_widthVector 500
binClass_lengthVector 500
binClass_disponibility 1000
itemClass_weight 22620 6090 5800 290 24360 10730 870 9570 1450 12760 580 11600 17690 3480 1160 15950 6270 16830 13860 6930 7260 20130 2640 9900 1980 20130 7920 17820 9240 3630 18810 1650 3520 7680 3520 10240 23360 8320 10880 640 1920 9280 25600 21120 5120 8960 7040 12800 6380 14210 2610 15950 7540 3770 3190 2320 290 34510 11890 25520 870 4350 8990 2610 9610 11780 22940 8680 3100 17980 19530 3100 1240 1860 620 310 7130 4340 33480 9300 4480 12800 4480 14720 14400 11200 20160 11200 13760 5120 8320 6080 2560 4160 25920 640 5580 13640 9920 1240 5580 7130 7130 34100 7130 33480 3410 4650 310 4030 14880 2790 1020 26180 7820 3740 37060 7480 5780 8500 10880 16660 20060 8160 8160 2720 1360 4420 3520 5440 10880 8320 11200 9920 18560 14720 3520 1920 12480 8320 13440 27520 4160 6080 7280 280 28280 2800 280 18480 3360 9240 4760 840 6440 6720 1400 18480 15120 16240 11840 8640 640 10240 12160 6400 4160 3520 1600 4160 640 6400 20800 5120 9920 53760 2900 7830 8700 13050 870 3190 3770 22910 290 4930 11310 8120 15370 16240 11310 14210 4420 3400 8500 1020 4080 9860 28220 6120 26180 6460 16660 27880 3740 2040 4760 16660 39680 620 15500 2790 4030 620 8990 16120 6820 2790 4650 8680 8370 29450 620 5270 21700 1860 6200 1860 5270 5580 7750 31620 11160 310 21080 5270 15500 1240 12090 6510 4800 29120 34880 8000 1920 320 12480 3840 2880 8960 7360 640 19520 2240 10880 12160 5624 632 5980 3624 10608 10836 11322 6180 11800 1595 25232 6720 25979 11970 10296 882 19032 9928 12440 888 11172 7040 11818 13200 306 24319 6930 1884 897 26712 5833 26145 1515 10268 9568 12642 13320 12168 12360 13588 592 13674 24444 3804 957 13464 1800 1455 13373 22946 9952 10112 1268 1764 14036 6004 6402 11666 6111 1204 3516 4069 6952 304 11739 5860 3333 9669 1555 10065 10370 6280 25620 1515 299 19398 10064 309 1244 23870 5920 23485 11581 11817 22698 882 888 11476 948 12640 9834 1585 11438 6080 6402 5860 22484 9952 1595 19276 9636 933 592 3684 1232 634 12997 1510 18178 10268 26062 18972 24101 17580 18662 584 1525 10234 10692 618 24319 3874 12480 294 298 3991 19592 1525 6132 3498 5860 6258 4043 10268 1220 19020 13068 6710 24905 11322 18240 19220 1208 3278 897 314 954 1600 12382 612 1236 960 22407 11973 1224 22869 24528 10989 11760 10065 6120 18786 18352 918 1812 3492 10428 3840 18042 6195 1168 23254 18666 5681 930 1200 26228 9867 10944 23384 1475 12320 5920 23947 23946 906 1800 5605 3952 18605 25200 1204 6384 10240 13095 11704 6279 18228 1208 25201 18414 26124 876 24983 11704 25232 25704 293 12874 300 11661 9900 1776 295 6573 10574 22484 6300 636 5605 1260 6216 23010 5900 879 906 5860 11172 11640 12360 924 25872 10395 13992 12402 3289 3212 13330 3399 24332 1208 1758 10370 11160
