itemNumber 60
itemClassNumber 60
itemClass_widthVector 11 10 9 8 7 6 10 9 8 7 6 5 10 9 8 7 6 5 10 9 8 7 6 5 9 8 7 6 5 4 10 9 8 7 6 5 9 12 9 9 12 11 9 8 8 11 12 8 10 13 9 8 8 10 8 11 8 12 12 11
itemClass_lengthVector 5 4 3 30 5 13 6 4 8 36 2 4 15 17 17 6 3 2 17 22 2 11 1 7 12 1 4 6 11 26 16 16 4 1 20 3 29 3 31 31 5 5 29 4 5 3 3 6 4 4 30 6 5 3 6 4 6 4 4 4
itemClass_demand 1 1 1 1 1 1 1 1 1 1 1 1 1 1 1 1 1 1 1 1 1 1 1 1 1 1 1 1 1 1 1 1 1 1 1 1 1 1 1 1 1 1 1 1 1 1 1 1 1 1 1 1 1 1 1 1 1 1 1 1
binNumber 10000
binClassNumber 1
binClass_widthVector 60
binClass_lengthVector 60
binClass_disponibility 1000
itemClass_weight 550 440 330 3300 550 1430 600 400 800 3600 200 400 1500 1700 1700 600 300 200 1700 2200 200 1100 100 700 1080 90 360 540 990 2340 1600 1600 400 100 2000 300 3219 366 3503 3596 595 610 3480 480 575 342 363 708 476 448 3600 708 555 354 684 468 732 484 480 480
