itemNumber 90
itemClassNumber 90
itemClass_widthVector 14 13 12 11 10 9 8 13 12 11 10 9 8 7 12 11 10 9 8 7 6 12 11 10 9 8 7 6 14 13 12 11 10 9 8 13 12 11 10 9 8 7 12 11 10 9 8 7 6 14 15 15 12 14 15 10 15 10 15 11 10 16 14 16 15 12 16 11 14 12 14 10 12 15 12 15 12 15 15 14 10 14 11 13 12 16 13 10 15 11
itemClass_lengthVector 4 6 12 20 11 21 16 26 15 2 12 26 7 2 11 2 12 1 7 56 1 2 6 21 1 1 43 16 16 5 1 30 4 16 18 1 10 4 8 15 18 34 2 8 4 29 29 2 16 5 5 6 19 5 7 20 3 21 4 11 20 4 12 3 5 12 3 10 7 21 12 20 11 4 20 6 19 5 4 6 21 5 11 21 12 5 13 22 6 10
itemClass_demand 1 1 1 1 1 1 1 1 1 1 1 1 1 1 1 1 1 1 1 1 1 1 1 1 1 1 1 1 1 1 1 1 1 1 1 1 1 1 1 1 1 1 1 1 1 1 1 1 1 1 1 1 1 1 1 1 1 1 1 1 1 1 1 1 1 1 1 1 1 1 1 1 1 1 1 1 1 1 1 1 1 1 1 1 1 1 1 1 1 1
binNumber 10000
binClassNumber 1
binClass_widthVector 90
binClass_lengthVector 90
binClass_disponibility 1000
itemClass_weight 556 834 1668 2780 1529 2919 2224 3380 1950 260 1560 3380 910 260 1320 240 1440 120 840 6720 120 240 720 2520 120 120 5160 1920 2224 695 139 4170 556 2224 2502 130 1300 520 1040 1950 2340 4420 240 960 480 3480 3480 240 1920 710 720 846 2717 720 994 2940 459 3213 580 1650 2880 604 1824 429 760 1812 432 1400 1043 3129 1680 3060 1584 596 3040 870 2755 700 592 852 3108 730 1606 3108 1788 720 1911 3234 900 1510
