itemNumber 300
itemClassNumber 300
itemClass_widthVector 22 21 20 19 18 17 16 15 14 13 12 11 10 24 23 22 21 20 19 18 17 16 15 14 13 12 25 24 23 22 21 20 19 18 17 16 15 14 13 21 20 19 18 17 16 15 14 13 12 11 10 9 23 22 21 20 19 18 17 16 15 14 13 12 11 25 24 23 22 21 20 19 18 17 16 15 14 13 23 22 21 20 19 18 17 16 15 14 13 12 11 25 24 23 22 21 20 19 18 17 16 15 14 13 20 19 18 17 16 15 14 13 12 11 10 9 8 25 24 23 22 21 20 19 18 17 16 15 14 13 21 20 19 18 17 16 15 14 13 12 11 10 9 23 22 21 20 19 18 17 16 15 14 13 12 11 23 22 21 20 19 18 17 16 15 14 13 12 11 14 15 24 21 14 13 15 18 20 13 13 24 13 12 21 13 13 20 17 19 23 12 14 13 16 12 19 23 14 23 22 23 19 24 17 14 22 20 17 16 19 14 18 17 12 13 19 22 14 19 16 24 16 23 23 15 16 16 16 14 12 21 12 15 15 22 20 18 17 16 25 17 20 16 14 16 18 24 19 12 14 20 13 23 20 16 18 24 17 24 19 17 19 15 25 15 22 16 18 25 20 16 23 23 18 20 21 19 24 24 24 25 16 15 19 24 13 21 18 13 15 17 13 23 13 23 23 13 20 24 18
itemClass_lengthVector 78 21 20 1 80 4 37 3 24 9 5 1 17 19 31 20 42 21 22 33 10 18 8 30 6 40 11 22 2 11 32 73 26 34 2 6 28 1 52 22 49 9 22 33 15 11 13 11 8 1 15 91 11 1 19 38 74 19 9 10 12 46 12 46 3 14 40 14 46 9 15 16 5 9 26 63 35 8 18 26 18 32 4 18 23 4 19 13 97 23 5 3 14 63 23 11 34 75 11 11 17 4 21 13 11 17 31 3 26 35 31 21 37 46 11 6 25 4 22 1 101 10 1 66 12 33 17 3 23 7 37 44 17 38 20 6 7 11 5 13 2 20 80 10 27 75 14 13 23 29 24 1 20 19 20 25 3 20 25 5 21 47 43 36 43 27 3 16 11 10 25 79 19 4 1 9 36 1 2 5 21 2 1 1 2 1 79 36 3 20 2 10 1 2 2 79 19 4 78 22 21 4 78 37 6 21 79 4 25 4 6 5 4 1 6 5 22 6 81 3 20 25 21 77 24 24 4 2 8 1 2 1 8 25 19 79 37 4 2 77 2 2 25 9 2 5 21 4 2 8 1 1 20 2 3 36 78 37 79 4 36 80 23 77 23 22 2 37 79 1 2 21 20 3 80 2 5 20 22 20 77 2 24 4 78 5 20 38 5 24 37 1 21 2 77 78 6 2 78 4
itemClass_demand 1 1 1 1 1 1 1 1 1 1 1 1 1 1 1 1 1 1 1 1 1 1 1 1 1 1 1 1 1 1 1 1 1 1 1 1 1 1 1 1 1 1 1 1 1 1 1 1 1 1 1 1 1 1 1 1 1 1 1 1 1 1 1 1 1 1 1 1 1 1 1 1 1 1 1 1 1 1 1 1 1 1 1 1 1 1 1 1 1 1 1 1 1 1 1 1 1 1 1 1 1 1 1 1 1 1 1 1 1 1 1 1 1 1 1 1 1 1 1 1 1 1 1 1 1 1 1 1 1 1 1 1 1 1 1 1 1 1 1 1 1 1 1 1 1 1 1 1 1 1 1 1 1 1 1 1 1 1 1 1 1 1 1 1 1 1 1 1 1 1 1 1 1 1 1 1 1 1 1 1 1 1 1 1 1 1 1 1 1 1 1 1 1 1 1 1 1 1 1 1 1 1 1 1 1 1 1 1 1 1 1 1 1 1 1 1 1 1 1 1 1 1 1 1 1 1 1 1 1 1 1 1 1 1 1 1 1 1 1 1 1 1 1 1 1 1 1 1 1 1 1 1 1 1 1 1 1 1 1 1 1 1 1 1 1 1 1 1 1 1 1 1 1 1 1 1 1 1 1 1 1 1 1 1 1 1 1 1 1 1 1 1 1 1 1 1 1 1 1 1
binNumber 10000
binClassNumber 1
binClass_widthVector 300
binClass_lengthVector 300
binClass_disponibility 1000
itemClass_weight 17160 4620 4400 220 17600 880 8140 660 5280 1980 1100 220 3740 4560 7440 4800 10080 5040 5280 7920 2400 4320 1920 7200 1440 9600 2750 5500 500 2750 8000 18250 6500 8500 500 1500 7000 250 13000 4620 10290 1890 4620 6930 3150 2310 2730 2310 1680 210 3150 19110 2530 230 4370 8740 17020 4370 2070 2300 2760 10580 2760 10580 690 3500 10000 3500 11500 2250 3750 4000 1250 2250 6500 15750 8750 2000 4140 5980 4140 7360 920 4140 5290 920 4370 2990 22310 5290 1150 750 3500 15750 5750 2750 8500 18750 2750 2750 4250 1000 5250 3250 2200 3400 6200 600 5200 7000 6200 4200 7400 9200 2200 1200 5000 1000 5500 250 25250 2500 250 16500 3000 8250 4250 750 5750 1750 7770 9240 3570 7980 4200 1260 1470 2310 1050 2730 420 4200 16800 2300 6210 17250 3220 2990 5290 6670 5520 230 4600 4370 4600 5750 690 4600 5750 1150 4830 10810 9890 8280 9890 6210 690 3680 2530 2240 5950 18881 4294 960 232 2142 8532 234 450 1130 4956 478 229 228 484 227 18644 8604 708 4720 470 2360 222 482 454 18091 4617 904 18252 4928 4662 884 18252 8399 1398 4704 17696 896 6050 968 1344 1210 888 241 1356 1120 5082 1428 19035 729 4520 5800 4893 18172 5832 5592 928 458 1912 243 484 239 1816 5975 4408 18486 8917 968 482 17556 454 444 5600 2025 442 1185 4641 928 446 1848 234 231 4460 466 714 8280 18954 8695 18328 960 8172 18800 5221 17941 5175 5170 442 8658 17538 233 456 4767 4480 690 18880 442 1155 4680 4862 4460 17094 482 5664 968 18720 1150 4740 9044 1165 5568 8695 229 5040 472 18711 18954 1386 480 18798 892
