itemNumber 500
itemClassNumber 500
itemClass_widthVector 30 29 28 27 26 25 24 23 22 21 20 19 18 17 16 15 31 30 29 28 27 26 25 24 23 22 21 20 19 18 17 16 32 31 30 29 28 27 26 25 24 23 22 21 20 19 18 17 30 29 28 27 26 25 24 23 22 21 20 19 18 17 16 15 31 30 29 28 27 26 25 24 23 22 21 20 19 18 17 16 34 33 32 31 30 29 28 27 26 25 24 23 22 21 20 19 29 28 27 26 25 24 23 22 21 20 19 18 17 16 15 14 29 28 27 26 25 24 23 22 21 20 19 18 17 16 15 14 30 29 28 27 26 25 24 23 22 21 20 19 18 17 16 15 30 29 28 27 26 25 24 23 22 21 20 19 18 17 16 15 35 34 33 32 31 30 29 28 27 26 25 24 23 22 21 20 33 32 31 30 29 28 27 26 25 24 23 22 21 20 19 18 31 30 29 28 27 26 25 24 23 22 21 20 19 18 17 16 32 31 30 29 28 27 26 25 24 23 22 21 20 19 18 17 34 33 32 31 30 29 28 27 26 25 24 23 22 21 20 19 29 28 27 26 25 24 23 22 21 20 19 18 17 16 15 14 24 30 17 32 26 32 28 33 19 17 24 20 32 32 20 24 29 29 20 29 19 28 32 20 31 20 18 18 25 29 32 26 29 21 21 26 23 26 26 27 26 26 17 33 20 29 29 30 31 26 24 25 18 24 19 20 25 19 24 21 29 25 24 21 34 27 19 27 25 21 27 31 26 28 27 29 24 32 27 29 26 30 26 24 31 22 31 28 24 17 24 26 27 20 27 17 18 28 25 31 25 21 31 24 20 28 21 31 31 21 29 25 18 18 28 17 34 30 33 25 24 20 20 33 31 28 32 29 22 29 27 21 31 22 29 27 25 23 30 31 18 17 27 29 29 20 18 26 18 23 17 28 25 25 18 26 24 24 29 20 19 25 17 27 20 19 18 22 20 29 31 17 25 25 28 23 28 27 28 23 28 27 34 18 23 24 30 20 33 33 29 29 28 24 32 29 21 20 21 25 31 27 24 29 23 19 32 25 32 27 19 19 30 20 21 28 29 18 17 26 18 24 31 25 30 22 33 25 17 21 26 26 27 32 27 27 27 23 23 26 20 20 26 19
itemClass_lengthVector 11 35 53 21 80 7 26 3 13 1 4 40 95 37 34 40 20 13 40 34 144 14 12 21 13 22 27 54 48 1 22 15 37 76 33 31 6 77 2 9 9 57 23 54 25 24 5 32 7 7 46 23 21 50 22 19 145 52 1 15 29 41 21 1 9 24 39 5 2 19 77 23 52 9 51 53 51 54 12 20 43 13 7 17 23 12 81 36 11 12 43 12 60 35 11 84 12 36 139 35 36 13 37 6 22 27 21 3 38 40 31 4 152 3 10 18 82 56 13 46 22 12 12 10 23 24 8 9 36 24 24 54 1 2 9 65 41 64 56 24 23 2 19 56 12 12 20 27 17 10 101 20 72 22 23 64 3 63 6 28 19 15 80 5 33 12 4 16 83 41 64 9 24 13 78 4 27 3 26 32 3 11 66 117 2 41 49 7 19 20 62 15 148 65 11 6 67 3 15 27 10 4 22 39 38 5 20 20 15 2 1 46 86 2 26 13 2 9 58 59 39 87 39 16 87 34 57 9 4 1 28 25 51 35 50 5 28 18 46 22 134 14 1 3 55 22 4 22 45 23 14 14 29 51 10 59 14 54 33 11 6 12 81 10 36 33 12 96 35 34 96 1 80 20 95 52 38 81 11 41 36 40 33 35 4 54 34 8 20 5 39 3 3 25 7 27 3 3 33 12 40 52 79 20 34 27 4 4 33 4 96 96 4 96 2 39 81 27 12 40 12 79 38 81 12 4 25 52 8 21 25 79 4 35 80 21 2 52 26 14 35 5 52 21 2 33 12 6 8 40 25 33 36 81 4 35 3 39 12 14 40 81 5 36 12 39 21 14 36 38 21 34 10 54 11 27 1 40 40 12 53 20 12 80 4 81 7 39 36 2 80 79 4 5 20 54 34 35 27 21 80 96 38 27 34 3 35 22 26 13 37 27 3 1 53 39 36 12 33 80 40 36 38 2 39 80 54 35 25 3 22 2 81 80 21 13 79 7 10 36 12 2 53 41 12 12 80 80 20 3 35 80 3 95 40 4 35 7 3 20 5 94 10 3 35 7 38 37 53 41 39 22 54 34 33 26 37 1 34 2 34 3 11 12 34 4 4 26 8 10 79 79 81 1 3 26 40 40 2 94
itemClass_demand 1 1 1 1 1 1 1 1 1 1 1 1 1 1 1 1 1 1 1 1 1 1 1 1 1 1 1 1 1 1 1 1 1 1 1 1 1 1 1 1 1 1 1 1 1 1 1 1 1 1 1 1 1 1 1 1 1 1 1 1 1 1 1 1 1 1 1 1 1 1 1 1 1 1 1 1 1 1 1 1 1 1 1 1 1 1 1 1 1 1 1 1 1 1 1 1 1 1 1 1 1 1 1 1 1 1 1 1 1 1 1 1 1 1 1 1 1 1 1 1 1 1 1 1 1 1 1 1 1 1 1 1 1 1 1 1 1 1 1 1 1 1 1 1 1 1 1 1 1 1 1 1 1 1 1 1 1 1 1 1 1 1 1 1 1 1 1 1 1 1 1 1 1 1 1 1 1 1 1 1 1 1 1 1 1 1 1 1 1 1 1 1 1 1 1 1 1 1 1 1 1 1 1 1 1 1 1 1 1 1 1 1 1 1 1 1 1 1 1 1 1 1 1 1 1 1 1 1 1 1 1 1 1 1 1 1 1 1 1 1 1 1 1 1 1 1 1 1 1 1 1 1 1 1 1 1 1 1 1 1 1 1 1 1 1 1 1 1 1 1 1 1 1 1 1 1 1 1 1 1 1 1 1 1 1 1 1 1 1 1 1 1 1 1 1 1 1 1 1 1 1 1 1 1 1 1 1 1 1 1 1 1 1 1 1 1 1 1 1 1 1 1 1 1 1 1 1 1 1 1 1 1 1 1 1 1 1 1 1 1 1 1 1 1 1 1 1 1 1 1 1 1 1 1 1 1 1 1 1 1 1 1 1 1 1 1 1 1 1 1 1 1 1 1 1 1 1 1 1 1 1 1 1 1 1 1 1 1 1 1 1 1 1 1 1 1 1 1 1 1 1 1 1 1 1 1 1 1 1 1 1 1 1 1 1 1 1 1 1 1 1 1 1 1 1 1 1 1 1 1 1 1 1 1 1 1 1 1 1 1 1 1 1 1 1 1 1 1 1 1 1 1 1 1 1 1 1 1 1 1 1 1 1 1 1 1 1 1 1 1 1 1 1 1 1 1 1 1 1 1 1 1 1 1 1 1 1 1 1 1 1 1 1 1 1 1 1 1 1 1
binNumber 10000
binClassNumber 1
binClass_widthVector 500
binClass_lengthVector 500
binClass_disponibility 1000
itemClass_weight 3300 10500 15900 6300 24000 2100 7800 900 3900 300 1200 12000 28500 11100 10200 12000 6200 4030 12400 10540 44640 4340 3720 6510 4030 6820 8370 16740 14880 310 6820 4650 11840 24320 10560 9920 1920 24640 640 2880 2880 18240 7360 17280 8000 7680 1600 10240 2100 2100 13800 6900 6300 15000 6600 5700 43500 15600 300 4500 8700 12300 6300 300 2790 7440 12090 1550 620 5890 23870 7130 16120 2790 15810 16430 15810 16740 3720 6200 14620 4420 2380 5780 7820 4080 27540 12240 3740 4080 14620 4080 20400 11900 3740 28560 3480 10440 40310 10150 10440 3770 10730 1740 6380 7830 6090 870 11020 11600 8990 1160 44080 870 2900 5220 23780 16240 3770 13340 6380 3480 3480 2900 6670 6960 2320 2610 10800 7200 7200 16200 300 600 2700 19500 12300 19200 16800 7200 6900 600 5700 16800 3600 3600 6000 8100 5100 3000 30300 6000 21600 6600 6900 19200 900 18900 1800 8400 6650 5250 28000 1750 11550 4200 1400 5600 29050 14350 22400 3150 8400 4550 27300 1400 8910 990 8580 10560 990 3630 21780 38610 660 13530 16170 2310 6270 6600 20460 4950 45880 20150 3410 1860 20770 930 4650 8370 3100 1240 6820 12090 11780 1550 6200 6200 4800 640 320 14720 27520 640 8320 4160 640 2880 18560 18880 12480 27840 12480 5120 29580 11560 19380 3060 1360 340 9520 8500 17340 11900 17000 1700 9520 6120 15640 7480 38860 4060 290 870 15950 6380 1160 6380 13050 6670 4060 4060 8410 14790 2900 17110 4298 16686 9933 3421 1944 3828 24381 3110 11088 10461 3960 31584 10675 10982 31680 302 25760 6060 30685 16276 11742 25920 3553 12587 10980 12840 10296 11550 1280 17064 11084 2544 6480 1555 11817 915 960 7825 2128 8856 903 969 10725 3744 12800 16380 23779 6600 10608 8910 1324 1284 10791 1316 30432 31776 1316 29184 652 12636 26811 8505 3672 12680 3840 25122 11970 25596 3636 1224 7600 16432 2584 6825 7800 25043 1276 10920 24320 6699 656 15860 8372 4480 11585 1635 15912 6489 654 10923 3960 1902 2648 12320 7600 9999 11376 24543 1324 11550 948 12831 3612 4494 12960 24462 1600 11916 3624 11895 6846 4368 11808 12046 6741 10438 3110 16632 3487 8856 321 12040 12680 3816 16960 6460 3744 26480 1292 24705 2240 12753 11916 656 24320 25201 1316 1585 6020 16308 10812 11375 8937 6825 26480 30336 12426 8478 10880 981 11410 6886 8034 3913 11618 8856 948 330 17384 11973 11484 3960 10626 24400 12480 11700 12312 644 12168 24720 16308 11375 8225 939 6864 622 24705 24240 6804 4095 25833 2114 3250 11088 3792 610 17384 13366 3720 3636 26240 24640 6160 984 11515 26400 969 30590 12520 1268 10955 2170 972 6060 1510 30926 3170 921 11480 2135 11856 12173 15953 12341 12402 7194 16524 10710 10626 8320 11322 315 11016 618 10540 933 3322 3660 11016 1236 1320 8502 2488 3130 24490 24964 25920 305 984 7852 12760 13040 614 28576
