itemNumber 60
itemClassNumber 60
itemClass_widthVector 11 10 9 8 7 6 10 9 8 7 6 5 12 11 10 9 8 7 9 8 7 6 5 4 9 8 7 6 5 4 9 8 7 6 5 4 10 12 8 10 9 9 10 9 9 12 10 9 9 9 9 11 11 9 10 8 8 8 9 9
itemClass_lengthVector 4 20 9 5 21 1 4 2 10 12 8 24 3 6 10 17 19 5 13 11 13 1 3 19 21 3 6 8 12 10 22 10 2 13 10 3 8 5 21 10 4 6 10 6 5 4 8 5 5 6 5 19 21 6 8 21 22 21 4 4
itemClass_demand 1 1 1 1 1 1 1 1 1 1 1 1 1 1 1 1 1 1 1 1 1 1 1 1 1 1 1 1 1 1 1 1 1 1 1 1 1 1 1 1 1 1 1 1 1 1 1 1 1 1 1 1 1 1 1 1 1 1 1 1
binNumber 10000
binClassNumber 1
binClass_widthVector 60
binClass_lengthVector 60
binClass_disponibility 1000
itemClass_weight 440 2200 990 550 2310 110 400 200 1000 1200 800 2400 360 720 1200 2040 2280 600 1170 990 1170 90 270 1710 1890 270 540 720 1080 900 1980 900 180 1170 900 270 936 595 2562 1200 460 666 1150 666 600 456 936 565 565 732 570 2147 2331 690 936 2373 2596 2457 484 448
