itemNumber 190
itemClassNumber 190
itemClass_widthVector 18 17 16 15 14 13 12 11 10 9 20 19 18 17 16 15 14 13 12 11 17 16 15 14 13 12 11 10 9 8 20 19 18 17 16 15 14 13 12 11 21 20 19 18 17 16 15 14 13 12 18 17 16 15 14 13 12 11 10 9 18 17 16 15 14 13 12 11 10 9 20 19 18 17 16 15 14 13 12 11 21 20 19 18 17 16 15 14 13 12 17 16 15 14 13 12 11 10 9 8 18 17 14 17 14 15 15 16 14 19 12 17 17 19 14 19 19 12 12 16 13 17 19 13 18 17 13 16 14 14 11 18 15 17 13 18 15 16 12 14 19 19 15 13 19 16 13 14 16 18 18 17 16 20 14 12 20 18 17 12 18 18 14 19 16 15 19 16 13 14 11 14 14 19 19 17 18 17 12 18 11 16 20 13 13 14 17 16 19 17
itemClass_lengthVector 27 6 19 2 28 24 10 6 27 41 9 13 3 24 3 13 8 6 99 12 36 36 5 9 68 5 7 12 7 5 14 16 15 5 8 31 23 21 23 34 4 15 5 4 3 55 31 26 4 43 7 21 5 2 36 9 28 27 36 19 1 21 14 10 3 66 10 38 3 24 16 10 45 2 23 4 2 17 70 1 1 10 15 27 2 49 52 3 18 13 1 23 28 7 16 7 36 8 23 41 6 19 24 2 10 29 28 2 25 7 26 3 18 28 24 5 5 5 6 29 6 18 5 5 5 3 5 3 24 24 28 5 28 3 11 18 27 1 28 23 27 27 24 11 26 3 9 11 28 6 7 20 2 26 11 26 26 18 19 27 5 20 25 27 29 27 5 28 11 9 28 25 9 28 28 2 7 2 5 5 28 1 26 7 5 25 20 2 28 1
itemClass_demand 1 1 1 1 1 1 1 1 1 1 1 1 1 1 1 1 1 1 1 1 1 1 1 1 1 1 1 1 1 1 1 1 1 1 1 1 1 1 1 1 1 1 1 1 1 1 1 1 1 1 1 1 1 1 1 1 1 1 1 1 1 1 1 1 1 1 1 1 1 1 1 1 1 1 1 1 1 1 1 1 1 1 1 1 1 1 1 1 1 1 1 1 1 1 1 1 1 1 1 1 1 1 1 1 1 1 1 1 1 1 1 1 1 1 1 1 1 1 1 1 1 1 1 1 1 1 1 1 1 1 1 1 1 1 1 1 1 1 1 1 1 1 1 1 1 1 1 1 1 1 1 1 1 1 1 1 1 1 1 1 1 1 1 1 1 1 1 1 1 1 1 1 1 1 1 1 1 1 1 1 1 1 1 1 1 1 1 1 1 1
binNumber 10000
binClassNumber 1
binClass_widthVector 190
binClass_lengthVector 190
binClass_disponibility 1000
itemClass_weight 4860 1080 3420 360 5040 4320 1800 1080 4860 7380 1800 2600 600 4800 600 2600 1600 1200 19800 2400 6120 6120 850 1530 11560 850 1190 2040 1190 850 2800 3200 3000 1000 1600 6200 4600 4200 4600 6800 840 3150 1050 840 630 11550 6510 5460 840 9030 1260 3780 900 360 6480 1620 5040 4860 6480 3420 180 3780 2520 1800 540 11880 1800 6840 540 4320 3200 2000 9000 400 4600 800 400 3400 14000 200 210 2100 3150 5670 420 10290 10920 630 3780 2730 170 3910 4760 1190 2720 1190 6120 1360 3910 6970 1188 3515 4344 376 1970 5684 5460 384 4950 1274 5018 588 3402 5208 4584 945 915 980 1110 5394 1110 3420 965 990 950 582 985 594 4344 4560 5516 920 5544 585 2046 3582 5103 198 5432 4531 5319 5103 4752 2112 4836 585 1683 2013 5348 1110 1344 3720 368 5122 2101 4732 4836 3330 3534 5049 905 3800 4725 5157 5655 4914 970 5124 1991 1629 5068 4900 1773 5152 5460 396 1281 390 975 995 5544 190 5174 1365 920 4750 3640 394 5152 195
