itemNumber 400
itemClassNumber 400
itemClass_widthVector 27 26 25 24 23 22 21 20 19 18 17 16 15 14 13 24 23 22 21 20 19 18 17 16 15 14 13 12 11 10 28 27 26 25 24 23 22 21 20 19 18 17 16 15 14 25 24 23 22 21 20 19 18 17 16 15 14 13 12 11 28 27 26 25 24 23 22 21 20 19 18 17 16 15 14 28 27 26 25 24 23 22 21 20 19 18 17 16 15 14 29 28 27 26 25 24 23 22 21 20 19 18 17 16 15 27 26 25 24 23 22 21 20 19 18 17 16 15 14 13 28 27 26 25 24 23 22 21 20 19 18 17 16 15 14 26 25 24 23 22 21 20 19 18 17 16 15 14 13 12 23 22 21 20 19 18 17 16 15 14 13 12 11 10 9 29 28 27 26 25 24 23 22 21 20 19 18 17 16 15 26 25 24 23 22 21 20 19 18 17 16 15 14 13 12 28 27 26 25 24 23 22 21 20 19 18 17 16 15 14 24 23 22 21 20 19 18 17 16 15 14 13 12 11 10 29 22 23 26 19 20 27 15 26 22 29 19 16 23 27 17 28 25 18 18 16 20 22 16 19 30 18 27 25 22 23 23 27 27 22 25 28 28 17 18 15 19 18 25 25 23 25 26 21 18 20 22 18 30 25 25 28 29 29 23 28 18 20 16 26 17 21 19 30 15 24 17 28 23 16 30 28 24 23 16 18 28 28 22 16 27 26 24 16 27 24 30 26 23 19 20 18 22 23 19 28 23 28 28 20 24 25 21 17 16 22 27 28 28 17 23 17 30 19 23 29 23 18 16 27 30 24 29 16 30 27 26 15 20 24 29 28 19 25 18 28 16 28 28 20 26 20 26 26 29 19 27 19 28 15 27 27 16 25 27 20 25 19 27 23 18 23 30 26 24 23 29 16 23 18
itemClass_lengthVector 7 20 26 5 23 46 1 63 4 46 38 15 39 42 25 85 1 8 7 1 3 44 4 8 36 80 44 27 6 46 10 2 18 61 4 37 30 22 23 35 5 110 4 23 16 19 28 9 20 31 45 23 11 3 33 41 39 11 71 16 17 12 46 47 7 43 5 39 18 19 52 22 7 46 20 58 18 65 9 13 31 13 26 8 5 4 18 85 21 26 6 86 37 7 15 24 68 38 17 35 21 13 28 2 3 41 45 2 14 43 41 28 31 27 44 28 11 14 5 26 19 38 12 24 7 63 17 15 18 26 9 33 33 26 60 67 84 23 7 9 20 5 25 23 13 4 9 9 31 71 82 34 18 16 45 2 23 2 24 7 52 1 57 17 20 7 12 2 49 55 1 15 10 50 42 3 5 22 14 113 2 17 37 12 62 50 5 49 46 4 19 47 2 30 18 74 5 6 62 13 10 72 3 10 21 6 17 33 24 44 57 6 6 8 17 1 18 37 75 88 2 16 31 3 35 20 63 45 22 39 5 21 42 5 1 8 47 41 1 21 15 26 6 38 16 41 47 1 42 38 8 14 19 4 64 1 1 19 25 1 22 26 7 39 14 41 38 37 6 6 2 22 22 62 37 46 62 38 8 45 5 8 7 6 1 6 16 3 38 27 14 4 46 7 41 23 39 25 62 39 7 8 23 1 40 37 27 8 1 39 20 23 22 40 19 46 6 26 45 45 5 14 1 46 46 8 63 19 6 45 46 5 5 38 38 63 25 6 21 39 64 38 6 47 1 8 2 16 40 26 8 23 20 43 7 19 23 43 3 47 8 27 39 45 16 19 39 21 25 47 5 45 22 26 20 47 5 39 19 43 5 6 39 6 20 45 45 47 19 46 39 2 6 27 1 64 6 40 1 39
itemClass_demand 1 1 1 1 1 1 1 1 1 1 1 1 1 1 1 1 1 1 1 1 1 1 1 1 1 1 1 1 1 1 1 1 1 1 1 1 1 1 1 1 1 1 1 1 1 1 1 1 1 1 1 1 1 1 1 1 1 1 1 1 1 1 1 1 1 1 1 1 1 1 1 1 1 1 1 1 1 1 1 1 1 1 1 1 1 1 1 1 1 1 1 1 1 1 1 1 1 1 1 1 1 1 1 1 1 1 1 1 1 1 1 1 1 1 1 1 1 1 1 1 1 1 1 1 1 1 1 1 1 1 1 1 1 1 1 1 1 1 1 1 1 1 1 1 1 1 1 1 1 1 1 1 1 1 1 1 1 1 1 1 1 1 1 1 1 1 1 1 1 1 1 1 1 1 1 1 1 1 1 1 1 1 1 1 1 1 1 1 1 1 1 1 1 1 1 1 1 1 1 1 1 1 1 1 1 1 1 1 1 1 1 1 1 1 1 1 1 1 1 1 1 1 1 1 1 1 1 1 1 1 1 1 1 1 1 1 1 1 1 1 1 1 1 1 1 1 1 1 1 1 1 1 1 1 1 1 1 1 1 1 1 1 1 1 1 1 1 1 1 1 1 1 1 1 1 1 1 1 1 1 1 1 1 1 1 1 1 1 1 1 1 1 1 1 1 1 1 1 1 1 1 1 1 1 1 1 1 1 1 1 1 1 1 1 1 1 1 1 1 1 1 1 1 1 1 1 1 1 1 1 1 1 1 1 1 1 1 1 1 1 1 1 1 1 1 1 1 1 1 1 1 1 1 1 1 1 1 1 1 1 1 1 1 1 1 1 1 1 1 1 1 1 1 1 1 1 1 1 1 1 1 1 1 1 1 1 1 1 1 1 1 1 1 1 1 1 1 1 1 1
binNumber 10000
binClassNumber 1
binClass_widthVector 400
binClass_lengthVector 400
binClass_disponibility 1000
itemClass_weight 1890 5400 7020 1350 6210 12420 270 17010 1080 12420 10260 4050 10530 11340 6750 20400 240 1920 1680 240 720 10560 960 1920 8640 19200 10560 6480 1440 11040 2800 560 5040 17080 1120 10360 8400 6160 6440 9800 1400 30800 1120 6440 4480 4750 7000 2250 5000 7750 11250 5750 2750 750 8250 10250 9750 2750 17750 4000 4760 3360 12880 13160 1960 12040 1400 10920 5040 5320 14560 6160 1960 12880 5600 16240 5040 18200 2520 3640 8680 3640 7280 2240 1400 1120 5040 23800 5880 7280 1740 24940 10730 2030 4350 6960 19720 11020 4930 10150 6090 3770 8120 580 870 11070 12150 540 3780 11610 11070 7560 8370 7290 11880 7560 2970 3780 1350 7020 5320 10640 3360 6720 1960 17640 4760 4200 5040 7280 2520 9240 9240 7280 16800 17420 21840 5980 1820 2340 5200 1300 6500 5980 3380 1040 2340 2340 8060 18460 18860 7820 4140 3680 10350 460 5290 460 5520 1610 11960 230 13110 3910 4600 2030 3480 580 14210 15950 290 4350 2900 14500 12180 870 1450 6380 4060 32770 520 4420 9620 3120 16120 13000 1300 12740 11960 1040 4940 12220 520 7800 4680 20720 1400 1680 17360 3640 2800 20160 840 2800 5880 1680 4760 9240 6720 12320 13680 1440 1440 1920 4080 240 4320 8880 18000 21120 480 3840 7440 720 8400 5800 18333 13185 6402 11232 1395 5859 12432 1470 293 2184 12831 11398 281 6048 4470 7696 1638 10450 4512 11521 13912 294 12432 10906 2216 3822 5244 1144 17344 290 285 5529 7450 288 6534 7228 1974 10608 4004 12136 10830 10064 1734 1740 584 6204 6446 17112 10767 12466 18290 10336 2312 12285 1430 2328 2072 1782 291 1656 4432 843 10944 8046 3990 1136 13524 1995 11275 6785 10959 6825 16926 10881 1946 2368 6279 295 11200 10545 7992 2344 296 10959 5500 6463 6336 10840 5643 13340 1704 7306 13005 12555 1455 4130 281 13110 13110 2304 17073 5548 1632 13185 12742 1400 1475 10716 11020 17325 7075 1698 5817 11388 17472 11134 1740 13959 292 2296 576 4560 11520 7514 2216 6233 5780 12040 1946 5548 6808 12298 834 13301 2264 7479 11037 12960 4448 5320 10764 6195 6825 13348 1435 12780 6182 7150 5760 13348 1370 11466 5225 12083 1415 1782 10569 1644 5640 13230 12960 13254 5263 13110 10842 566 1692 7722 273 17920 1692 11240 286 11271
