itemNumber 200
itemClassNumber 200
itemClass_widthVector 20 19 18 17 16 15 14 13 12 11 10 20 19 18 17 16 15 14 13 12 11 10 18 17 16 15 14 13 12 11 10 9 8 18 17 16 15 14 13 12 11 10 9 8 18 17 16 15 14 13 12 11 10 9 8 18 17 16 15 14 13 12 11 10 9 8 18 17 16 15 14 13 12 11 10 9 8 16 15 14 13 12 11 10 9 8 7 6 18 17 16 15 14 13 12 11 10 9 8 19 18 17 16 15 14 13 12 11 10 9 17 16 15 14 13 12 11 10 9 8 7 20 14 13 20 18 18 19 12 14 14 19 12 19 18 16 15 14 14 19 19 13 16 23 12 17 18 16 14 15 20 20 14 20 17 15 16 15 14 13 13 17 15 20 23 21 13 17 17 13 19 19 15 17 16 17 16 20 20 13 19 12 15 13 22 20 18 17 21 16 16 21 15 18 17 21 19 20 20 17
itemClass_lengthVector 8 22 14 69 7 6 7 30 22 5 10 18 7 30 8 17 1 6 66 18 20 9 34 17 16 55 1 7 1 24 17 24 4 18 30 17 19 9 19 9 27 43 8 1 21 63 13 5 3 23 7 3 10 35 17 69 6 23 3 2 5 8 46 4 12 22 13 9 7 6 10 10 60 21 15 17 32 21 16 29 13 49 2 4 19 28 15 4 26 9 25 4 9 6 9 25 46 6 35 4 8 32 1 4 9 2 11 8 109 12 57 2 17 10 8 7 30 15 7 9 38 21 21 4 23 8 8 14 4 29 30 70 6 15 69 6 8 22 31 15 15 23 7 8 4 7 70 8 29 6 22 14 21 14 6 7 7 6 29 5 22 7 6 22 9 8 5 5 7 6 15 15 7 7 6 6 5 15 23 23 70 5 29 4 9 13 69 6 21 7 5 8 7 70 6 21 68 23 15 7
itemClass_demand 1 1 1 1 1 1 1 1 1 1 1 1 1 1 1 1 1 1 1 1 1 1 1 1 1 1 1 1 1 1 1 1 1 1 1 1 1 1 1 1 1 1 1 1 1 1 1 1 1 1 1 1 1 1 1 1 1 1 1 1 1 1 1 1 1 1 1 1 1 1 1 1 1 1 1 1 1 1 1 1 1 1 1 1 1 1 1 1 1 1 1 1 1 1 1 1 1 1 1 1 1 1 1 1 1 1 1 1 1 1 1 1 1 1 1 1 1 1 1 1 1 1 1 1 1 1 1 1 1 1 1 1 1 1 1 1 1 1 1 1 1 1 1 1 1 1 1 1 1 1 1 1 1 1 1 1 1 1 1 1 1 1 1 1 1 1 1 1 1 1 1 1 1 1 1 1 1 1 1 1 1 1 1 1 1 1 1 1 1 1 1 1 1 1 1 1 1 1 1 1
binNumber 10000
binClassNumber 1
binClass_widthVector 200
binClass_lengthVector 200
binClass_disponibility 1000
itemClass_weight 1600 4400 2800 13800 1400 1200 1400 6000 4400 1000 2000 3600 1400 6000 1600 3400 200 1200 13200 3600 4000 1800 6120 3060 2880 9900 180 1260 180 4320 3060 4320 720 3240 5400 3060 3420 1620 3420 1620 4860 7740 1440 180 3780 11340 2340 900 540 4140 1260 540 1800 6300 3060 12420 1080 4140 540 360 900 1440 8280 720 2160 3960 2340 1620 1260 1080 1800 1800 10800 3780 2700 3060 5760 3360 2560 4640 2080 7840 320 640 3040 4480 2400 640 4680 1620 4500 720 1620 1080 1620 4500 8280 1080 6300 760 1520 6080 190 760 1710 380 2090 1520 20710 2280 9690 340 2890 1700 1360 1190 5100 2550 1190 1530 6460 4410 4347 820 4991 1648 1680 2982 832 6293 6540 14280 1266 3285 15180 1296 1720 4554 6851 3135 3255 4945 1442 1728 824 1498 14560 1656 6061 1302 4422 2870 4641 2870 1224 1540 1456 1320 5916 1070 4620 1491 1260 4510 1935 1648 1030 1020 1463 1266 3075 3210 1498 1470 1224 1290 1035 3315 4692 4784 15190 1105 6090 804 1845 2678 14490 1266 4242 1505 1050 1704 1442 14630 1230 4221 14960 4922 3210 1428
