itemNumber 50
itemClassNumber 50
itemClass_widthVector 9 8 7 6 5 4 9 8 7 6 5 4 9 8 7 6 5 4 8 7 6 5 4 3 7 6 5 4 3 2 8 7 6 5 4 3 7 10 8 9 7 7 8 6 9 8 6 6 7 7
itemClass_lengthVector 6 5 2 30 1 6 2 9 21 2 14 2 5 15 1 14 9 6 7 9 4 19 4 7 6 4 22 5 5 8 15 2 16 2 14 1 29 6 1 5 31 29 3 1 5 1 2 1 30 31
itemClass_demand 1 1 1 1 1 1 1 1 1 1 1 1 1 1 1 1 1 1 1 1 1 1 1 1 1 1 1 1 1 1 1 1 1 1 1 1 1 1 1 1 1 1 1 1 1 1 1 1 1 1
binNumber 10000
binClassNumber 1
binClass_widthVector 50
binClass_lengthVector 50
binClass_disponibility 1000
itemClass_weight 540 450 180 2700 90 540 180 810 1890 180 1260 180 450 1350 90 1260 810 540 560 720 320 1520 320 560 420 280 1540 350 350 560 1200 160 1280 160 1120 80 2813 576 96 455 3038 2668 291 97 480 92 190 97 2940 2976
