itemNumber 200
itemClassNumber 200
itemClass_widthVector 18 17 16 15 14 13 12 11 10 9 8 18 17 16 15 14 13 12 11 10 9 8 19 18 17 16 15 14 13 12 11 10 9 17 16 15 14 13 12 11 10 9 8 7 16 15 14 13 12 11 10 9 8 7 6 20 19 18 17 16 15 14 13 12 11 10 17 16 15 14 13 12 11 10 9 8 7 18 17 16 15 14 13 12 11 10 9 8 20 19 18 17 16 15 14 13 12 11 10 17 16 15 14 13 12 11 10 9 8 7 20 19 18 17 16 15 14 13 12 11 10 16 14 13 18 14 17 18 10 17 19 17 19 12 11 15 17 12 10 17 20 11 15 12 12 13 17 16 19 18 19 18 16 19 17 14 14 20 20 10 16 15 18 18 18 14 18 18 20 10 16 19 15 12 15 19 13 14 14 16 13 20 17 12 16 18 16 14 16 14 15 11 19 19 15 10 15 15 12 17
itemClass_lengthVector 10 8 5 1 31 7 46 1 3 30 58 27 4 6 10 32 60 5 3 2 26 25 21 26 16 1 13 16 34 8 13 31 21 11 9 61 7 2 53 4 25 6 18 4 6 24 14 45 2 8 20 38 15 12 16 36 36 20 11 4 4 4 26 34 6 19 2 36 30 5 9 13 13 29 8 12 43 14 4 9 2 13 7 5 34 25 41 46 30 2 48 14 26 2 1 1 1 30 45 7 17 43 10 59 4 25 12 2 16 5 8 42 17 5 20 29 6 6 45 10 12 1 8 47 5 46 4 6 31 6 11 5 10 2 3 7 6 2 29 5 10 2 30 2 1 2 2 1 8 9 7 6 30 8 1 46 7 10 10 30 1 30 5 6 8 45 8 8 10 29 1 9 32 2 6 9 1 47 47 1 46 9 4 4 30 5 31 6 1 7 32 2 7 10 32 31 8 32 4 6
itemClass_demand 1 1 1 1 1 1 1 1 1 1 1 1 1 1 1 1 1 1 1 1 1 1 1 1 1 1 1 1 1 1 1 1 1 1 1 1 1 1 1 1 1 1 1 1 1 1 1 1 1 1 1 1 1 1 1 1 1 1 1 1 1 1 1 1 1 1 1 1 1 1 1 1 1 1 1 1 1 1 1 1 1 1 1 1 1 1 1 1 1 1 1 1 1 1 1 1 1 1 1 1 1 1 1 1 1 1 1 1 1 1 1 1 1 1 1 1 1 1 1 1 1 1 1 1 1 1 1 1 1 1 1 1 1 1 1 1 1 1 1 1 1 1 1 1 1 1 1 1 1 1 1 1 1 1 1 1 1 1 1 1 1 1 1 1 1 1 1 1 1 1 1 1 1 1 1 1 1 1 1 1 1 1 1 1 1 1 1 1 1 1 1 1 1 1 1 1 1 1 1 1
binNumber 10000
binClassNumber 1
binClass_widthVector 200
binClass_lengthVector 200
binClass_disponibility 1000
itemClass_weight 1800 1440 900 180 5580 1260 8280 180 540 5400 10440 4860 720 1080 1800 5760 10800 900 540 360 4680 4500 3990 4940 3040 190 2470 3040 6460 1520 2470 5890 3990 1870 1530 10370 1190 340 9010 680 4250 1020 3060 680 960 3840 2240 7200 320 1280 3200 6080 2400 1920 2560 7200 7200 4000 2200 800 800 800 5200 6800 1200 3800 340 6120 5100 850 1530 2210 2210 4930 1360 2040 7310 2520 720 1620 360 2340 1260 900 6120 4500 7380 8280 6000 400 9600 2800 5200 400 200 200 200 6000 9000 1190 2890 7310 1700 10030 680 4250 2040 340 2720 850 1600 8400 3400 1000 4000 5800 1200 1200 9000 2000 2400 196 1472 9212 915 8418 724 1110 5952 1086 2167 935 1900 378 546 1379 1182 372 5394 990 1840 374 5910 366 189 394 396 194 1528 1746 1288 1110 5640 1488 197 8602 1344 1950 1970 5520 189 5670 965 1146 1488 8145 1504 1560 1890 5713 189 1710 6080 378 1092 1773 184 9306 8789 185 8510 1746 772 752 5580 905 6138 1140 181 1372 6016 378 1393 1900 5856 5983 1480 5824 788 1194
