itemNumber 400
itemClassNumber 400
itemClass_widthVector 27 26 25 24 23 22 21 20 19 18 17 16 15 14 13 25 24 23 22 21 20 19 18 17 16 15 14 13 12 11 29 28 27 26 25 24 23 22 21 20 19 18 17 16 15 27 26 25 24 23 22 21 20 19 18 17 16 15 14 13 29 28 27 26 25 24 23 22 21 20 19 18 17 16 15 25 24 23 22 21 20 19 18 17 16 15 14 13 12 11 25 24 23 22 21 20 19 18 17 16 15 14 13 12 11 27 26 25 24 23 22 21 20 19 18 17 16 15 14 13 24 23 22 21 20 19 18 17 16 15 14 13 12 11 10 25 24 23 22 21 20 19 18 17 16 15 14 13 12 11 27 26 25 24 23 22 21 20 19 18 17 16 15 14 13 25 24 23 22 21 20 19 18 17 16 15 14 13 12 11 29 28 27 26 25 24 23 22 21 20 19 18 17 16 15 29 28 27 26 25 24 23 22 21 20 19 18 17 16 15 27 26 25 24 23 22 21 20 19 18 17 16 15 14 13 23 25 21 23 24 27 19 20 18 25 18 22 15 27 18 18 22 23 16 21 19 22 28 19 18 24 22 23 25 17 23 25 16 15 25 25 20 19 19 25 23 21 17 29 27 29 24 24 22 18 25 24 27 28 28 27 15 27 22 26 22 29 26 24 29 15 20 16 20 29 18 17 24 19 15 28 16 22 25 19 22 29 26 28 21 18 15 19 18 19 27 21 29 20 22 20 16 27 26 30 21 18 28 29 24 29 15 26 26 23 28 24 25 28 18 17 23 26 25 28 28 23 16 27 23 16 24 29 23 17 27 20 24 28 29 25 22 17 16 30 17 23 26 27 21 26 22 26 21 21 18 28 23 27 21 22 16 21 22 21 25 16 26 19 28 28 18 18 27 23 21 29 18 24 18
itemClass_lengthVector 1 30 44 9 24 9 57 15 37 60 22 12 19 15 46 27 16 41 4 118 9 45 25 1 20 6 7 24 14 43 14 1 2 75 22 73 4 5 25 36 5 4 28 98 8 86 21 16 22 29 15 45 2 2 6 3 17 18 75 43 13 48 57 17 9 22 16 63 6 7 12 52 6 15 57 31 40 32 21 9 4 79 7 19 44 1 5 28 49 31 51 46 6 36 21 21 14 18 39 22 4 74 1 11 36 16 75 1 16 80 36 4 21 1 69 8 11 10 41 11 26 50 8 44 43 29 36 2 19 8 46 47 4 34 4 24 45 47 13 16 2 40 23 10 25 9 25 28 15 78 28 29 30 7 12 25 7 46 21 63 67 32 10 3 20 12 39 2 50 57 27 43 26 15 4 5 31 40 46 3 32 5 16 14 52 60 13 16 11 62 31 38 4 32 14 31 14 28 51 38 11 13 15 78 32 22 3 16 40 8 33 67 19 56 1 10 10 53 26 30 13 2 6 66 8 57 9 14 56 10 44 23 37 23 23 22 14 16 9 21 12 15 57 18 38 23 57 31 22 13 8 56 14 8 20 15 8 16 15 10 9 37 61 61 23 9 38 20 2 43 31 24 57 58 23 25 24 29 43 45 45 15 44 16 44 57 2 23 9 2 16 61 14 38 29 12 18 9 22 14 31 18 16 8 61 16 29 8 30 16 22 16 59 11 61 9 16 30 38 14 38 16 30 25 1 16 22 2 31 57 30 16 44 44 8 29 9 8 44 11 19 8 23 24 1 1 16 15 29 14 15 25 1 58 11 30 60 9 30 1 9 56 13 14 2 11 10 8 29 37 45 15 45 14 14 11 1 58 30 16 16 16 37 58 15 10 19 9 61 43 44 22 12 45 15 14 29 12 10 21
itemClass_demand 1 1 1 1 1 1 1 1 1 1 1 1 1 1 1 1 1 1 1 1 1 1 1 1 1 1 1 1 1 1 1 1 1 1 1 1 1 1 1 1 1 1 1 1 1 1 1 1 1 1 1 1 1 1 1 1 1 1 1 1 1 1 1 1 1 1 1 1 1 1 1 1 1 1 1 1 1 1 1 1 1 1 1 1 1 1 1 1 1 1 1 1 1 1 1 1 1 1 1 1 1 1 1 1 1 1 1 1 1 1 1 1 1 1 1 1 1 1 1 1 1 1 1 1 1 1 1 1 1 1 1 1 1 1 1 1 1 1 1 1 1 1 1 1 1 1 1 1 1 1 1 1 1 1 1 1 1 1 1 1 1 1 1 1 1 1 1 1 1 1 1 1 1 1 1 1 1 1 1 1 1 1 1 1 1 1 1 1 1 1 1 1 1 1 1 1 1 1 1 1 1 1 1 1 1 1 1 1 1 1 1 1 1 1 1 1 1 1 1 1 1 1 1 1 1 1 1 1 1 1 1 1 1 1 1 1 1 1 1 1 1 1 1 1 1 1 1 1 1 1 1 1 1 1 1 1 1 1 1 1 1 1 1 1 1 1 1 1 1 1 1 1 1 1 1 1 1 1 1 1 1 1 1 1 1 1 1 1 1 1 1 1 1 1 1 1 1 1 1 1 1 1 1 1 1 1 1 1 1 1 1 1 1 1 1 1 1 1 1 1 1 1 1 1 1 1 1 1 1 1 1 1 1 1 1 1 1 1 1 1 1 1 1 1 1 1 1 1 1 1 1 1 1 1 1 1 1 1 1 1 1 1 1 1 1 1 1 1 1 1 1 1 1 1 1 1 1 1 1 1 1 1 1 1 1 1 1 1 1 1 1 1 1 1 1 1 1 1 1 1
binNumber 10000
binClassNumber 1
binClass_widthVector 400
binClass_lengthVector 400
binClass_disponibility 1000
itemClass_weight 270 8100 11880 2430 6480 2430 15390 4050 9990 16200 5940 3240 5130 4050 12420 6750 4000 10250 1000 29500 2250 11250 6250 250 5000 1500 1750 6000 3500 10750 4060 290 580 21750 6380 21170 1160 1450 7250 10440 1450 1160 8120 28420 2320 23220 5670 4320 5940 7830 4050 12150 540 540 1620 810 4590 4860 20250 11610 3770 13920 16530 4930 2610 6380 4640 18270 1740 2030 3480 15080 1740 4350 16530 7750 10000 8000 5250 2250 1000 19750 1750 4750 11000 250 1250 7000 12250 7750 12750 11500 1500 9000 5250 5250 3500 4500 9750 5500 1000 18500 250 2750 9000 4320 20250 270 4320 21600 9720 1080 5670 270 18630 2160 2970 2700 11070 2970 6240 12000 1920 10560 10320 6960 8640 480 4560 1920 11040 11280 960 8160 960 6000 11250 11750 3250 4000 500 10000 5750 2500 6250 2250 6250 7000 3750 19500 7560 7830 8100 1890 3240 6750 1890 12420 5670 17010 18090 8640 2700 810 5400 3000 9750 500 12500 14250 6750 10750 6500 3750 1000 1250 7750 10000 11500 750 9280 1450 4640 4060 15080 17400 3770 4640 3190 17980 8990 11020 1160 9280 4060 8990 4060 8120 14790 11020 3190 3770 4350 22620 9280 6380 870 4640 11600 2320 8910 18090 5130 15120 270 2700 2700 14310 7020 8100 3510 540 1620 17820 2160 16074 2610 4060 16240 2980 12364 6256 10989 6854 6279 6512 3822 4432 2466 6006 3300 4275 16701 5202 10906 6486 15447 8773 6050 3757 2272 15232 3920 2192 5740 4095 2264 4592 4125 2960 2592 10582 18117 17324 6509 2457 10944 5760 568 12728 8990 6720 16758 17110 6854 7325 6984 8584 11825 12420 12510 4380 12716 4720 12320 15732 564 6578 2529 576 4480 16775 3892 10412 8004 3348 5004 2448 6094 4158 8866 5256 4688 2200 17507 4400 8236 2320 8760 4544 6072 4656 16992 3201 16592 2682 4416 8790 10450 4018 10906 4464 8640 7300 272 4432 6424 542 8525 15789 8790 4592 13024 13068 2192 8555 2646 2312 13024 3267 5301 2248 6463 6744 283 285 4768 4395 8410 4116 4320 6800 286 17110 3256 8190 16260 2538 8430 284 2448 16520 3822 3836 588 3256 2820 2320 8555 10212 13230 4110 12600 3794 4018 3223 288 17284 8160 4352 4720 4656 11026 16704 4365 2850 5586 2583 16897 11653 13024 6380 3312 12960 4140 4032 8091 3420 2840 5754
