itemNumber 100
itemClassNumber 100
itemClass_widthVector 14 13 12 11 10 9 8 7 13 12 11 10 9 8 7 6 13 12 11 10 9 8 7 6 13 12 11 10 9 8 7 6 12 11 10 9 8 7 6 5 13 12 11 10 9 8 7 6 11 10 9 8 7 6 5 4 11 10 9 8 7 6 5 4 12 12 14 16 9 12 15 13 15 11 12 12 13 9 13 15 16 14 11 13 10 12 14 16 9 10 15 9 13 15 10 14 14 11 11 12
itemClass_lengthVector 32 1 8 9 4 11 31 4 9 7 24 13 17 12 10 8 7 39 2 14 12 21 2 3 9 16 10 1 36 6 18 4 2 5 28 8 31 1 22 3 3 7 24 29 17 12 4 4 7 8 13 12 1 28 18 13 10 1 18 2 31 8 12 18 4 8 7 33 31 3 1 8 33 5 9 4 8 31 7 33 32 1 3 8 12 4 9 33 32 11 32 30 8 1 10 1 7 4 3 4
itemClass_demand 1 1 1 1 1 1 1 1 1 1 1 1 1 1 1 1 1 1 1 1 1 1 1 1 1 1 1 1 1 1 1 1 1 1 1 1 1 1 1 1 1 1 1 1 1 1 1 1 1 1 1 1 1 1 1 1 1 1 1 1 1 1 1 1 1 1 1 1 1 1 1 1 1 1 1 1 1 1 1 1 1 1 1 1 1 1 1 1 1 1 1 1 1 1 1 1 1 1 1 1
binNumber 10000
binClassNumber 1
binClass_widthVector 100
binClass_lengthVector 100
binClass_disponibility 1000
itemClass_weight 4480 140 1120 1260 560 1540 4340 560 1170 910 3120 1690 2210 1560 1300 1040 910 5070 260 1820 1560 2730 260 390 1170 2080 1300 130 4680 780 2340 520 240 600 3360 960 3720 120 2640 360 390 910 3120 3770 2210 1560 520 520 770 880 1430 1320 110 3080 1980 1430 1100 110 1980 220 3410 880 1320 1980 568 1184 1050 4653 4805 438 147 1192 4752 740 1341 564 1128 4743 1015 4653 4800 148 462 1128 1728 584 1323 4686 4832 1606 4768 4620 1160 145 1460 153 1036 604 450 612
