itemNumber 120
itemClassNumber 120
itemClass_widthVector 15 14 13 12 11 10 9 8 16 15 14 13 12 11 10 9 17 16 15 14 13 12 11 10 14 13 12 11 10 9 8 7 15 14 13 12 11 10 9 8 14 13 12 11 10 9 8 7 14 13 12 11 10 9 8 7 15 14 13 12 11 10 9 8 16 12 16 12 15 16 16 16 13 17 11 13 15 13 11 10 13 11 15 12 11 12 12 16 12 14 10 15 16 14 15 11 16 15 13 16 16 11 14 16 14 11 12 15 16 13 14 16 15 16 10 16 12 11 15 15
itemClass_lengthVector 4 23 5 20 13 18 21 16 3 27 5 28 4 23 8 22 8 6 30 5 31 5 22 13 19 6 34 16 15 4 17 9 46 18 1 15 3 7 18 12 2 27 3 3 3 6 73 3 4 11 7 4 59 14 11 10 18 12 23 1 4 15 43 4 24 12 23 18 4 5 23 3 20 3 18 13 22 19 17 21 12 19 6 18 18 18 18 23 13 21 22 23 22 19 6 18 22 24 19 5 3 18 20 24 4 18 17 6 5 19 19 5 4 3 20 24 14 17 23 23
itemClass_demand 1 1 1 1 1 1 1 1 1 1 1 1 1 1 1 1 1 1 1 1 1 1 1 1 1 1 1 1 1 1 1 1 1 1 1 1 1 1 1 1 1 1 1 1 1 1 1 1 1 1 1 1 1 1 1 1 1 1 1 1 1 1 1 1 1 1 1 1 1 1 1 1 1 1 1 1 1 1 1 1 1 1 1 1 1 1 1 1 1 1 1 1 1 1 1 1 1 1 1 1 1 1 1 1 1 1 1 1 1 1 1 1 1 1 1 1 1 1 1 1
binNumber 10000
binClassNumber 1
binClass_widthVector 120
binClass_lengthVector 120
binClass_disponibility 1000
itemClass_weight 600 3450 750 3000 1950 2700 3150 2400 480 4320 800 4480 640 3680 1280 3520 1360 1020 5100 850 5270 850 3740 2210 2660 840 4760 2240 2100 560 2380 1260 6900 2700 150 2250 450 1050 2700 1800 280 3780 420 420 420 840 10220 420 560 1540 980 560 8260 1960 1540 1400 2700 1800 3450 150 600 2250 6450 600 3720 1812 3542 2898 628 780 3795 474 3260 465 2988 2145 3344 2983 2754 3297 1956 2869 918 2844 2952 2880 2772 3749 2080 3402 3608 3657 3498 3040 954 2916 3476 3888 3097 820 471 2772 3060 3672 620 2844 2686 966 810 3021 2907 765 628 468 3200 3696 2170 2737 3588 3795
