itemNumber 150
itemClassNumber 150
itemClass_widthVector 17 16 15 14 13 12 11 10 9 16 15 14 13 12 11 10 9 8 19 18 17 16 15 14 13 12 11 16 15 14 13 12 11 10 9 8 17 16 15 14 13 12 11 10 9 17 16 15 14 13 12 11 10 9 15 14 13 12 11 10 9 8 7 16 15 14 13 12 11 10 9 8 17 16 15 14 13 12 11 10 9 15 11 12 14 13 15 15 17 19 12 16 12 13 11 12 18 12 12 12 18 12 17 12 14 17 14 17 16 11 16 15 12 14 13 15 17 16 11 13 13 14 14 15 14 11 17 16 19 12 13 14 18 19 15 12 14 17 14 16 14 14 12 13 18 16 13 18 13 17
itemClass_lengthVector 30 32 10 15 5 3 6 19 30 21 39 48 9 2 7 19 3 2 5 31 3 6 29 53 9 1 13 21 22 3 15 19 11 38 11 10 4 20 6 37 7 23 3 27 23 12 4 5 39 59 3 7 17 4 8 7 63 2 19 12 4 26 9 1 57 5 18 1 2 7 35 24 32 49 7 13 17 6 17 6 3 16 20 20 5 2 14 16 9 30 7 11 19 5 20 19 31 18 20 19 31 19 31 7 3 10 6 11 10 20 15 5 18 3 2 16 11 14 18 2 4 4 3 6 3 20 33 9 31 6 2 4 30 31 16 5 4 33 5 11 5 6 5 2 31 9 5 29 5 11
itemClass_demand 1 1 1 1 1 1 1 1 1 1 1 1 1 1 1 1 1 1 1 1 1 1 1 1 1 1 1 1 1 1 1 1 1 1 1 1 1 1 1 1 1 1 1 1 1 1 1 1 1 1 1 1 1 1 1 1 1 1 1 1 1 1 1 1 1 1 1 1 1 1 1 1 1 1 1 1 1 1 1 1 1 1 1 1 1 1 1 1 1 1 1 1 1 1 1 1 1 1 1 1 1 1 1 1 1 1 1 1 1 1 1 1 1 1 1 1 1 1 1 1 1 1 1 1 1 1 1 1 1 1 1 1 1 1 1 1 1 1 1 1 1 1 1 1 1 1 1 1 1 1
binNumber 10000
binClassNumber 1
binClass_widthVector 150
binClass_lengthVector 150
binClass_disponibility 1000
itemClass_weight 5100 5440 1700 2550 850 510 1020 3230 5100 3360 6240 7680 1440 320 1120 3040 480 320 950 5890 570 1140 5510 10070 1710 190 2470 3360 3520 480 2400 3040 1760 6080 1760 1600 680 3400 1020 6290 1190 3910 510 4590 3910 2040 680 850 6630 10030 510 1190 2890 680 1200 1050 9450 300 2850 1800 600 3900 1350 160 9120 800 2880 160 320 1120 5600 3840 5440 8330 1190 2210 2890 1020 2890 1020 510 2992 3620 3420 895 370 2506 2960 1584 5340 1274 2046 3344 895 3420 3344 5735 3330 3660 3553 5735 3553 5456 1281 537 1740 1074 1980 1750 3560 2670 915 3294 543 372 2768 1969 2506 3348 376 688 688 561 1086 513 3680 6072 1557 5828 1062 344 748 5250 5766 2816 920 688 6039 895 1958 915 1122 930 354 5642 1620 890 5278 905 2068
