itemNumber 200
itemClassNumber 200
itemClass_widthVector 16 15 14 13 12 11 10 9 8 7 6 20 19 18 17 16 15 14 13 12 11 10 20 19 18 17 16 15 14 13 12 11 10 17 16 15 14 13 12 11 10 9 8 7 18 17 16 15 14 13 12 11 10 9 8 19 18 17 16 15 14 13 12 11 10 9 18 17 16 15 14 13 12 11 10 9 8 16 15 14 13 12 11 10 9 8 7 6 19 18 17 16 15 14 13 12 11 10 9 18 17 16 15 14 13 12 11 10 9 8 19 18 17 16 15 14 13 12 11 10 9 16 9 17 8 15 14 15 15 18 10 16 14 10 10 16 14 15 10 15 9 14 15 13 18 15 16 14 12 9 9 9 10 9 17 12 17 16 13 18 14 9 11 12 15 9 14 16 17 11 14 17 12 13 9 14 15 15 10 10 13 17 16 10 17 13 10 13 12 18 10 14 15 15 13 12 16 15 18 8
itemClass_lengthVector 31 27 9 1 13 11 1 8 1 74 24 25 4 24 45 6 9 37 6 9 11 24 8 15 4 3 1 1 10 30 34 84 10 18 7 36 5 35 15 6 4 27 5 42 11 38 17 2 10 14 29 15 8 17 39 1 8 21 8 13 8 6 3 61 70 1 9 54 18 18 1 25 15 2 15 42 1 14 14 5 22 11 1 31 17 10 15 60 12 45 34 52 5 5 13 3 3 9 19 1 11 2 4 12 5 9 35 87 8 26 1 1 59 12 58 10 11 14 9 11 14 9 2 27 74 1 1 1 1 30 7 10 1 7 9 10 13 8 8 8 1 13 9 12 30 9 28 14 1 1 2 1 7 2 26 11 28 9 10 30 2 2 1 2 2 2 1 27 30 1 1 31 10 12 1 2 9 2 9 9 11 31 8 8 31 12 8 11 1 30 9 1 9 9 12 10 28 2 31 74
itemClass_demand 1 1 1 1 1 1 1 1 1 1 1 1 1 1 1 1 1 1 1 1 1 1 1 1 1 1 1 1 1 1 1 1 1 1 1 1 1 1 1 1 1 1 1 1 1 1 1 1 1 1 1 1 1 1 1 1 1 1 1 1 1 1 1 1 1 1 1 1 1 1 1 1 1 1 1 1 1 1 1 1 1 1 1 1 1 1 1 1 1 1 1 1 1 1 1 1 1 1 1 1 1 1 1 1 1 1 1 1 1 1 1 1 1 1 1 1 1 1 1 1 1 1 1 1 1 1 1 1 1 1 1 1 1 1 1 1 1 1 1 1 1 1 1 1 1 1 1 1 1 1 1 1 1 1 1 1 1 1 1 1 1 1 1 1 1 1 1 1 1 1 1 1 1 1 1 1 1 1 1 1 1 1 1 1 1 1 1 1 1 1 1 1 1 1 1 1 1 1 1 1
binNumber 10000
binClassNumber 1
binClass_widthVector 200
binClass_lengthVector 200
binClass_disponibility 1000
itemClass_weight 4960 4320 1440 160 2080 1760 160 1280 160 11840 3840 5000 800 4800 9000 1200 1800 7400 1200 1800 2200 4800 1600 3000 800 600 200 200 2000 6000 6800 16800 2000 3060 1190 6120 850 5950 2550 1020 680 4590 850 7140 1980 6840 3060 360 1800 2520 5220 2700 1440 3060 7020 190 1520 3990 1520 2470 1520 1140 570 11590 13300 190 1620 9720 3240 3240 180 4500 2700 360 2700 7560 180 2240 2240 800 3520 1760 160 4960 2720 1600 2400 9600 2280 8550 6460 9880 950 950 2470 570 570 1710 3610 180 1980 360 720 2160 900 1620 6300 15660 1440 4680 190 190 11210 2280 11020 1900 2090 2660 1710 2090 2660 1503 322 4671 12876 176 168 163 162 5220 1141 1750 172 1197 1458 1650 2106 1360 1376 1336 168 2236 1548 1968 5070 1503 4844 2296 163 167 334 172 1141 336 4576 1892 4732 1476 1710 5010 344 338 163 352 330 340 166 4779 5010 168 170 5208 1620 2088 175 352 1521 328 1449 1566 1793 5208 1352 1384 5053 2124 1368 1859 166 4920 1458 162 1503 1503 2052 1610 4508 330 5394 13024
