itemNumber 90
itemClassNumber 90
itemClass_widthVector 14 13 12 11 10 9 8 13 12 11 10 9 8 7 13 12 11 10 9 8 7 13 12 11 10 9 8 7 12 11 10 9 8 7 6 13 12 11 10 9 8 7 12 11 10 9 8 7 6 12 15 11 12 14 13 12 13 13 15 12 12 13 12 11 10 11 13 11 15 14 13 10 10 15 11 12 10 15 15 13 10 14 16 14 13 11 10 13 15 15
itemClass_lengthVector 3 38 7 13 15 9 5 12 31 12 24 6 3 2 6 7 13 12 38 6 8 12 4 23 7 19 11 14 2 16 9 2 38 10 13 17 21 12 13 5 19 3 10 2 37 9 20 8 4 13 4 15 15 7 13 13 13 13 39 15 13 8 12 16 9 14 8 15 37 39 6 8 9 4 14 16 9 4 38 13 10 7 2 7 6 16 8 6 39 2
itemClass_demand 1 1 1 1 1 1 1 1 1 1 1 1 1 1 1 1 1 1 1 1 1 1 1 1 1 1 1 1 1 1 1 1 1 1 1 1 1 1 1 1 1 1 1 1 1 1 1 1 1 1 1 1 1 1 1 1 1 1 1 1 1 1 1 1 1 1 1 1 1 1 1 1 1 1 1 1 1 1 1 1 1 1 1 1 1 1 1 1 1 1
binNumber 10000
binClassNumber 1
binClass_widthVector 90
binClass_lengthVector 90
binClass_disponibility 1000
itemClass_weight 417 5282 973 1807 2085 1251 695 1560 4030 1560 3120 780 390 260 780 910 1690 1560 4940 780 1040 1560 520 2990 910 2470 1430 1820 240 1920 1080 240 4560 1200 1560 2210 2730 1560 1690 650 2470 390 1200 240 4440 1080 2400 960 480 1820 576 2160 2220 1043 1950 1963 1950 1950 5889 2250 1989 1192 1680 2400 1323 1988 1168 2205 5365 5811 900 1120 1359 604 1988 2448 1359 612 5776 1911 1530 1015 288 1029 858 2368 1160 906 5655 292
