itemNumber 70
itemClassNumber 70
itemClass_widthVector 13 12 11 10 9 8 12 11 10 9 8 7 13 12 11 10 9 8 11 10 9 8 7 6 11 10 9 8 7 6 10 9 8 7 6 5 15 13 12 13 13 15 11 12 15 10 10 13 14 13 13 15 14 15 11 12 10 10 11 10 13 15 13 13 12 14 12 15 12 10
itemClass_lengthVector 11 32 1 16 5 5 7 8 2 5 9 39 12 15 8 16 3 16 4 4 10 31 14 7 2 9 7 8 17 27 12 7 4 2 26 19 12 33 2 1 32 11 15 16 11 4 5 33 31 2 1 10 12 10 16 1 5 5 16 5 2 10 31 31 16 33 2 12 2 6
itemClass_demand 1 1 1 1 1 1 1 1 1 1 1 1 1 1 1 1 1 1 1 1 1 1 1 1 1 1 1 1 1 1 1 1 1 1 1 1 1 1 1 1 1 1 1 1 1 1 1 1 1 1 1 1 1 1 1 1 1 1 1 1 1 1 1 1 1 1 1 1 1 1
binNumber 10000
binClassNumber 1
binClass_widthVector 70
binClass_lengthVector 70
binClass_disponibility 1000
itemClass_weight 1430 4160 130 2080 650 650 840 960 240 600 1080 4680 1560 1950 1040 2080 390 2080 440 440 1100 3410 1540 770 220 990 770 880 1870 2970 1200 700 400 200 2600 1900 1608 4686 288 138 4480 1441 2010 2304 1452 548 680 4521 4309 266 131 1330 1572 1340 2288 138 660 660 2272 705 272 1390 4123 4123 2112 4620 282 1668 282 792
