itemNumber 80
itemClassNumber 80
itemClass_widthVector 11 10 9 8 7 6 5 13 12 11 10 9 8 7 11 10 9 8 7 6 5 12 11 10 9 8 7 6 10 9 8 7 6 5 4 11 10 9 8 7 6 5 12 11 10 9 8 7 6 11 8 12 10 7 13 9 11 7 8 7 10 10 11 9 8 12 13 13 12 12 8 12 7 12 9 12 10 13 10 8
itemClass_lengthVector 1 10 33 16 5 13 2 7 8 2 5 9 34 15 12 15 8 1 8 7 29 4 11 3 13 24 22 3 3 8 7 47 5 4 6 6 1 12 4 52 3 2 6 15 26 18 2 12 1 11 5 1 33 13 1 16 11 12 5 13 32 32 9 15 4 10 2 1 11 11 5 1 12 1 17 11 34 2 34 6
itemClass_demand 1 1 1 1 1 1 1 1 1 1 1 1 1 1 1 1 1 1 1 1 1 1 1 1 1 1 1 1 1 1 1 1 1 1 1 1 1 1 1 1 1 1 1 1 1 1 1 1 1 1 1 1 1 1 1 1 1 1 1 1 1 1 1 1 1 1 1 1 1 1 1 1 1 1 1 1 1 1 1 1
binNumber 10000
binClassNumber 1
binClass_widthVector 80
binClass_lengthVector 80
binClass_disponibility 1000
itemClass_weight 110 1100 3630 1760 550 1430 220 910 1040 260 650 1170 4420 1950 1320 1650 880 110 880 770 3190 480 1320 360 1560 2880 2640 360 300 800 700 4700 500 400 600 660 110 1320 440 5720 330 220 720 1800 3120 2160 240 1440 120 1287 585 118 3795 1547 119 1952 1287 1404 565 1586 3616 3840 999 1725 460 1130 244 118 1320 1320 560 113 1368 118 1904 1320 4114 238 4114 672
