itemNumber 300
itemClassNumber 300
itemClass_widthVector 25 24 23 22 21 20 19 18 17 16 15 14 13 21 20 19 18 17 16 15 14 13 12 11 10 9 24 23 22 21 20 19 18 17 16 15 14 13 12 24 23 22 21 20 19 18 17 16 15 14 13 12 24 23 22 21 20 19 18 17 16 15 14 13 12 21 20 19 18 17 16 15 14 13 12 11 10 9 22 21 20 19 18 17 16 15 14 13 12 11 10 24 23 22 21 20 19 18 17 16 15 14 13 12 24 23 22 21 20 19 18 17 16 15 14 13 12 23 22 21 20 19 18 17 16 15 14 13 12 11 22 21 20 19 18 17 16 15 14 13 12 11 10 21 20 19 18 17 16 15 14 13 12 11 10 9 25 24 23 22 21 20 19 18 17 16 15 14 13 26 20 19 17 21 18 20 20 27 19 24 25 18 26 28 26 27 15 20 16 21 17 15 22 19 26 25 16 27 18 26 26 26 15 23 26 19 20 16 19 28 26 25 17 17 26 23 20 15 27 16 26 24 16 15 25 17 25 15 17 24 17 16 23 27 22 24 28 19 20 25 27 19 21 23 20 20 25 18 16 28 17 24 17 17 20 23 23 26 20 21 27 26 25 20 19 22 20 16 27 19 28 15 20 20 25 22 15 16 20 20 20 16 26 15 26 16 19 19 20 19 17 28 23 16 22 17 26 27 28 21
itemClass_lengthVector 23 16 33 56 7 11 22 14 3 11 20 35 49 34 66 23 33 5 6 21 36 7 10 34 7 18 50 8 19 9 12 28 15 38 34 9 5 2 71 3 20 18 74 10 10 29 6 38 22 49 20 1 19 32 34 94 20 14 3 10 25 25 2 9 13 79 43 11 33 3 7 41 12 6 22 10 1 32 41 32 11 10 5 1 7 73 5 21 13 26 55 29 7 10 54 3 28 48 6 11 21 1 16 66 9 25 9 44 70 11 20 20 5 33 31 12 11 9 89 1 5 70 27 15 9 43 24 1 2 5 31 15 29 104 25 21 3 4 10 20 13 21 4 26 1 58 13 17 45 25 8 27 67 5 5 3 20 59 8 2 2 78 32 7 8 24 23 35 2 24 23 4 11 10 4 21 22 23 13 33 56 12 22 22 32 15 36 21 35 10 20 35 7 13 17 17 36 24 3 24 24 22 35 12 16 13 23 21 4 23 33 56 21 20 23 12 23 34 23 20 16 6 20 34 57 21 55 34 20 55 19 19 8 23 10 8 23 13 21 32 15 3 21 56 15 22 32 11 36 24 21 32 10 10 22 55 10 22 14 23 22 34 55 14 3 7 15 35 15 3 24 34 14 21 16 7 36 19 23 23 21 35 32 34 17 21 2 15 13 15 12 22 6 35 10 12 15 16 22 21
itemClass_demand 1 1 1 1 1 1 1 1 1 1 1 1 1 1 1 1 1 1 1 1 1 1 1 1 1 1 1 1 1 1 1 1 1 1 1 1 1 1 1 1 1 1 1 1 1 1 1 1 1 1 1 1 1 1 1 1 1 1 1 1 1 1 1 1 1 1 1 1 1 1 1 1 1 1 1 1 1 1 1 1 1 1 1 1 1 1 1 1 1 1 1 1 1 1 1 1 1 1 1 1 1 1 1 1 1 1 1 1 1 1 1 1 1 1 1 1 1 1 1 1 1 1 1 1 1 1 1 1 1 1 1 1 1 1 1 1 1 1 1 1 1 1 1 1 1 1 1 1 1 1 1 1 1 1 1 1 1 1 1 1 1 1 1 1 1 1 1 1 1 1 1 1 1 1 1 1 1 1 1 1 1 1 1 1 1 1 1 1 1 1 1 1 1 1 1 1 1 1 1 1 1 1 1 1 1 1 1 1 1 1 1 1 1 1 1 1 1 1 1 1 1 1 1 1 1 1 1 1 1 1 1 1 1 1 1 1 1 1 1 1 1 1 1 1 1 1 1 1 1 1 1 1 1 1 1 1 1 1 1 1 1 1 1 1 1 1 1 1 1 1 1 1 1 1 1 1 1 1 1 1 1 1 1 1 1 1 1 1 1 1 1 1 1 1 1 1 1 1 1 1
binNumber 10000
binClassNumber 1
binClass_widthVector 300
binClass_lengthVector 300
binClass_disponibility 1000
itemClass_weight 5750 4000 8250 14000 1750 2750 5500 3500 750 2750 5000 8750 12250 7140 13860 4830 6930 1050 1260 4410 7560 1470 2100 7140 1470 3780 12000 1920 4560 2160 2880 6720 3600 9120 8160 2160 1200 480 17040 720 4800 4320 17760 2400 2400 6960 1440 9120 5280 11760 4800 240 4560 7680 8160 22560 4800 3360 720 2400 6000 6000 480 2160 3120 16590 9030 2310 6930 630 1470 8610 2520 1260 4620 2100 210 6720 9020 7040 2420 2200 1100 220 1540 16060 1100 4620 2860 5720 12100 6960 1680 2400 12960 720 6720 11520 1440 2640 5040 240 3840 15840 2160 6000 2160 10560 16800 2640 4800 4800 1200 7920 7440 2880 2640 2070 20470 230 1150 16100 6210 3450 2070 9890 5520 230 460 1150 6820 3300 6380 22880 5500 4620 660 880 2200 4400 2860 4620 880 5460 210 12180 2730 3570 9450 5250 1680 5670 14070 1050 1050 630 5000 14750 2000 500 500 19500 8000 1750 2000 6000 5750 8750 500 6528 5842 1016 2860 2700 1012 5691 6028 6233 3341 8514 15008 3216 5588 6050 8416 3960 9720 5292 9275 2630 5460 8925 1771 3367 4335 4420 9936 6504 819 6480 6432 5720 8785 3276 4240 3263 6095 5481 1020 6049 8547 14672 5355 5100 6256 3024 6279 8568 5934 5080 4224 1530 5440 8942 15162 5796 15070 8602 5060 14080 4997 4959 2040 6026 2720 2152 5980 3432 5565 8576 4110 759 5586 14840 4095 5830 8512 2860 9720 6288 5460 8384 2680 2560 6050 14575 2580 5984 3514 5957 5544 9248 15015 3654 810 1778 3990 9170 3855 771 6336 8704 3556 5649 4288 1925 9288 5035 6256 6072 5754 9555 8704 8738 4607 5670 522 4140 3419 3960 3096 5566 1644 9380 2750 3276 4065 4320 5610 5565
