itemNumber 70
itemClassNumber 70
itemClass_widthVector 11 10 9 8 7 6 13 12 11 10 9 8 13 12 11 10 9 8 11 10 9 8 7 6 10 9 8 7 6 5 12 11 10 9 8 7 9 9 8 9 10 11 13 10 8 8 9 12 10 10 9 9 8 11 10 12 8 9 13 12 12 13 12 8 8 9 12 9 8 10
itemClass_lengthVector 3 32 6 7 13 9 12 31 4 6 2 15 6 19 1 21 16 7 12 4 10 39 3 2 2 16 9 2 38 3 17 21 11 1 18 2 6 7 13 6 6 31 3 7 13 13 8 33 7 7 8 7 12 31 6 2 12 6 3 33 4 2 4 12 14 7 31 7 12 6
itemClass_demand 1 1 1 1 1 1 1 1 1 1 1 1 1 1 1 1 1 1 1 1 1 1 1 1 1 1 1 1 1 1 1 1 1 1 1 1 1 1 1 1 1 1 1 1 1 1 1 1 1 1 1 1 1 1 1 1 1 1 1 1 1 1 1 1 1 1 1 1 1 1
binNumber 10000
binClassNumber 1
binClass_widthVector 70
binClass_lengthVector 70
binClass_disponibility 1000
itemClass_weight 330 3520 660 770 1430 990 1560 4030 520 780 260 1950 780 2470 130 2730 2080 910 1320 440 1100 4290 330 220 200 1600 900 200 3800 300 2040 2520 1320 120 2160 240 720 784 1495 732 732 3689 342 812 1521 1560 944 3894 812 840 928 805 1332 3751 720 230 1428 684 339 3729 488 236 488 1356 1694 847 3658 826 1392 672
