itemNumber 50
itemClassNumber 50
itemClass_widthVector 8 7 6 5 4 3 8 7 6 5 4 3 9 8 7 6 5 4 8 7 6 5 4 3 8 7 6 5 4 3 9 8 7 6 5 4 7 9 8 8 7 8 8 8 6 8 6 7 9 5
itemClass_lengthVector 3 3 3 7 17 17 13 12 1 6 5 13 8 17 6 12 4 3 4 12 6 21 2 5 10 3 19 6 7 5 7 4 24 4 10 1 4 4 2 3 3 4 4 3 7 2 7 4 4 17
itemClass_demand 1 1 1 1 1 1 1 1 1 1 1 1 1 1 1 1 1 1 1 1 1 1 1 1 1 1 1 1 1 1 1 1 1 1 1 1 1 1 1 1 1 1 1 1 1 1 1 1 1 1
binNumber 10000
binClassNumber 1
binClass_widthVector 50
binClass_lengthVector 50
binClass_disponibility 1000
itemClass_weight 240 240 240 560 1360 1360 1040 960 80 480 400 1040 720 1530 540 1080 360 270 320 960 480 1680 160 400 800 240 1520 480 560 400 630 360 2160 360 900 90 356 344 172 261 261 328 336 243 609 176 574 324 356 1513
