itemNumber 200
itemClassNumber 200
itemClass_widthVector 18 17 16 15 14 13 12 11 10 9 8 19 18 17 16 15 14 13 12 11 10 9 19 18 17 16 15 14 13 12 11 10 9 18 17 16 15 14 13 12 11 10 9 8 19 18 17 16 15 14 13 12 11 10 9 17 16 15 14 13 12 11 10 9 8 7 19 18 17 16 15 14 13 12 11 10 9 17 16 15 14 13 12 11 10 9 8 7 19 18 17 16 15 14 13 12 11 10 9 18 17 16 15 14 13 12 11 10 9 8 17 16 15 14 13 12 11 10 9 8 7 18 18 18 15 16 15 14 19 19 11 13 14 14 14 17 10 19 14 12 10 10 10 16 19 16 19 16 16 17 10 10 15 10 17 19 19 19 19 14 16 15 16 17 14 17 14 14 16 19 20 13 17 16 17 13 17 15 15 20 19 10 13 20 14 11 14 18 17 18 20 16 15 15 10 17 10 17 16 10
itemClass_lengthVector 3 34 20 19 2 8 69 8 8 20 9 23 44 13 10 3 15 1 18 6 32 35 4 13 26 35 4 35 1 6 56 7 13 9 3 70 13 8 1 35 16 12 2 31 13 17 10 26 35 63 12 2 11 7 4 8 2 6 51 37 14 1 1 62 5 13 33 1 3 24 42 1 7 1 5 12 71 20 12 30 14 2 1 49 19 42 4 7 14 12 18 42 42 4 5 46 4 7 6 6 9 38 4 12 17 16 54 4 4 36 6 18 4 7 10 4 69 65 1 8 8 33 33 19 7 1 9 68 33 4 8 69 68 68 70 19 20 2 9 8 20 20 19 3 35 3 33 2 1 18 19 19 7 20 21 4 4 35 33 7 3 8 20 19 70 19 68 69 19 4 3 70 21 18 20 7 19 9 2 2 2 19 69 3 7 8 8 34 19 21 3 19 8 1 21 20 19 20 18 20
itemClass_demand 1 1 1 1 1 1 1 1 1 1 1 1 1 1 1 1 1 1 1 1 1 1 1 1 1 1 1 1 1 1 1 1 1 1 1 1 1 1 1 1 1 1 1 1 1 1 1 1 1 1 1 1 1 1 1 1 1 1 1 1 1 1 1 1 1 1 1 1 1 1 1 1 1 1 1 1 1 1 1 1 1 1 1 1 1 1 1 1 1 1 1 1 1 1 1 1 1 1 1 1 1 1 1 1 1 1 1 1 1 1 1 1 1 1 1 1 1 1 1 1 1 1 1 1 1 1 1 1 1 1 1 1 1 1 1 1 1 1 1 1 1 1 1 1 1 1 1 1 1 1 1 1 1 1 1 1 1 1 1 1 1 1 1 1 1 1 1 1 1 1 1 1 1 1 1 1 1 1 1 1 1 1 1 1 1 1 1 1 1 1 1 1 1 1 1 1 1 1 1 1
binNumber 10000
binClassNumber 1
binClass_widthVector 200
binClass_lengthVector 200
binClass_disponibility 1000
itemClass_weight 540 6120 3600 3420 360 1440 12420 1440 1440 3600 1620 4370 8360 2470 1900 570 2850 190 3420 1140 6080 6650 760 2470 4940 6650 760 6650 190 1140 10640 1330 2470 1620 540 12600 2340 1440 180 6300 2880 2160 360 5580 2470 3230 1900 4940 6650 11970 2280 380 2090 1330 760 1360 340 1020 8670 6290 2380 170 170 10540 850 2210 6270 190 570 4560 7980 190 1330 190 950 2280 13490 3400 2040 5100 2380 340 170 8330 3230 7140 680 1190 2660 2280 3420 7980 7980 760 950 8740 760 1330 1140 1080 1620 6840 720 2160 3060 2880 9720 720 720 6480 1020 3060 680 1190 1700 680 11730 11050 170 1360 1360 6435 6105 3458 1358 187 1728 12716 6402 776 1576 12765 12648 12376 12740 3553 3620 370 1791 1480 3980 3700 3591 573 6755 543 6369 374 181 3330 3686 3439 1358 3740 4137 756 792 6545 6468 1281 552 1544 3800 3534 12810 3515 12920 13317 3705 768 591 13790 4158 3276 3840 1295 3686 1692 388 370 362 3572 13455 573 1274 1512 1504 6460 3743 4137 543 3629 1576 187 4179 3960 3534 3940 3492 3680
