itemNumber 180
itemClassNumber 180
itemClass_widthVector 18 17 16 15 14 13 12 11 10 9 18 17 16 15 14 13 12 11 10 9 17 16 15 14 13 12 11 10 9 8 20 19 18 17 16 15 14 13 12 11 17 16 15 14 13 12 11 10 9 8 17 16 15 14 13 12 11 10 9 8 19 18 17 16 15 14 13 12 11 10 17 16 15 14 13 12 11 10 9 8 18 17 16 15 14 13 12 11 10 9 19 18 17 16 15 14 13 12 11 10 15 17 13 11 20 19 11 14 19 19 16 12 20 19 19 14 14 16 18 12 12 18 17 16 12 14 14 12 12 19 12 13 20 16 13 13 16 16 19 17 18 13 20 17 18 15 12 17 15 17 16 13 17 14 12 19 20 16 11 11 20 18 14 12 19 14 17 17 16 14 12 13 15 12 19 20 11 17 17 14
itemClass_lengthVector 6 7 33 36 29 31 6 6 22 4 37 11 22 2 8 21 31 35 4 9 7 41 29 2 17 6 43 5 20 10 2 23 19 6 1 11 41 15 14 48 14 12 9 15 2 86 28 2 10 2 5 12 12 2 36 24 31 34 9 15 20 11 18 7 10 25 34 12 37 6 9 1 37 6 8 36 29 9 25 20 8 7 26 5 36 46 17 21 5 9 3 33 31 21 3 20 3 23 40 3 32 34 6 21 6 7 22 30 7 6 29 23 5 5 7 30 30 29 33 21 6 32 33 35 6 5 5 21 6 5 5 7 5 37 6 7 35 30 7 36 8 6 7 34 32 28 6 34 29 32 30 6 34 30 22 6 7 28 21 21 6 7 5 21 6 5 32 36 29 31 5 6 29 23 5 5 22 36 33 5
itemClass_demand 1 1 1 1 1 1 1 1 1 1 1 1 1 1 1 1 1 1 1 1 1 1 1 1 1 1 1 1 1 1 1 1 1 1 1 1 1 1 1 1 1 1 1 1 1 1 1 1 1 1 1 1 1 1 1 1 1 1 1 1 1 1 1 1 1 1 1 1 1 1 1 1 1 1 1 1 1 1 1 1 1 1 1 1 1 1 1 1 1 1 1 1 1 1 1 1 1 1 1 1 1 1 1 1 1 1 1 1 1 1 1 1 1 1 1 1 1 1 1 1 1 1 1 1 1 1 1 1 1 1 1 1 1 1 1 1 1 1 1 1 1 1 1 1 1 1 1 1 1 1 1 1 1 1 1 1 1 1 1 1 1 1 1 1 1 1 1 1 1 1 1 1 1 1 1 1 1 1 1 1
binNumber 10000
binClassNumber 1
binClass_widthVector 180
binClass_lengthVector 180
binClass_disponibility 1000
itemClass_weight 1080 1260 5940 6480 5220 5580 1080 1080 3960 720 6660 1980 3960 360 1440 3780 5580 6300 720 1620 1190 6970 4930 340 2890 1020 7310 850 3400 1700 400 4600 3800 1200 200 2200 8200 3000 2800 9600 2380 2040 1530 2550 340 14620 4760 340 1700 340 850 2040 2040 340 6120 4080 5270 5780 1530 2550 3800 2090 3420 1330 1900 4750 6460 2280 7030 1140 1530 170 6290 1020 1360 6120 4930 1530 4250 3400 1440 1260 4680 900 6480 8280 3060 3780 900 1620 570 6270 5890 3990 570 3800 570 4370 7600 570 6272 6664 1158 3843 1128 1309 4334 5910 1288 1182 5771 4393 950 910 1267 5850 5880 5568 6204 3822 1098 6336 6237 6930 1182 935 970 4095 1140 925 995 1295 990 7067 1158 1323 6895 5970 1386 6912 1536 1110 1288 6562 6304 5208 1176 6256 5684 6304 5940 1128 6256 5910 4268 1134 1386 5404 4032 4095 1164 1372 920 3864 1146 940 5888 7056 5481 6138 935 1098 5655 4301 950 920 4048 6696 6468 925
