itemNumber 150
itemClassNumber 150
itemClass_widthVector 18 17 16 15 14 13 12 11 10 15 14 13 12 11 10 9 8 7 17 16 15 14 13 12 11 10 9 17 16 15 14 13 12 11 10 9 19 18 17 16 15 14 13 12 11 14 13 12 11 10 9 8 7 6 15 14 13 12 11 10 9 8 7 18 17 16 15 14 13 12 11 10 17 16 15 14 13 12 11 10 9 15 14 16 16 17 20 13 13 16 17 16 16 15 13 15 13 20 19 15 17 19 17 19 17 20 14 19 20 14 18 12 14 17 19 14 20 19 15 14 15 18 19 14 13 14 19 15 17 13 14 20 20 17 15 19 16 13 19 18 20 13 14 14 13 18 18 16 18 15
itemClass_lengthVector 9 11 22 22 8 12 42 8 16 35 10 17 16 15 4 16 4 33 17 24 43 28 4 5 8 12 9 25 4 10 4 53 3 15 32 4 31 12 2 1 23 9 39 6 27 21 20 21 6 32 4 11 12 23 43 47 10 8 18 12 1 5 6 24 4 8 3 73 5 1 7 25 7 2 21 21 25 36 11 25 2 13 11 22 8 22 8 43 41 8 23 9 8 13 8 13 43 10 12 9 22 8 23 9 23 8 13 12 10 42 22 9 42 21 8 42 8 10 11 43 11 22 8 41 41 43 11 7 21 43 11 8 10 23 13 8 21 43 8 21 10 41 43 11 8 22 11 7 12 11
itemClass_demand 1 1 1 1 1 1 1 1 1 1 1 1 1 1 1 1 1 1 1 1 1 1 1 1 1 1 1 1 1 1 1 1 1 1 1 1 1 1 1 1 1 1 1 1 1 1 1 1 1 1 1 1 1 1 1 1 1 1 1 1 1 1 1 1 1 1 1 1 1 1 1 1 1 1 1 1 1 1 1 1 1 1 1 1 1 1 1 1 1 1 1 1 1 1 1 1 1 1 1 1 1 1 1 1 1 1 1 1 1 1 1 1 1 1 1 1 1 1 1 1 1 1 1 1 1 1 1 1 1 1 1 1 1 1 1 1 1 1 1 1 1 1 1 1 1 1 1 1 1 1
binNumber 10000
binClassNumber 1
binClass_widthVector 150
binClass_lengthVector 150
binClass_disponibility 1000
itemClass_weight 1620 1980 3960 3960 1440 2160 7560 1440 2880 5250 1500 2550 2400 2250 600 2400 600 4950 2890 4080 7310 4760 680 850 1360 2040 1530 4250 680 1700 680 9010 510 2550 5440 680 5890 2280 380 190 4370 1710 7410 1140 5130 2940 2800 2940 840 4480 560 1540 1680 3220 6450 7050 1500 1200 2700 1800 150 750 900 4320 720 1440 540 13140 900 180 1260 4500 1190 340 3570 3570 4250 6120 1870 4250 340 2431 2189 4048 1560 4048 1552 7869 7872 1552 4485 1773 1528 2548 1464 2418 8170 1910 2304 1692 4356 1552 4577 1719 4186 1544 2418 2232 1830 7644 4290 1728 8106 3885 1592 7644 1504 1840 2002 7869 2046 4202 1592 7544 7544 8170 2068 1351 3864 8170 2178 1456 1910 4416 2418 1520 4053 7955 1456 3843 1860 7462 8385 2123 1464 4092 2035 1295 2280 2167
