itemNumber 140
itemClassNumber 140
itemClass_widthVector 17 16 15 14 13 12 11 10 9 16 15 14 13 12 11 10 9 8 16 15 14 13 12 11 10 9 8 16 15 14 13 12 11 10 9 8 15 14 13 12 11 10 9 8 7 16 15 14 13 12 11 10 9 8 15 14 13 12 11 10 9 8 7 14 13 12 11 10 9 8 7 6 15 14 13 12 11 10 9 8 7 17 18 18 15 17 19 14 19 19 14 16 17 12 13 16 12 16 14 17 17 14 16 14 18 12 12 15 11 15 16 15 14 15 15 19 13 12 16 16 11 17 17 13 11 12 18 11 19 16 19 19 15 14 14 15 15 14 14 18
itemClass_lengthVector 16 20 29 17 17 4 5 21 11 5 16 16 50 18 6 11 8 10 15 2 13 25 9 5 24 42 5 3 2 8 12 45 16 4 30 20 36 11 4 14 36 3 21 10 5 20 4 41 15 24 4 15 16 1 20 36 1 48 9 4 7 8 7 44 1 10 5 18 3 14 17 28 4 32 40 39 1 6 8 8 2 21 20 19 18 20 15 4 17 17 3 17 20 5 3 29 22 30 4 21 28 5 29 18 17 20 4 16 21 17 29 16 5 16 17 16 6 20 16 18 22 30 19 4 21 4 16 20 16 16 15 15 18 18 18 17 18 4 4 17
itemClass_demand 1 1 1 1 1 1 1 1 1 1 1 1 1 1 1 1 1 1 1 1 1 1 1 1 1 1 1 1 1 1 1 1 1 1 1 1 1 1 1 1 1 1 1 1 1 1 1 1 1 1 1 1 1 1 1 1 1 1 1 1 1 1 1 1 1 1 1 1 1 1 1 1 1 1 1 1 1 1 1 1 1 1 1 1 1 1 1 1 1 1 1 1 1 1 1 1 1 1 1 1 1 1 1 1 1 1 1 1 1 1 1 1 1 1 1 1 1 1 1 1 1 1 1 1 1 1 1 1 1 1 1 1 1 1 1 1 1 1 1 1
binNumber 10000
binClassNumber 1
binClass_widthVector 140
binClass_lengthVector 140
binClass_disponibility 1000
itemClass_weight 2720 3400 4930 2890 2890 680 850 3570 1870 800 2560 2560 8000 2880 960 1760 1280 1600 2400 320 2080 4000 1440 800 3840 6720 800 480 320 1280 1920 7200 2560 640 4800 3200 5400 1650 600 2100 5400 450 3150 1500 750 3200 640 6560 2400 3840 640 2400 2560 160 3000 5400 150 7200 1350 600 1050 1200 1050 6160 140 1400 700 2520 420 1960 2380 3920 600 4800 6000 5850 150 900 1200 1200 300 3591 3540 3572 3294 3760 2685 732 2941 3077 525 3145 3460 930 561 5336 4114 5280 736 3696 5264 935 5394 3276 3077 3460 692 2896 3675 3077 5191 3008 915 2928 2924 2928 1080 3540 2832 3114 4004 5550 3496 732 3801 744 2944 3720 2800 2800 2775 2685 3366 3078 3096 3162 3096 740 712 3094
