itemNumber 600
itemClassNumber 600
itemClass_widthVector 34 33 32 31 30 29 28 27 26 25 24 23 22 21 20 19 18 17 36 35 34 33 32 31 30 29 28 27 26 25 24 23 22 21 20 19 36 35 34 33 32 31 30 29 28 27 26 25 24 23 22 21 20 19 34 33 32 31 30 29 28 27 26 25 24 23 22 21 20 19 18 17 35 34 33 32 31 30 29 28 27 26 25 24 23 22 21 20 19 18 32 31 30 29 28 27 26 25 24 23 22 21 20 19 18 17 16 15 36 35 34 33 32 31 30 29 28 27 26 25 24 23 22 21 20 19 29 28 27 26 25 24 23 22 21 20 19 18 17 16 15 14 13 12 36 35 34 33 32 31 30 29 28 27 26 25 24 23 22 21 20 19 33 32 31 30 29 28 27 26 25 24 23 22 21 20 19 18 17 16 32 31 30 29 28 27 26 25 24 23 22 21 20 19 18 17 16 15 32 31 30 29 28 27 26 25 24 23 22 21 20 19 18 17 16 15 30 29 28 27 26 25 24 23 22 21 20 19 18 17 16 15 14 13 33 32 31 30 29 28 27 26 25 24 23 22 21 20 19 18 17 16 33 32 31 30 29 28 27 26 25 24 23 22 21 20 19 18 17 16 34 33 32 31 30 29 28 27 26 25 24 23 22 21 20 19 18 17 32 31 30 29 28 27 26 25 24 23 22 21 20 19 18 17 16 15 33 32 31 30 29 28 27 26 25 24 23 22 21 20 19 18 17 16 29 26 37 24 22 26 21 28 23 34 25 24 35 35 26 20 22 36 30 35 31 31 34 21 25 33 23 37 35 35 31 23 22 28 32 22 31 21 24 31 31 36 21 34 28 20 26 21 31 37 25 27 37 31 33 28 20 29 26 30 32 32 35 21 26 30 20 31 33 21 38 35 28 29 26 33 35 26 24 22 30 31 29 34 28 19 29 36 24 20 35 28 36 21 35 35 33 31 37 27 23 27 21 24 33 37 35 37 38 19 26 20 35 24 37 30 25 21 36 22 31 30 29 27 29 24 20 22 21 20 20 20 25 31 34 22 34 22 30 34 30 34 37 26 35 27 32 19 30 32 28 22 28 29 23 24 28 25 29 24 33 32 24 20 30 26 28 25 35 23 36 26 21 25 34 25 34 20 33 20 22 22 33 25 27 31 34 26 33 20 21 23 34 26 26 23 28 29 24 35 24 24 33 28 35 24 21 34 19 35 32 31 21 27 31 23 38 27 20 21 34 30 22 30 20 34 22 21 26 24 24 19 33 29 33 31 25 25 26 25 19 36 27 38 36 30 23 27 22 31 31 34 23 37 24 19 32 25 22 33 33 31 31 24 30 24 36 19 24 29 27 31 29 35 27 22
itemClass_lengthVector 21 2 6 60 69 68 4 30 5 39 14 39 14 60 37 8 31 93 14 1 9 10 47 45 22 90 141 37 40 10 21 7 10 8 41 47 12 28 67 12 32 32 62 1 5 11 13 123 17 2 59 63 58 3 129 6 10 34 11 24 17 13 128 34 4 4 4 26 1 63 6 86 54 6 7 16 20 73 20 33 61 53 31 27 12 61 35 17 19 55 24 71 5 12 28 20 17 18 29 70 64 25 89 11 10 30 72 5 18 26 39 35 8 72 1 19 48 87 10 21 9 20 7 24 8 148 1 1 25 11 6 9 68 26 25 28 102 108 12 37 72 20 46 3 15 8 95 10 96 44 11 1 17 18 28 44 25 49 25 3 90 21 1 20 20 45 15 9 13 39 38 8 68 10 220 4 27 9 19 35 29 46 19 54 4 49 8 62 26 37 10 1 17 35 9 17 16 161 11 26 97 91 25 1 48 24 20 27 12 35 7 8 49 17 12 90 42 11 30 41 27 93 8 1 11 25 18 14 11 10 18 150 27 63 95 36 5 10 18 27 5 9 5 14 31 180 4 34 71 22 7 27 111 47 7 19 54 5 67 4 38 4 1 48 15 9 122 5 20 24 63 6 12 17 89 27 73 4 32 25 20 11 68 24 5 46 43 35 89 1 10 29 30 4 93 51 45 12 18 13 17 39 54 34 2 59 24 32 113 49 88 4 14 18 22 14 50 30 19 31 4 33 26 29 3 38 21 39 61 40 7 40 36 3 13 15 61 22 39 8 59 1 67 59 69 68 3 37 38 59 14 22 7 22 3 60 37 40 67 38 69 8 40 67 69 2 8 1 6 9 40 37 3 2 13 38 2 3 60 31 31 5 15 30 68 69 61 8 40 68 9 3 60 36 21 21 39 4 38 6 2 15 14 60 30 4 5 6 40 32 5 3 15 30 2 31 20 8 20 5 60 69 3 39 61 38 9 15 5 3 20 21 22 30 39 8 6 40 1 3 38 9 5 60 68 5 29 4 29 38 8 38 9 32 7 9 40 69 69 61 68 36 69 69 30 7 20 15 7 6 69 31 29 68 29 38 29 31 37 14 40 38 29 61 68 59 13 32 5 38 30 39 7 37 2 40 8 14 1 39 59 9 60 8 60 38 6 13 38 4 2 40 70 32 37 13 3 38 15 38 6 4 61 2 14 61 59 4 22 61 8 2 31 60 69 70 9 13 5 36 20 4 7 36 59 68 60 69 30 68 60 36 38 59 40 31 61 5 68 68 14 38 39 13 31 21 5 20 5 29 14 38 38 67 68 7 37 3 39 31 69 13 38 68 59 69 3 15 31 40 1 30 15 3 15 67 3 59 4 61
itemClass_demand 1 1 1 1 1 1 1 1 1 1 1 1 1 1 1 1 1 1 1 1 1 1 1 1 1 1 1 1 1 1 1 1 1 1 1 1 1 1 1 1 1 1 1 1 1 1 1 1 1 1 1 1 1 1 1 1 1 1 1 1 1 1 1 1 1 1 1 1 1 1 1 1 1 1 1 1 1 1 1 1 1 1 1 1 1 1 1 1 1 1 1 1 1 1 1 1 1 1 1 1 1 1 1 1 1 1 1 1 1 1 1 1 1 1 1 1 1 1 1 1 1 1 1 1 1 1 1 1 1 1 1 1 1 1 1 1 1 1 1 1 1 1 1 1 1 1 1 1 1 1 1 1 1 1 1 1 1 1 1 1 1 1 1 1 1 1 1 1 1 1 1 1 1 1 1 1 1 1 1 1 1 1 1 1 1 1 1 1 1 1 1 1 1 1 1 1 1 1 1 1 1 1 1 1 1 1 1 1 1 1 1 1 1 1 1 1 1 1 1 1 1 1 1 1 1 1 1 1 1 1 1 1 1 1 1 1 1 1 1 1 1 1 1 1 1 1 1 1 1 1 1 1 1 1 1 1 1 1 1 1 1 1 1 1 1 1 1 1 1 1 1 1 1 1 1 1 1 1 1 1 1 1 1 1 1 1 1 1 1 1 1 1 1 1 1 1 1 1 1 1 1 1 1 1 1 1 1 1 1 1 1 1 1 1 1 1 1 1 1 1 1 1 1 1 1 1 1 1 1 1 1 1 1 1 1 1 1 1 1 1 1 1 1 1 1 1 1 1 1 1 1 1 1 1 1 1 1 1 1 1 1 1 1 1 1 1 1 1 1 1 1 1 1 1 1 1 1 1 1 1 1 1 1 1 1 1 1 1 1 1 1 1 1 1 1 1 1 1 1 1 1 1 1 1 1 1 1 1 1 1 1 1 1 1 1 1 1 1 1 1 1 1 1 1 1 1 1 1 1 1 1 1 1 1 1 1 1 1 1 1 1 1 1 1 1 1 1 1 1 1 1 1 1 1 1 1 1 1 1 1 1 1 1 1 1 1 1 1 1 1 1 1 1 1 1 1 1 1 1 1 1 1 1 1 1 1 1 1 1 1 1 1 1 1 1 1 1 1 1 1 1 1 1 1 1 1 1 1 1 1 1 1 1 1 1 1 1 1 1 1 1 1 1 1 1 1 1 1 1 1 1 1 1 1 1 1 1 1 1 1 1 1 1 1 1 1 1 1 1 1 1 1 1 1 1 1 1 1 1 1 1 1 1 1 1 1 1 1 1 1 1 1 1 1 1 1 1 1 1 1 1 1 1 1 1 1 1 1 1 1 1 1 1 1 1 1 1 1 1 1
binNumber 10000
binClassNumber 1
binClass_widthVector 600
binClass_lengthVector 600
binClass_disponibility 1000
itemClass_weight 7140 680 2040 20400 23460 23120 1360 10200 1700 13260 4760 13260 4760 20400 12580 2720 10540 31620 5040 360 3240 3600 16920 16200 7920 32400 50760 13320 14400 3600 7560 2520 3600 2880 14760 16920 4320 10080 24120 4320 11520 11520 22320 360 1800 3960 4680 44280 6120 720 21240 22680 20880 1080 43860 2040 3400 11560 3740 8160 5780 4420 43520 11560 1360 1360 1360 8840 340 21420 2040 29240 18900 2100 2450 5600 7000 25550 7000 11550 21350 18550 10850 9450 4200 21350 12250 5950 6650 19250 7680 22720 1600 3840 8960 6400 5440 5760 9280 22400 20480 8000 28480 3520 3200 9600 23040 1600 6480 9360 14040 12600 2880 25920 360 6840 17280 31320 3600 7560 3240 7200 2520 8640 2880 53280 290 290 7250 3190 1740 2610 19720 7540 7250 8120 29580 31320 3480 10730 20880 5800 13340 870 5400 2880 34200 3600 34560 15840 3960 360 6120 6480 10080 15840 9000 17640 9000 1080 32400 7560 330 6600 6600 14850 4950 2970 4290 12870 12540 2640 22440 3300 72600 1320 8910 2970 6270 11550 9280 14720 6080 17280 1280 15680 2560 19840 8320 11840 3200 320 5440 11200 2880 5440 5120 51520 3520 8320 31040 29120 8000 320 15360 7680 6400 8640 3840 11200 2240 2560 15680 5440 3840 28800 12600 3300 9000 12300 8100 27900 2400 300 3300 7500 5400 4200 3300 3000 5400 45000 8100 18900 31350 11880 1650 3300 5940 8910 1650 2970 1650 4620 10230 59400 1320 11220 23430 7260 2310 8910 36630 15510 2310 6270 17820 1650 22110 1320 12540 1320 330 15840 4950 2970 40260 1650 6600 7920 21420 2040 4080 5780 30260 9180 24820 1360 10880 8500 6800 3740 23120 8160 1700 15640 14620 11900 28480 320 3200 9280 9600 1280 29760 16320 14400 3840 5760 4160 5440 12480 17280 10880 640 18880 7920 10560 37290 16170 29040 1320 4620 5940 7260 4620 16500 9900 6270 10230 1320 10890 8580 9570 1089 14174 7812 13767 22265 14400 2408 14240 13140 1119 4589 5535 21228 7986 13572 2848 21948 342 25125 21594 25806 23460 1023 13653 13452 20237 4914 7876 2387 7766 1068 22380 13690 13640 24187 13566 23943 2808 14640 24388 25461 704 2960 359 2136 3357 13720 13283 1065 700 4485 13680 718 1083 20520 10602 10943 1820 5250 10560 24684 24357 22082 2936 14440 25092 3231 1125 20700 12816 7329 7287 14352 1400 13680 2202 738 5535 5054 21540 10590 1456 1860 2160 14800 11872 1855 1110 5190 10440 738 11594 6980 2864 6860 1755 22200 23598 1074 14313 21106 13376 3078 5595 1755 1122 7400 7455 8096 10380 14313 2744 2064 14960 349 1089 13946 3357 1785 21300 24956 1765 10266 1408 10382 12996 2856 13984 3168 11904 2583 3312 14000 24357 24219 22204 23596 13104 25599 25806 11160 2597 7380 5340 2429 2196 23805 11067 10730 24820 10063 14174 10092 11036 13135 4984 14760 13528 10063 20923 23868 20473 4810 11424 1875 12996 10380 13572 2394 13653 746 13640 2992 5096 375 14118 21535 3096 22320 2896 22020 13832 2202 4745 13604 1388 738 14760 25830 11584 12913 4446 1083 13870 5610 13338 2118 1464 22814 712 4802 22082 20414 1376 7788 21045 2984 722 11377 21180 25047 25270 3114 4472 1735 12420 6900 1444 2408 12744 20237 24888 21120 25185 10830 24820 21360 12564 13072 22066 14200 10664 21777 1830 23596 23936 4844 13224 13845 4745 10912 7875 1830 7400 1775 10324 5208 13300 13946 24522 23324 2527 13542 1095 14118 11532 24978 4576 14098 23392 20237 25254 1092 5265 10974 14480 351 10260 5475 1068 5445 24120 1116 20296 1364 21167
