itemNumber 80
itemClassNumber 80
itemClass_widthVector 11 10 9 8 7 6 5 11 10 9 8 7 6 5 12 11 10 9 8 7 6 13 12 11 10 9 8 7 12 11 10 9 8 7 6 11 10 9 8 7 6 5 10 9 8 7 6 5 4 12 10 11 10 8 12 10 13 7 9 10 10 12 10 13 11 9 9 12 7 11 13 11 10 7 8 8 12 10 7 7
itemClass_lengthVector 2 34 12 1 10 3 18 8 2 16 1 39 8 6 15 3 23 14 2 13 10 4 7 39 12 8 8 2 31 2 10 4 1 18 14 6 8 13 23 5 23 2 7 38 14 5 2 12 2 33 11 35 11 9 2 13 1 3 2 13 13 35 11 1 33 1 1 35 4 33 1 34 11 4 9 11 33 11 2 2
itemClass_demand 1 1 1 1 1 1 1 1 1 1 1 1 1 1 1 1 1 1 1 1 1 1 1 1 1 1 1 1 1 1 1 1 1 1 1 1 1 1 1 1 1 1 1 1 1 1 1 1 1 1 1 1 1 1 1 1 1 1 1 1 1 1 1 1 1 1 1 1 1 1 1 1 1 1 1 1 1 1 1 1
binNumber 10000
binClassNumber 1
binClass_widthVector 80
binClass_lengthVector 80
binClass_disponibility 1000
itemClass_weight 220 3740 1320 110 1100 330 1980 880 220 1760 110 4290 880 660 1800 360 2760 1680 240 1560 1200 520 910 5070 1560 1040 1040 260 3720 240 1200 480 120 2160 1680 660 880 1430 2530 550 2530 220 700 3800 1400 500 200 1200 200 3927 1342 4025 1221 1080 222 1573 118 363 236 1495 1586 4165 1342 117 3861 111 117 4060 480 3663 119 4148 1265 480 1071 1320 3828 1243 230 232
