itemNumber 120
itemClassNumber 120
itemClass_widthVector 14 13 12 11 10 9 8 7 14 13 12 11 10 9 8 7 14 13 12 11 10 9 8 7 16 15 14 13 12 11 10 9 15 14 13 12 11 10 9 8 16 15 14 13 12 11 10 9 16 15 14 13 12 11 10 9 15 14 13 12 11 10 9 8 10 11 16 10 13 12 13 15 16 9 11 14 12 11 15 15 10 10 15 9 10 9 12 11 15 9 16 14 10 11 12 16 15 14 16 15 9 13 12 11 14 10 12 14 9 15 16 12 12 16 13 14 9 13 15 14
itemClass_lengthVector 5 16 35 19 3 4 6 32 41 8 6 13 46 1 2 3 18 6 23 19 6 15 28 5 32 28 3 5 16 8 3 25 22 7 13 43 5 15 2 13 10 37 19 14 8 13 12 7 14 4 49 21 9 16 5 2 4 7 4 8 9 15 40 33 3 2 4 5 35 20 35 15 4 5 3 35 20 2 4 5 3 4 6 7 4 5 19 4 4 5 6 36 3 2 20 6 6 35 6 5 7 18 19 4 34 3 18 35 6 5 6 18 4 6 35 35 6 20 15 36
itemClass_demand 1 1 1 1 1 1 1 1 1 1 1 1 1 1 1 1 1 1 1 1 1 1 1 1 1 1 1 1 1 1 1 1 1 1 1 1 1 1 1 1 1 1 1 1 1 1 1 1 1 1 1 1 1 1 1 1 1 1 1 1 1 1 1 1 1 1 1 1 1 1 1 1 1 1 1 1 1 1 1 1 1 1 1 1 1 1 1 1 1 1 1 1 1 1 1 1 1 1 1 1 1 1 1 1 1 1 1 1 1 1 1 1 1 1 1 1 1 1 1 1
binNumber 10000
binClassNumber 1
binClass_widthVector 120
binClass_lengthVector 120
binClass_disponibility 1000
itemClass_weight 700 2240 4900 2660 420 560 840 4480 5740 1120 840 1820 6440 140 280 420 2520 840 3220 2660 840 2100 3920 700 5120 4480 480 800 2560 1280 480 4000 3300 1050 1950 6450 750 2250 300 1950 1600 5920 3040 2240 1280 2080 1920 1120 2240 640 7840 3360 1440 2560 800 320 600 1050 600 1200 1350 2250 6000 4950 441 286 600 725 5075 3100 5180 2310 612 740 462 5250 3040 290 572 745 432 580 900 1015 596 705 2698 576 572 720 888 5184 441 310 3100 876 900 5075 852 770 1071 2718 2945 564 4930 459 2700 5005 930 710 906 2538 612 870 5355 5215 930 2940 2250 5472
