itemNumber 600
itemClassNumber 600
itemClass_widthVector 30 29 28 27 26 25 24 23 22 21 20 19 18 17 16 15 14 13 32 31 30 29 28 27 26 25 24 23 22 21 20 19 18 17 16 15 31 30 29 28 27 26 25 24 23 22 21 20 19 18 17 16 15 14 35 34 33 32 31 30 29 28 27 26 25 24 23 22 21 20 19 18 33 32 31 30 29 28 27 26 25 24 23 22 21 20 19 18 17 16 34 33 32 31 30 29 28 27 26 25 24 23 22 21 20 19 18 17 34 33 32 31 30 29 28 27 26 25 24 23 22 21 20 19 18 17 33 32 31 30 29 28 27 26 25 24 23 22 21 20 19 18 17 16 31 30 29 28 27 26 25 24 23 22 21 20 19 18 17 16 15 14 32 31 30 29 28 27 26 25 24 23 22 21 20 19 18 17 16 15 36 35 34 33 32 31 30 29 28 27 26 25 24 23 22 21 20 19 36 35 34 33 32 31 30 29 28 27 26 25 24 23 22 21 20 19 36 35 34 33 32 31 30 29 28 27 26 25 24 23 22 21 20 19 37 36 35 34 33 32 31 30 29 28 27 26 25 24 23 22 21 20 34 33 32 31 30 29 28 27 26 25 24 23 22 21 20 19 18 17 30 29 28 27 26 25 24 23 22 21 20 19 18 17 16 15 14 13 31 30 29 28 27 26 25 24 23 22 21 20 19 18 17 16 15 14 35 34 33 32 31 30 29 28 27 26 25 24 23 22 21 20 19 18 22 22 15 18 22 23 23 19 27 18 17 26 27 22 16 24 22 33 22 21 16 27 19 17 16 22 23 20 25 26 19 20 19 26 31 34 18 24 21 30 24 16 28 30 24 31 18 24 17 21 21 24 27 18 30 16 18 32 20 32 24 20 24 34 15 16 28 18 27 19 16 20 28 24 26 26 32 33 34 24 18 16 26 18 30 26 20 18 20 20 27 27 22 24 31 17 21 20 31 19 28 34 31 16 16 22 20 25 21 20 26 25 25 20 26 28 29 31 25 19 21 21 29 17 29 16 32 18 22 31 30 21 28 25 24 31 27 18 33 27 32 19 22 27 30 29 27 24 27 18 22 20 32 20 25 30 28 30 15 18 28 21 29 25 30 27 29 18 18 31 26 28 25 16 19 20 19 19 29 19 31 16 25 25 16 27 17 20 32 20 27 26 25 24 34 31 23 31 17 24 15 22 25 17 24 30 27 27 17 32 15 33 31 20 26 27 18 23 24 24 31 25 21 25 25 26 22 23 22 23 29 23 18 28 28 27 20 15 26 22 24 31 29 17 24 28 18 31 25 25 23 24 31 31 17 33 31 28 19 25 21 25 29 21 31 25 32 19 24 18 24 28 32 30 23 16
itemClass_lengthVector 25 115 29 9 3 1 55 5 85 6 36 21 44 43 46 16 35 26 171 57 47 36 6 3 13 84 51 24 7 18 3 11 40 5 6 18 22 3 1 7 9 17 11 15 33 13 46 79 6 107 3 11 51 166 25 71 9 26 27 73 40 53 12 67 9 47 26 14 29 3 68 1 5 32 39 7 72 10 69 5 18 6 23 83 25 25 15 22 83 61 20 2 31 44 25 64 111 78 1 6 47 7 56 32 8 6 58 4 79 40 6 1 18 53 28 36 53 40 28 1 19 3 70 28 83 14 73 14 12 52 10 20 57 28 38 61 40 33 63 3 55 3 28 10 31 118 13 12 11 56 23 104 25 10 11 38 21 5 45 4 61 12 18 79 6 39 40 15 8 16 1 59 115 4 13 89 70 11 12 5 11 45 26 57 21 7 11 84 28 12 54 35 24 61 3 33 59 29 42 50 4 58 62 22 1 46 31 85 68 48 4 10 5 8 31 25 102 37 5 19 27 5 27 17 5 32 4 55 30 18 70 28 83 36 9 20 50 28 24 41 19 52 80 6 31 8 21 11 47 108 1 44 48 16 1 71 12 34 11 53 7 26 50 16 37 59 14 81 55 9 10 16 54 29 2 11 10 46 2 46 34 54 46 43 60 6 44 87 2 53 56 9 15 9 73 4 24 8 92 36 8 89 26 38 12 46 32 71 4 34 66 11 17 44 8 5 139 54 16 40 20 4 11 24 5 37 36 44 7 84 36 45 4 46 17 56 55 5 15 5 5 24 37 36 17 2 45 46 15 5 37 45 56 4 44 44 44 4 30 24 43 84 22 30 5 15 2 116 5 30 44 7 15 37 20 85 2 44 116 36 42 114 22 24 5 20 6 26 35 36 2 47 2 44 17 20 1 85 55 5 115 25 26 86 47 36 6 46 10 6 43 47 44 20 1 1 37 86 25 45 21 43 30 45 10 25 114 17 17 35 45 84 20 20 4 5 56 44 2 1 2 26 56 45 20 21 29 47 3 36 26 42 6 116 114 22 8 4 84 30 3 44 24 4 114 44 6 4 28 3 2 5 2 44 36 20 114 43 6 8 1 30 34 47 9 20 10 5 114 4 2 43 42 114 55 2 85 35 43 44 43 44 30 44 30 36 55 4 34 1 45 22 115 45 2 4 6 86 26 114 36 115 45 86 35 35 4 15 5 115 2 56 16 24 36 25 26 21 1 54 44 84 4 6 24 56 37 56 4 1 5 7 7 5 4 7 44 2 2 3 43 36 54 6 85 26 8 47 4 9 44 24 54 86 84 5 28 24 46 24 28 8 43 86 36 4 9 37 115 6 116 44 6 42 4 3 116 114 86 16
itemClass_demand 1 1 1 1 1 1 1 1 1 1 1 1 1 1 1 1 1 1 1 1 1 1 1 1 1 1 1 1 1 1 1 1 1 1 1 1 1 1 1 1 1 1 1 1 1 1 1 1 1 1 1 1 1 1 1 1 1 1 1 1 1 1 1 1 1 1 1 1 1 1 1 1 1 1 1 1 1 1 1 1 1 1 1 1 1 1 1 1 1 1 1 1 1 1 1 1 1 1 1 1 1 1 1 1 1 1 1 1 1 1 1 1 1 1 1 1 1 1 1 1 1 1 1 1 1 1 1 1 1 1 1 1 1 1 1 1 1 1 1 1 1 1 1 1 1 1 1 1 1 1 1 1 1 1 1 1 1 1 1 1 1 1 1 1 1 1 1 1 1 1 1 1 1 1 1 1 1 1 1 1 1 1 1 1 1 1 1 1 1 1 1 1 1 1 1 1 1 1 1 1 1 1 1 1 1 1 1 1 1 1 1 1 1 1 1 1 1 1 1 1 1 1 1 1 1 1 1 1 1 1 1 1 1 1 1 1 1 1 1 1 1 1 1 1 1 1 1 1 1 1 1 1 1 1 1 1 1 1 1 1 1 1 1 1 1 1 1 1 1 1 1 1 1 1 1 1 1 1 1 1 1 1 1 1 1 1 1 1 1 1 1 1 1 1 1 1 1 1 1 1 1 1 1 1 1 1 1 1 1 1 1 1 1 1 1 1 1 1 1 1 1 1 1 1 1 1 1 1 1 1 1 1 1 1 1 1 1 1 1 1 1 1 1 1 1 1 1 1 1 1 1 1 1 1 1 1 1 1 1 1 1 1 1 1 1 1 1 1 1 1 1 1 1 1 1 1 1 1 1 1 1 1 1 1 1 1 1 1 1 1 1 1 1 1 1 1 1 1 1 1 1 1 1 1 1 1 1 1 1 1 1 1 1 1 1 1 1 1 1 1 1 1 1 1 1 1 1 1 1 1 1 1 1 1 1 1 1 1 1 1 1 1 1 1 1 1 1 1 1 1 1 1 1 1 1 1 1 1 1 1 1 1 1 1 1 1 1 1 1 1 1 1 1 1 1 1 1 1 1 1 1 1 1 1 1 1 1 1 1 1 1 1 1 1 1 1 1 1 1 1 1 1 1 1 1 1 1 1 1 1 1 1 1 1 1 1 1 1 1 1 1 1 1 1 1 1 1 1 1 1 1 1 1 1 1 1 1 1 1 1 1 1 1 1 1 1 1 1 1 1 1 1 1 1 1 1 1 1 1 1 1 1 1 1 1 1 1 1 1 1 1 1 1 1 1 1 1 1 1 1 1 1 1 1 1 1 1 1 1 1 1 1 1 1 1 1 1 1 1 1
binNumber 10000
binClassNumber 1
binClass_widthVector 600
binClass_lengthVector 600
binClass_disponibility 1000
itemClass_weight 7500 34500 8700 2700 900 300 16500 1500 25500 1800 10800 6300 13200 12900 13800 4800 10500 7800 54720 18240 15040 11520 1920 960 4160 26880 16320 7680 2240 5760 960 3520 12800 1600 1920 5760 6820 930 310 2170 2790 5270 3410 4650 10230 4030 14260 24490 1860 33170 930 3410 15810 51460 8750 24850 3150 9100 9450 25550 14000 18550 4200 23450 3150 16450 9100 4900 10150 1050 23800 350 1650 10560 12870 2310 23760 3300 22770 1650 5940 1980 7590 27390 8250 8250 4950 7260 27390 20130 6800 680 10540 14960 8500 21760 37740 26520 340 2040 15980 2380 19040 10880 2720 2040 19720 1360 26860 13600 2040 340 6120 18020 9520 12240 18020 13600 9520 340 6460 1020 23800 9520 28220 4760 24090 4620 3960 17160 3300 6600 18810 9240 12540 20130 13200 10890 20790 990 18150 990 9240 3300 9610 36580 4030 3720 3410 17360 7130 32240 7750 3100 3410 11780 6510 1550 13950 1240 18910 3720 5760 25280 1920 12480 12800 4800 2560 5120 320 18880 36800 1280 4160 28480 22400 3520 3840 1600 3960 16200 9360 20520 7560 2520 3960 30240 10080 4320 19440 12600 8640 21960 1080 11880 21240 10440 15120 18000 1440 20880 22320 7920 360 16560 11160 30600 24480 17280 1440 3600 1800 2880 11160 9000 36720 13320 1800 6840 9720 1800 9720 6120 1800 11520 1440 19800 10800 6480 25200 10080 29880 12960 3330 7400 18500 10360 8880 15170 7030 19240 29600 2220 11470 2960 7770 4070 17390 39960 370 16280 16320 5440 340 24140 4080 11560 3740 18020 2380 8840 17000 5440 12580 20060 4760 27540 18700 3060 3000 4800 16200 8700 600 3300 3000 13800 600 13800 10200 16200 13800 12900 18000 1800 13200 26100 620 16430 17360 2790 4650 2790 22630 1240 7440 2480 28520 11160 2480 27590 8060 11780 3720 14260 11200 24850 1400 11900 23100 3850 5950 15400 2800 1750 48650 18900 5600 14000 7000 1400 3850 8400 1635 12136 11304 13860 2247 26376 11664 14130 1304 14398 5440 17640 17105 1560 4830 1635 1630 7248 12062 11304 5270 612 14445 14536 4785 1600 11951 13860 17304 1296 13860 14564 13552 1268 9660 7752 13631 26628 7018 9720 1505 4815 616 37236 1590 9150 13288 2163 4875 11840 6240 26945 622 13728 37468 11304 12852 37050 6820 7656 1650 6160 1824 7878 10570 11304 610 14194 662 13464 5576 6180 314 26775 16995 1655 37605 8250 8294 26488 14664 11880 1836 14444 3290 1932 13760 14241 14520 6160 316 330 11470 27692 7675 13545 6804 14018 9480 14175 3120 7625 35682 5593 5236 10850 14175 25788 6560 6360 1260 1595 16856 14124 648 301 614 8190 17304 13545 6040 6384 8845 14523 909 11160 7878 13398 1968 36540 37392 7172 2616 1216 27300 9600 993 13640 7704 1312 36024 13904 1974 1204 9212 966 638 1645 614 14388 11556 6440 37734 13975 1920 2616 320 9150 10948 14805 2718 6020 3120 1540 37734 1252 620 13072 13734 34314 18040 656 26180 11165 14104 13464 13631 13992 9270 14256 9480 11016 17820 1220 11186 327 14580 6776 34730 13860 652 1308 1908 26316 8242 34998 11916 35190 14040 26574 11340 11235 1292 4845 1530 38065 624 17864 4864 7224 10980 7600 8580 6573 308 17442 14036 26796 1308 1920 7656 17360 12173 17864 1264 313 1540 2170 2275 1585 1248 2240 14564 616 606 915 13416 11304 16794 1848 28050 7826 2416 14429 1204 2826 14300 7920 17766 28380 27300 1600 9268 7896 14766 7728 8652 2424 13072 26230 11484 1260 2889 11655 37260 1908 38396 13860 1986 13818 1236 957 35380 34428 26316 5168
