itemNumber 90
itemClassNumber 90
itemClass_widthVector 13 12 11 10 9 8 7 12 11 10 9 8 7 6 14 13 12 11 10 9 8 14 13 12 11 10 9 8 12 11 10 9 8 7 6 13 12 11 10 9 8 7 12 11 10 9 8 7 6 9 14 10 12 15 12 10 10 12 10 9 14 14 14 13 12 12 11 14 13 10 13 13 14 10 12 12 13 14 9 9 13 13 14 10 10 14 11 12 14 15
itemClass_lengthVector 17 2 5 5 54 3 4 11 8 15 2 20 2 32 16 25 4 11 26 2 6 23 3 7 13 2 19 23 10 7 8 6 16 26 17 19 2 12 24 7 18 8 6 22 36 11 1 4 10 4 1 55 6 16 5 55 54 5 55 2 17 2 2 2 5 5 5 18 4 54 6 1 1 54 4 5 6 17 2 2 4 1 3 54 53 3 5 5 16 16
itemClass_demand 1 1 1 1 1 1 1 1 1 1 1 1 1 1 1 1 1 1 1 1 1 1 1 1 1 1 1 1 1 1 1 1 1 1 1 1 1 1 1 1 1 1 1 1 1 1 1 1 1 1 1 1 1 1 1 1 1 1 1 1 1 1 1 1 1 1 1 1 1 1 1 1 1 1 1 1 1 1 1 1 1 1 1 1 1 1 1 1 1 1
binNumber 10000
binClassNumber 1
binClass_widthVector 90
binClass_lengthVector 90
binClass_disponibility 1000
itemClass_weight 2210 260 650 650 7020 390 520 1320 960 1800 240 2400 240 3840 2224 3475 556 1529 3614 278 834 3197 417 973 1807 278 2641 3197 1200 840 960 720 1920 3120 2040 2470 260 1560 3120 910 2340 1040 720 2640 4320 1320 120 480 1200 536 141 7590 834 2112 700 7590 7074 690 7370 286 2414 282 280 280 705 680 660 2538 552 7074 798 136 135 7074 544 655 798 2363 268 276 540 141 402 7776 7420 417 695 680 2272 2304
