itemNumber 90
itemClassNumber 90
itemClass_widthVector 12 11 10 9 8 7 6 13 12 11 10 9 8 7 14 13 12 11 10 9 8 13 12 11 10 9 8 7 14 13 12 11 10 9 8 11 10 9 8 7 6 5 13 12 11 10 9 8 7 12 13 12 14 14 11 12 12 13 8 9 8 10 9 14 12 13 8 10 10 8 12 12 13 8 10 12 8 10 12 8 10 10 9 12 9 12 14 10 12 12
itemClass_lengthVector 10 23 5 1 19 27 5 20 14 12 1 20 14 9 4 7 16 9 13 3 38 25 10 23 8 14 7 3 4 11 1 5 15 17 37 13 41 2 3 4 14 13 19 16 22 6 10 1 16 5 22 4 9 11 5 22 6 22 27 20 26 1 19 9 4 9 26 1 1 27 23 24 11 27 1 4 28 1 22 27 2 1 18 4 20 24 9 1 4 6
itemClass_demand 1 1 1 1 1 1 1 1 1 1 1 1 1 1 1 1 1 1 1 1 1 1 1 1 1 1 1 1 1 1 1 1 1 1 1 1 1 1 1 1 1 1 1 1 1 1 1 1 1 1 1 1 1 1 1 1 1 1 1 1 1 1 1 1 1 1 1 1 1 1 1 1 1 1 1 1 1 1 1 1 1 1 1 1 1 1 1 1 1 1
binNumber 10000
binClassNumber 1
binClass_widthVector 90
binClass_lengthVector 90
binClass_disponibility 1000
itemClass_weight 1200 2760 600 120 2280 3240 600 2600 1820 1560 130 2600 1820 1170 556 973 2224 1251 1807 417 5282 3250 1300 2990 1040 1820 910 390 556 1529 139 695 2085 2363 5143 1430 4510 220 330 440 1540 1430 2470 2080 2860 780 1300 130 2080 645 2926 488 1089 1419 605 2728 738 2750 3483 2580 3328 129 2470 1152 532 1089 3250 129 125 3429 2806 2952 1441 3510 128 484 3416 131 2926 3321 242 132 2196 524 2580 3024 1143 132 492 744
