itemNumber 180
itemClassNumber 180
itemClass_widthVector 19 18 17 16 15 14 13 12 11 10 17 16 15 14 13 12 11 10 9 8 17 16 15 14 13 12 11 10 9 8 19 18 17 16 15 14 13 12 11 10 19 18 17 16 15 14 13 12 11 10 16 15 14 13 12 11 10 9 8 7 19 18 17 16 15 14 13 12 11 10 16 15 14 13 12 11 10 9 8 7 19 18 17 16 15 14 13 12 11 10 19 18 17 16 15 14 13 12 11 10 19 19 12 20 13 18 13 13 17 15 17 17 21 20 20 18 15 21 13 16 21 19 20 20 13 14 18 21 12 14 21 17 12 19 12 17 13 14 12 21 21 20 15 20 17 12 13 17 18 13 20 17 17 16 15 20 20 19 18 18 18 15 19 15 21 13 20 14 20 16 17 15 18 12 18 19 13 12 16 18
itemClass_lengthVector 25 7 19 30 51 16 3 9 16 4 18 1 14 71 14 14 13 14 4 17 13 2 29 29 24 8 13 9 34 19 35 3 5 5 6 3 39 67 13 4 8 21 39 14 9 6 10 22 16 35 21 5 19 25 12 23 49 3 15 8 5 15 4 19 16 9 16 45 29 22 1 10 7 23 30 3 5 33 21 47 14 4 22 21 18 2 12 14 8 65 9 11 8 1 1 66 48 9 21 6 19 6 17 8 8 18 9 9 30 2 31 51 24 26 8 20 3 24 8 51 24 6 25 6 16 4 20 25 16 9 25 51 15 6 16 50 16 8 17 24 24 7 15 6 31 15 17 50 29 16 7 51 50 15 2 26 6 7 31 19 18 15 7 3 26 10 24 4 7 17 29 16 31 16 30 7 9 15 15 29
itemClass_demand 1 1 1 1 1 1 1 1 1 1 1 1 1 1 1 1 1 1 1 1 1 1 1 1 1 1 1 1 1 1 1 1 1 1 1 1 1 1 1 1 1 1 1 1 1 1 1 1 1 1 1 1 1 1 1 1 1 1 1 1 1 1 1 1 1 1 1 1 1 1 1 1 1 1 1 1 1 1 1 1 1 1 1 1 1 1 1 1 1 1 1 1 1 1 1 1 1 1 1 1 1 1 1 1 1 1 1 1 1 1 1 1 1 1 1 1 1 1 1 1 1 1 1 1 1 1 1 1 1 1 1 1 1 1 1 1 1 1 1 1 1 1 1 1 1 1 1 1 1 1 1 1 1 1 1 1 1 1 1 1 1 1 1 1 1 1 1 1 1 1 1 1 1 1 1 1 1 1 1 1
binNumber 10000
binClassNumber 1
binClass_widthVector 180
binClass_lengthVector 180
binClass_disponibility 1000
itemClass_weight 4750 1330 3610 5700 9690 3040 570 1710 3040 760 3060 170 2380 12070 2380 2380 2210 2380 680 2890 2210 340 4930 4930 4080 1360 2210 1530 5780 3230 6650 570 950 950 1140 570 7410 12730 2470 760 1520 3990 7410 2660 1710 1140 1900 4180 3040 6650 3360 800 3040 4000 1920 3680 7840 480 2400 1280 950 2850 760 3610 3040 1710 3040 8550 5510 4180 160 1600 1120 3680 4800 480 800 5280 3360 7520 2660 760 4180 3990 3420 380 2280 2660 1520 12350 1710 2090 1520 190 190 12540 9120 1710 3990 1140 3952 1200 3332 1552 1624 3600 1737 1800 5880 412 6231 10302 4944 5044 1592 4040 603 4944 1664 10404 4728 1164 5225 1164 3344 840 3980 4800 3104 1719 5200 10659 3135 1260 3120 10450 3264 1664 3434 5040 4800 1470 3135 1236 5921 3150 3434 9600 5916 3312 1428 10200 9550 2880 420 5018 1212 1442 6169 3705 3672 3135 1407 618 5200 1980 4608 780 1344 3315 5742 3088 5983 3104 6240 1435 1872 3015 2895 5858
