itemNumber 500
itemClassNumber 500
itemClass_widthVector 31 30 29 28 27 26 25 24 23 22 21 20 19 18 17 16 30 29 28 27 26 25 24 23 22 21 20 19 18 17 16 15 33 32 31 30 29 28 27 26 25 24 23 22 21 20 19 18 32 31 30 29 28 27 26 25 24 23 22 21 20 19 18 17 33 32 31 30 29 28 27 26 25 24 23 22 21 20 19 18 30 29 28 27 26 25 24 23 22 21 20 19 18 17 16 15 29 28 27 26 25 24 23 22 21 20 19 18 17 16 15 14 31 30 29 28 27 26 25 24 23 22 21 20 19 18 17 16 29 28 27 26 25 24 23 22 21 20 19 18 17 16 15 14 30 29 28 27 26 25 24 23 22 21 20 19 18 17 16 15 31 30 29 28 27 26 25 24 23 22 21 20 19 18 17 16 30 29 28 27 26 25 24 23 22 21 20 19 18 17 16 15 33 32 31 30 29 28 27 26 25 24 23 22 21 20 19 18 34 33 32 31 30 29 28 27 26 25 24 23 22 21 20 19 31 30 29 28 27 26 25 24 23 22 21 20 19 18 17 16 33 32 31 30 29 28 27 26 25 24 23 22 21 20 19 18 19 30 30 32 31 24 26 31 26 21 26 28 34 23 22 31 19 27 29 21 28 31 19 32 21 25 27 19 29 27 25 26 26 21 30 21 20 24 29 19 32 20 24 33 26 21 29 32 27 28 34 30 31 18 32 20 21 19 34 18 20 18 26 29 26 30 30 29 25 18 22 24 24 35 21 19 18 26 25 32 18 24 30 24 33 28 27 25 21 19 31 21 21 27 19 28 33 22 25 31 30 19 34 22 26 33 27 20 21 33 35 28 27 27 33 18 28 32 30 33 32 22 32 25 25 20 31 20 32 26 23 19 28 24 30 30 29 32 20 32 19 23 32 21 24 23 21 24 26 32 35 25 19 27 33 26 29 18 23 24 32 21 26 24 22 21 23 31 23 32 28 35 34 22 25 31 23 20 20 20 30 19 32 20 31 29 23 30 22 29 28 30 31 32 26 23 28 22 26 29 24 23 32 26 28 20 21 32 24 30 28 20 29 26 24 20 26 26 29 30 23 21 27 33 32 18 18 24 29 25 29 32 21 27 19 32 21 26 19 24 24 24 23 29
itemClass_lengthVector 1 30 44 9 24 9 57 15 37 60 22 12 19 104 21 36 27 16 45 118 9 26 4 15 25 21 6 31 14 61 36 46 14 1 2 6 82 9 82 3 20 2 45 80 50 26 18 60 86 8 3 26 64 47 4 6 3 35 75 82 35 16 1 9 84 34 17 47 46 17 6 7 12 52 29 28 23 56 27 15 21 10 72 21 9 90 19 45 5 28 49 21 82 8 13 7 51 46 42 21 21 14 83 74 1 11 41 1 1 68 4 21 16 75 1 16 80 36 4 21 1 69 8 11 10 41 90 21 26 58 44 43 29 36 2 19 54 47 4 41 29 6 25 37 24 45 47 13 18 40 23 10 34 25 28 15 89 1 68 20 57 30 7 12 25 7 67 63 136 10 4 10 27 27 16 2 12 41 42 8 57 27 43 26 19 5 31 40 46 45 25 33 37 16 139 16 11 62 31 38 4 32 22 22 2 58 3 7 45 79 38 11 28 16 19 43 32 22 3 52 22 16 62 12 100 63 11 2 20 53 56 15 6 62 4 24 26 10 4 44 80 62 17 11 2 10 4 6 2 87 15 10 12 147 5 30 105 44 44 31 9 21 16 44 15 11 38 9 1 22 13 44 103 14 8 20 25 43 22 43 18 38 16 105 23 9 38 36 56 18 9 20 20 22 8 103 31 20 37 2 16 18 24 43 9 9 2 25 43 22 29 105 18 21 2 20 103 20 37 10 37 43 8 9 36 20 23 38 23 1 11 104 21 38 38 30 22 59 10 21 1 25 16 36 18 104 29 19 12 16 22 9 30 12 15 30 9 22 29 13 37 1 15 20 18 31 1 8 8 56 1 22 23 1 8 29 43 12 29 14 14 19 45 103 1 16 23 104 56 59 45 25 8 44 103 43 22 21 2 20 60 22 13 23 38 43 1 16 104 8 30 36 9 20 60 21 31 19 37 61 21 19 22 8 61 1 23 2 2 21 61 43 61 104 19 105 9 21 31 18 30 24 21 10 23 24 24 45 10 1 14 13 25 13 16 9 23 61 45 14 58 18 18 44 37 10 25 105 24 36 36 103 36 15 8 25 12 20 10 29 45 22 21 23 23 59 10 2 20 14 21 43 20 37 21 38 36 37 60 8
itemClass_demand 1 1 1 1 1 1 1 1 1 1 1 1 1 1 1 1 1 1 1 1 1 1 1 1 1 1 1 1 1 1 1 1 1 1 1 1 1 1 1 1 1 1 1 1 1 1 1 1 1 1 1 1 1 1 1 1 1 1 1 1 1 1 1 1 1 1 1 1 1 1 1 1 1 1 1 1 1 1 1 1 1 1 1 1 1 1 1 1 1 1 1 1 1 1 1 1 1 1 1 1 1 1 1 1 1 1 1 1 1 1 1 1 1 1 1 1 1 1 1 1 1 1 1 1 1 1 1 1 1 1 1 1 1 1 1 1 1 1 1 1 1 1 1 1 1 1 1 1 1 1 1 1 1 1 1 1 1 1 1 1 1 1 1 1 1 1 1 1 1 1 1 1 1 1 1 1 1 1 1 1 1 1 1 1 1 1 1 1 1 1 1 1 1 1 1 1 1 1 1 1 1 1 1 1 1 1 1 1 1 1 1 1 1 1 1 1 1 1 1 1 1 1 1 1 1 1 1 1 1 1 1 1 1 1 1 1 1 1 1 1 1 1 1 1 1 1 1 1 1 1 1 1 1 1 1 1 1 1 1 1 1 1 1 1 1 1 1 1 1 1 1 1 1 1 1 1 1 1 1 1 1 1 1 1 1 1 1 1 1 1 1 1 1 1 1 1 1 1 1 1 1 1 1 1 1 1 1 1 1 1 1 1 1 1 1 1 1 1 1 1 1 1 1 1 1 1 1 1 1 1 1 1 1 1 1 1 1 1 1 1 1 1 1 1 1 1 1 1 1 1 1 1 1 1 1 1 1 1 1 1 1 1 1 1 1 1 1 1 1 1 1 1 1 1 1 1 1 1 1 1 1 1 1 1 1 1 1 1 1 1 1 1 1 1 1 1 1 1 1 1 1 1 1 1 1 1 1 1 1 1 1 1 1 1 1 1 1 1 1 1 1 1 1 1 1 1 1 1 1 1 1 1 1 1 1 1 1 1 1 1 1 1 1 1 1 1 1 1 1 1 1 1 1 1 1 1 1 1 1 1 1 1 1 1 1 1 1 1 1 1 1 1 1 1 1 1 1 1 1 1 1 1 1 1 1 1 1 1 1 1 1 1 1 1 1 1 1 1 1 1
binNumber 10000
binClassNumber 1
binClass_widthVector 500
binClass_lengthVector 500
binClass_disponibility 1000
itemClass_weight 310 9300 13640 2790 7440 2790 17670 4650 11470 18600 6820 3720 5890 32240 6510 11160 8100 4800 13500 35400 2700 7800 1200 4500 7500 6300 1800 9300 4200 18300 10800 13800 4620 330 660 1980 27060 2970 27060 990 6600 660 14850 26400 16500 8580 5940 19800 27520 2560 960 8320 20480 15040 1280 1920 960 11200 24000 26240 11200 5120 320 2880 27720 11220 5610 15510 15180 5610 1980 2310 3960 17160 9570 9240 7590 18480 8910 4950 6300 3000 21600 6300 2700 27000 5700 13500 1500 8400 14700 6300 24600 2400 3900 2100 14790 13340 12180 6090 6090 4060 24070 21460 290 3190 11890 290 290 19720 1160 6090 4960 23250 310 4960 24800 11160 1240 6510 310 21390 2480 3410 3100 12710 27900 6510 7540 16820 12760 12470 8410 10440 580 5510 15660 13630 1160 11890 8410 1740 7250 10730 7200 13500 14100 3900 5400 12000 6900 3000 10200 7500 8400 4500 26700 300 20400 6000 17670 9300 2170 3720 7750 2170 20770 19530 42160 3100 1240 3100 8370 8370 4960 620 3600 12300 12600 2400 17100 8100 12900 7800 5700 1500 9300 12000 13800 13500 7500 9900 12210 5280 45870 5280 3630 20460 10230 12540 1320 10560 7260 7260 660 19140 990 2310 15300 26860 12920 3740 9520 5440 6460 14620 10880 7480 1020 17680 7480 5440 21080 4080 31000 19530 3410 620 6200 16430 17360 4650 1860 19220 1240 7440 8060 3100 1240 13640 26400 20460 5610 3630 660 3300 1320 1980 660 28710 4950 3300 3960 48510 1650 9900 34335 14520 14476 10013 2862 6762 5440 14916 4920 3762 12616 2871 335 7040 4303 14828 32342 4620 2544 6840 8075 14061 7106 13631 5634 12046 5152 35490 7705 2835 12768 12024 18592 5940 2952 6320 6580 7238 2544 32960 9889 6440 12432 658 5296 5598 7776 14319 3078 2979 622 8275 14018 6996 9802 34440 5850 6972 682 6300 35226 6800 12284 3210 12543 14491 2520 3051 12096 6440 7268 12578 7383 342 3476 33280 6888 12388 12426 9840 7436 18821 3220 6552 336 7900 5056 11340 5616 33280 9512 6270 3852 5072 7414 2853 9750 4092 4770 9630 3024 6930 9309 4290 12062 331 4965 6380 5742 10385 328 2656 2656 18088 324 7150 7360 334 2544 9889 13846 4056 9570 4368 4564 6270 15165 32754 314 5280 7866 35464 18088 19588 15345 7875 2496 14872 34814 14319 7282 6762 652 6740 19920 6930 4134 7314 11894 13502 335 5424 33488 2688 10050 12096 2853 6840 19260 6594 10478 6042 12654 19154 6888 6042 6842 2696 19276 328 7199 682 634 6888 20862 14362 19337 34424 6403 33390 2871 6720 9765 6066 9510 7680 7077 3220 7498 8160 7872 14625 3310 340 4774 4134 8450 4381 5296 2970 7659 20740 14760 4466 19372 5958 5850 14432 11692 3420 8100 35805 7800 11916 12204 35123 11484 5025 2720 8425 3816 6700 3240 9164 14625 6886 6888 7176 7682 18349 3310 666 6800 4760 7035 14577 6720 11803 6699 12692 11772 11729 18660 2520
