itemNumber 110
itemClassNumber 110
itemClass_widthVector 13 12 11 10 9 8 7 6 13 12 11 10 9 8 7 6 12 11 10 9 8 7 6 5 15 14 13 12 11 10 9 8 14 13 12 11 10 9 8 7 15 14 13 12 11 10 9 8 14 13 12 11 10 9 8 7 14 13 12 11 10 9 8 7 10 15 9 12 11 8 14 15 8 10 13 11 10 14 14 9 9 14 8 9 8 11 10 14 8 15 13 9 10 10 9 10 9 8 14 8 12 11 10 15 15 15 9 12 14 8
itemClass_lengthVector 5 16 35 19 3 4 6 22 22 1 18 8 6 13 4 38 24 30 4 8 6 15 15 8 36 27 1 1 1 36 5 3 22 13 44 11 9 6 2 3 10 34 36 8 5 8 5 4 18 9 5 3 32 30 9 4 4 2 3 2 4 72 7 16 2 4 5 35 20 6 15 4 5 3 35 20 2 4 5 3 4 6 7 4 5 19 4 4 5 6 36 3 2 4 4 2 4 7 5 7 18 19 2 5 4 6 4 35 4 6
itemClass_demand 1 1 1 1 1 1 1 1 1 1 1 1 1 1 1 1 1 1 1 1 1 1 1 1 1 1 1 1 1 1 1 1 1 1 1 1 1 1 1 1 1 1 1 1 1 1 1 1 1 1 1 1 1 1 1 1 1 1 1 1 1 1 1 1 1 1 1 1 1 1 1 1 1 1 1 1 1 1 1 1 1 1 1 1 1 1 1 1 1 1 1 1 1 1 1 1 1 1 1 1 1 1 1 1 1 1 1 1 1 1
binNumber 10000
binClassNumber 1
binClass_widthVector 110
binClass_lengthVector 110
binClass_disponibility 1000
itemClass_weight 650 2080 4550 2470 390 520 780 2860 2860 130 2340 1040 780 1690 520 4940 2880 3600 480 960 720 1800 1800 960 5400 4050 150 150 150 5400 750 450 3080 1820 6160 1540 1260 840 280 420 1500 5100 5400 1200 750 1200 750 600 2520 1260 700 420 4480 4200 1260 560 560 280 420 280 560 10080 980 2240 266 560 675 4725 2700 828 2160 572 690 432 4900 2840 270 532 695 402 540 840 945 556 655 2508 536 532 670 828 4824 411 274 528 524 270 524 924 720 1001 2538 2660 270 710 536 822 572 4725 560 804
