itemNumber 700
itemClassNumber 700
itemClass_widthVector 35 34 33 32 31 30 29 28 27 26 25 24 23 22 21 20 19 18 17 34 33 32 31 30 29 28 27 26 25 24 23 22 21 20 19 18 17 16 37 36 35 34 33 32 31 30 29 28 27 26 25 24 23 22 21 20 19 34 33 32 31 30 29 28 27 26 25 24 23 22 21 20 19 18 17 16 40 39 38 37 36 35 34 33 32 31 30 29 28 27 26 25 24 23 22 40 39 38 37 36 35 34 33 32 31 30 29 28 27 26 25 24 23 22 40 39 38 37 36 35 34 33 32 31 30 29 28 27 26 25 24 23 22 39 38 37 36 35 34 33 32 31 30 29 28 27 26 25 24 23 22 21 36 35 34 33 32 31 30 29 28 27 26 25 24 23 22 21 20 19 18 34 33 32 31 30 29 28 27 26 25 24 23 22 21 20 19 18 17 16 40 39 38 37 36 35 34 33 32 31 30 29 28 27 26 25 24 23 22 33 32 31 30 29 28 27 26 25 24 23 22 21 20 19 18 17 16 15 39 38 37 36 35 34 33 32 31 30 29 28 27 26 25 24 23 22 21 39 38 37 36 35 34 33 32 31 30 29 28 27 26 25 24 23 22 21 33 32 31 30 29 28 27 26 25 24 23 22 21 20 19 18 17 16 15 40 39 38 37 36 35 34 33 32 31 30 29 28 27 26 25 24 23 22 37 36 35 34 33 32 31 30 29 28 27 26 25 24 23 22 21 20 19 36 35 34 33 32 31 30 29 28 27 26 25 24 23 22 21 20 19 18 34 33 32 31 30 29 28 27 26 25 24 23 22 21 20 19 18 17 16 24 32 28 30 38 28 32 32 28 27 36 29 31 28 26 30 31 27 21 23 23 35 33 35 22 26 36 24 29 34 37 35 28 20 27 36 19 33 20 27 37 28 28 20 27 36 24 34 38 31 26 29 19 33 36 35 30 35 20 22 31 25 20 28 20 26 38 32 20 28 28 21 29 33 36 24 34 29 22 35 23 28 25 24 26 25 35 29 29 26 39 20 35 25 29 21 34 29 26 36 33 20 31 35 38 35 29 29 36 29 28 26 28 22 20 27 26 28 36 29 28 37 31 30 24 25 32 34 27 35 34 35 38 27 28 22 24 19 34 25 29 28 35 19 22 35 22 34 26 30 19 20 25 29 22 35 34 21 21 35 35 27 24 28 20 34 23 37 32 30 23 23 24 36 32 23 34 27 33 26 20 20 32 19 24 30 20 19 24 26 23 38 29 34 23 34 31 34 36 34 26 37 29 31 35 32 32 25 32 25 26 31 27 36 23 26 36 36 32 34 21 36 19 36 21 24 34 20 22 26 38 32 25 31 27 33 35 36 29 19 29 34 26 36 20 28 25 37 20 26 32 27 28 35 30 35 23 20 31 37 20 27 24 39 20 30 21 31 28 29 21 19 35 20 28 26 30 28 26 36 28 32 20 22 28 29 38 30 23 24 26 38 27 30 33 29 31 21 28 22 29 31 26 29 38 23 39 27 35 28 37 21 25 20 27 36 36 37 36 30 29 28 24 23 23 20 30 35 35 37 35 32 34 34 29 37 27 25 24
itemClass_lengthVector 10 13 4 3 2 190 6 11 87 28 37 42 16 59 33 14 12 99 34 89 22 57 10 71 127 4 4 19 11 11 25 71 13 28 118 1 10 9 58 75 72 6 144 11 8 50 1 12 56 4 20 8 7 36 7 9 116 72 92 8 1 17 72 18 18 4 28 23 113 20 23 32 99 24 9 27 32 194 3 100 76 32 20 5 57 10 8 21 32 56 19 11 16 3 5 39 63 5 69 23 7 5 145 32 12 44 61 17 66 18 32 44 9 9 42 25 20 50 34 3 45 22 21 13 66 6 2 28 142 27 6 63 85 13 2 26 6 47 17 7 75 81 10 19 71 50 45 79 30 51 58 13 11 17 37 1 49 106 36 46 18 4 3 73 8 52 6 144 5 17 67 21 54 20 9 88 34 24 1 1 59 14 11 7 69 146 35 18 16 73 33 77 20 16 37 28 1 89 6 17 120 83 24 8 8 50 22 50 11 8 56 28 37 13 35 5 58 26 18 80 44 3 87 80 16 14 20 72 88 39 33 10 11 42 34 50 74 6 50 39 51 39 18 1 24 12 79 121 2 7 39 49 37 30 18 31 54 31 23 7 51 47 69 22 39 23 14 11 52 34 10 4 15 70 4 77 13 89 38 128 24 2 80 26 9 175 28 1 81 28 56 50 42 12 51 6 9 5 69 3 19 16 34 15 47 22 3 29 55 18 92 12 33 53 58 11 41 5 18 26 35 47 95 177 51 10 13 14 1 11 28 33 27 37 8 86 74 5 50 1 43 31 24 23 10 13 33 6 10 73 20 22 13 66 17 77 4 94 107 86 2 34 6 37 5 10 27 1 3 86 27 14 86 5 88 16 88 10 42 11 60 60 4 1 12 15 36 13 32 86 4 14 2 27 13 38 2 100 189 12 41 13 28 38 11 38 4 33 5 14 12 43 28 100 2 2 4 6 3 12 15 7 59 98 87 99 17 13 6 98 38 29 12 27 3 10 59 3 87 14 3 58 87 59 60 37 17 3 12 86 17 9 98 14 60 88 15 4 29 15 2 191 99 7 2 14 2 11 86 14 87 87 43 36 34 12 38 36 86 14 12 28 10 11 88 15 41 3 3 36 13 2 4 11 43 87 15 16 98 2 59 88 87 4 99 34 5 14 189 15 87 98 98 60 87 32 14 4 12 15 4 2 42 59 28 11 4 14 10 190 11 34 15 59 4 1 58 190 27 3 17 100 98 190 100 17 6 13 98 32 15 13 9 88 3 34 191 6 2 5 2 42 9 10 7 3 5 3 16 3 15 16 11 42 5 32 42 13 2 7 4 11 2 100 14 11 59 4 98 13 36 13 191 17 11 36 189 14 4 87 99 29 3 42 11 11 37 43 5 13 37 3 38 37 14 87 3 58 100 5 14 98 29 33 10 98 5 11 5 38 12 13 98 5 11 27 42 7 29 41 4 36 7 100 13 29 87 13 12 14 16 41 13 37 7 4 28 10 13 28 32 12 10 15 29 11 13 10 38 4 87 5 11 41 13 27 11 9 14 11 6 29 86 15 32 58 13 5 2 4 14 14 5 2 2 88 14 37 17 58
itemClass_demand 1 1 1 1 1 1 1 1 1 1 1 1 1 1 1 1 1 1 1 1 1 1 1 1 1 1 1 1 1 1 1 1 1 1 1 1 1 1 1 1 1 1 1 1 1 1 1 1 1 1 1 1 1 1 1 1 1 1 1 1 1 1 1 1 1 1 1 1 1 1 1 1 1 1 1 1 1 1 1 1 1 1 1 1 1 1 1 1 1 1 1 1 1 1 1 1 1 1 1 1 1 1 1 1 1 1 1 1 1 1 1 1 1 1 1 1 1 1 1 1 1 1 1 1 1 1 1 1 1 1 1 1 1 1 1 1 1 1 1 1 1 1 1 1 1 1 1 1 1 1 1 1 1 1 1 1 1 1 1 1 1 1 1 1 1 1 1 1 1 1 1 1 1 1 1 1 1 1 1 1 1 1 1 1 1 1 1 1 1 1 1 1 1 1 1 1 1 1 1 1 1 1 1 1 1 1 1 1 1 1 1 1 1 1 1 1 1 1 1 1 1 1 1 1 1 1 1 1 1 1 1 1 1 1 1 1 1 1 1 1 1 1 1 1 1 1 1 1 1 1 1 1 1 1 1 1 1 1 1 1 1 1 1 1 1 1 1 1 1 1 1 1 1 1 1 1 1 1 1 1 1 1 1 1 1 1 1 1 1 1 1 1 1 1 1 1 1 1 1 1 1 1 1 1 1 1 1 1 1 1 1 1 1 1 1 1 1 1 1 1 1 1 1 1 1 1 1 1 1 1 1 1 1 1 1 1 1 1 1 1 1 1 1 1 1 1 1 1 1 1 1 1 1 1 1 1 1 1 1 1 1 1 1 1 1 1 1 1 1 1 1 1 1 1 1 1 1 1 1 1 1 1 1 1 1 1 1 1 1 1 1 1 1 1 1 1 1 1 1 1 1 1 1 1 1 1 1 1 1 1 1 1 1 1 1 1 1 1 1 1 1 1 1 1 1 1 1 1 1 1 1 1 1 1 1 1 1 1 1 1 1 1 1 1 1 1 1 1 1 1 1 1 1 1 1 1 1 1 1 1 1 1 1 1 1 1 1 1 1 1 1 1 1 1 1 1 1 1 1 1 1 1 1 1 1 1 1 1 1 1 1 1 1 1 1 1 1 1 1 1 1 1 1 1 1 1 1 1 1 1 1 1 1 1 1 1 1 1 1 1 1 1 1 1 1 1 1 1 1 1 1 1 1 1 1 1 1 1 1 1 1 1 1 1 1 1 1 1 1 1 1 1 1 1 1 1 1 1 1 1 1 1 1 1 1 1 1 1 1 1 1 1 1 1 1 1 1 1 1 1 1 1 1 1 1 1 1 1 1 1 1 1 1 1 1 1 1 1 1 1 1 1 1 1 1 1 1 1 1 1 1 1 1 1 1 1 1 1 1 1 1 1 1 1 1 1 1 1 1 1 1 1 1 1 1 1 1 1 1 1 1 1 1 1 1 1 1 1 1 1 1 1 1 1 1 1 1 1 1 1 1 1 1 1 1 1 1 1 1 1 1 1 1 1 1 1 1 1 1 1 1 1 1 1 1 1 1 1 1 1 1 1 1 1 1 1 1 1 1 1
binNumber 10000
binClassNumber 1
binClass_widthVector 700
binClass_lengthVector 700
binClass_disponibility 1000
itemClass_weight 3500 4550 1400 1050 700 66500 2100 3850 30450 9800 12950 14700 5600 20650 11550 4900 4200 34650 11900 30260 7480 19380 3400 24140 43180 1360 1360 6460 3740 3740 8500 24140 4420 9520 40120 340 3400 3060 21460 27750 26640 2220 53280 4070 2960 18500 370 4440 20720 1480 7400 2960 2590 13320 2590 3330 42920 24480 31280 2720 340 5780 24480 6120 6120 1360 9520 7820 38420 6800 7820 10880 33660 8160 3060 9180 12800 77600 1200 40000 30400 12800 8000 2000 22800 4000 3200 8400 12800 22400 7600 4400 6400 1200 2000 15600 25200 2000 27600 9200 2800 2000 58000 12800 4800 17600 24400 6800 26400 7200 12800 17600 3600 3600 16800 10000 8000 20000 13600 1200 18000 8800 8400 5200 26400 2400 800 11200 56800 10800 2400 25200 34000 5070 780 10140 2340 18330 6630 2730 29250 31590 3900 7410 27690 19500 17550 30810 11700 19890 22620 5070 3960 6120 13320 360 17640 38160 12960 16560 6480 1440 1080 26280 2880 18720 2160 51840 1800 6120 24120 7140 18360 6800 3060 29920 11560 8160 340 340 20060 4760 3740 2380 23460 49640 11900 6120 5440 24820 13200 30800 8000 6400 14800 11200 400 35600 2400 6800 48000 33200 9600 3200 3200 20000 8800 20000 4400 2640 18480 9240 12210 4290 11550 1650 19140 8580 5940 26400 14520 990 28710 26400 5280 4620 6600 23760 34320 15210 12870 3900 4290 16380 13260 19500 28860 2340 19500 15210 19890 15210 7020 390 9360 4680 30810 47190 780 2730 15210 19110 14430 11700 7020 12090 21060 12090 8970 2730 19890 18330 26910 8580 15210 8970 4620 3630 17160 11220 3300 1320 4950 23100 1320 25410 4290 29370 12540 42240 7920 660 26400 8580 2970 70000 11200 400 32400 11200 22400 20000 16800 4800 20400 2400 3600 2000 27600 1200 7600 6400 13600 6000 17390 8140 1110 10730 20350 6660 34040 4440 12210 19610 21460 4070 15170 1850 6660 9620 12950 17390 35150 63720 18360 3600 4680 5040 360 3960 10080 11880 9720 13320 2880 30960 26640 1800 18000 360 15480 11160 8160 7820 3400 4420 11220 2040 3400 24820 6800 7480 4420 22440 5780 26180 1360 31960 36380 29240 680 12750 2202 13246 1755 3750 9747 375 1125 32680 10395 4942 30616 1795 33352 5888 32208 3620 16212 4246 23100 22080 1428 378 4596 5355 13860 4888 12288 31906 1500 5194 716 9882 4836 14478 768 36900 70875 4524 14555 4901 10304 14592 3960 14098 1524 12375 1795 5138 4464 16168 10416 35200 718 708 1428 2304 1086 4488 5475 2562 22066 34790 30537 35145 6426 4563 2106 37534 14668 11165 4548 10233 1101 3740 20768 1125 32538 5320 1080 20996 32103 21771 22680 14134 6052 1080 4284 30702 6154 3186 36554 5404 21480 31856 5460 1516 11078 5715 726 72007 38115 2674 736 5180 736 3949 33196 5278 32190 33234 15738 13032 12036 4368 14478 12924 33110 5012 4596 9828 3560 4092 33792 5580 15047 1119 1110 13824 4628 732 1472 3938 15437 33408 5775 5920 37534 728 20768 33792 32712 1420 36630 12240 1820 5166 71631 5400 30537 36750 34496 22680 32712 12192 4942 1536 4476 5490 1444 756 14868 22007 10248 4092 1540 5012 3750 67830 4026 12716 5445 22715 1472 375 20590 72770 10368 1140 6205 35100 35378 67450 36200 6511 2118 4979 36848 11328 5355 4758 3420 31768 1155 13124 71625 2244 724 1860 734 15960 3303 3850 2562 1128 1775 1056 5744 1098 5445 5792 3960 15498 1820 11424 14868 4667 732 2632 1500 3861 762 36800 5404 4048 22538 1448 34594 5005 12780 4719 73153 6171 3905 12708 72009 5264 1504 30798 37422 10759 1065 16128 3883 4092 13061 16426 1860 4693 13320 1128 14212 13838 5124 32103 1104 21402 36600 1905 5096 36456 10237 11649 3610 35476 1795 4180 1900 14174 4212 4771 35770 1765 4169 10341 14910 2541 11049 14432 1488 13572 2674 37900 4992 11165 30537 4849 4368 5040 5728 15785 4563 13098 2604 1436 10416 3620 4810 10752 12064 4392 3760 5400 10846 4169 4680 3860 14098 1544 32190 1790 4158 14637 4667 9828 4158 3159 5208 4246 2208 11136 31304 5790 11872 20996 4706 1850 720 1460 5222 5306 1810 708 738 32208 5082 14060 6052 21576
