itemNumber 120
itemClassNumber 120
itemClass_widthVector 16 15 14 13 12 11 10 9 15 14 13 12 11 10 9 8 15 14 13 12 11 10 9 8 14 13 12 11 10 9 8 7 16 15 14 13 12 11 10 9 13 12 11 10 9 8 7 6 15 14 13 12 11 10 9 8 16 15 14 13 12 11 10 9 16 13 16 17 13 13 14 12 13 12 14 17 18 14 12 13 17 11 14 12 16 17 18 18 13 13 16 14 18 16 18 12 16 12 14 14 14 12 14 11 12 17 11 15 16 12 16 15 15 14 11 14 12 13 17 17
itemClass_lengthVector 36 23 18 6 6 15 7 9 8 2 16 40 8 14 17 15 15 3 23 14 2 13 15 35 4 7 39 20 8 5 10 27 31 12 4 1 18 8 30 16 6 8 13 23 28 19 2 21 7 38 14 7 12 4 11 27 22 2 1 22 13 11 48 1 24 7 19 24 15 14 5 8 15 14 6 22 37 6 6 16 37 6 5 15 19 24 36 37 14 14 22 6 37 23 36 6 24 15 6 5 7 15 7 8 7 22 8 5 18 8 23 6 6 5 7 5 6 14 35 24
itemClass_demand 1 1 1 1 1 1 1 1 1 1 1 1 1 1 1 1 1 1 1 1 1 1 1 1 1 1 1 1 1 1 1 1 1 1 1 1 1 1 1 1 1 1 1 1 1 1 1 1 1 1 1 1 1 1 1 1 1 1 1 1 1 1 1 1 1 1 1 1 1 1 1 1 1 1 1 1 1 1 1 1 1 1 1 1 1 1 1 1 1 1 1 1 1 1 1 1 1 1 1 1 1 1 1 1 1 1 1 1 1 1 1 1 1 1 1 1 1 1 1 1
binNumber 10000
binClassNumber 1
binClass_widthVector 120
binClass_lengthVector 120
binClass_disponibility 1000
itemClass_weight 5760 3680 2880 960 960 2400 1120 1440 1200 300 2400 6000 1200 2100 2550 2250 2250 450 3450 2100 300 1950 2250 5250 560 980 5460 2800 1120 700 1400 3780 4960 1920 640 160 2880 1280 4800 2560 780 1040 1690 2990 3640 2470 260 2730 1050 5700 2100 1050 1800 600 1650 4050 3520 320 160 3520 2080 1760 7680 160 4128 1127 3116 4224 2625 2380 855 1336 2415 2310 990 3872 5994 1038 1032 2656 5957 1044 820 2550 3116 4032 6156 6105 2380 2408 3872 996 6475 3864 6084 1020 4248 2655 1050 870 1239 2460 1204 1368 1190 3696 1352 860 3114 1320 3979 1026 1038 835 1183 850 1002 2268 5810 4008
