itemNumber 500
itemClassNumber 500
itemClass_widthVector 30 29 28 27 26 25 24 23 22 21 20 19 18 17 16 15 29 28 27 26 25 24 23 22 21 20 19 18 17 16 15 14 34 33 32 31 30 29 28 27 26 25 24 23 22 21 20 19 32 31 30 29 28 27 26 25 24 23 22 21 20 19 18 17 31 30 29 28 27 26 25 24 23 22 21 20 19 18 17 16 30 29 28 27 26 25 24 23 22 21 20 19 18 17 16 15 30 29 28 27 26 25 24 23 22 21 20 19 18 17 16 15 32 31 30 29 28 27 26 25 24 23 22 21 20 19 18 17 34 33 32 31 30 29 28 27 26 25 24 23 22 21 20 19 32 31 30 29 28 27 26 25 24 23 22 21 20 19 18 17 30 29 28 27 26 25 24 23 22 21 20 19 18 17 16 15 32 31 30 29 28 27 26 25 24 23 22 21 20 19 18 17 31 30 29 28 27 26 25 24 23 22 21 20 19 18 17 16 32 31 30 29 28 27 26 25 24 23 22 21 20 19 18 17 31 30 29 28 27 26 25 24 23 22 21 20 19 18 17 16 30 29 28 27 26 25 24 23 22 21 20 19 18 17 16 15 25 26 31 24 33 18 32 31 27 24 18 30 17 22 23 18 31 31 32 21 20 25 30 22 33 29 23 28 27 26 30 20 28 29 25 17 19 29 23 33 32 17 31 22 27 19 17 26 31 30 28 22 28 24 23 30 23 25 18 28 32 29 28 19 32 22 28 30 25 34 19 24 23 29 18 20 21 18 25 23 29 21 19 24 29 23 28 27 19 21 31 27 27 21 21 25 27 30 22 26 30 18 31 18 21 18 32 25 25 23 23 30 23 28 32 26 26 32 17 31 31 27 23 27 32 28 28 18 30 29 34 27 25 31 28 19 20 19 18 27 17 17 27 24 26 22 29 18 28 30 30 26 26 17 21 25 31 17 27 27 21 24 33 22 27 27 18 22 25 30 30 24 23 31 19 31 29 31 20 25 25 20 27 29 20 23 20 19 23 25 34 26 29 30 25 25 23 26 28 22 27 18 27 25 29 17 30 27 29 30 31 31 19 19 31 29 24 23 29 26 32 24 25 28 24 33 28 32 31 27 21 22 34 27 20 19 24 25 25 30 30 18 28 30
itemClass_lengthVector 61 29 31 9 37 101 78 9 36 13 12 28 17 23 12 4 59 16 64 6 11 89 9 3 26 8 17 43 12 60 50 27 41 7 30 27 23 53 21 49 28 44 9 70 4 61 11 22 10 55 10 80 62 6 55 15 20 45 16 60 9 18 7 32 30 18 105 28 8 65 23 45 52 3 12 11 24 53 14 9 6 82 52 38 26 5 1 53 5 90 5 6 11 45 55 20 39 7 67 126 1 32 14 8 70 34 1 26 23 7 32 13 7 3 24 38 38 17 17 17 26 89 20 35 8 27 19 115 8 21 69 49 3 83 27 54 3 9 13 15 9 47 60 30 69 28 4 6 28 18 13 3 25 28 6 95 4 63 42 68 8 11 59 25 5 13 27 24 3 5 5 36 196 31 28 24 120 13 13 25 12 4 2 25 28 24 33 124 14 4 47 12 12 87 34 18 8 18 23 52 41 61 3 31 43 41 12 16 36 5 74 10 76 68 11 14 4 68 20 1 1 23 50 39 56 18 51 29 12 2 73 8 39 35 71 28 3 12 47 16 5 40 39 1 200 11 19 4 26 2 56 54 10 9 9 15 10 10 61 37 62 11 28 60 101 35 23 10 11 13 35 13 29 30 29 13 16 77 32 14 60 38 13 9 102 78 9 16 100 9 77 12 18 10 12 62 61 11 32 12 100 23 12 100 29 32 38 12 38 36 13 32 12 36 22 101 61 30 10 17 61 13 9 30 79 61 22 14 13 10 12 17 11 13 37 37 30 13 22 8 31 13 10 79 23 27 32 100 79 29 11 35 101 29 12 101 29 13 62 24 29 24 30 9 79 12 12 32 36 8 60 77 100 61 13 29 31 101 14 78 30 36 38 11 8 8 61 38 78 60 102 16 28 23 11 38 11 13 38 8 9 12 37 13 101 31 10 10 102 12 12 78 30 13 37 101 12 35 61 14 37 79 24 12 77 30 10 13 14 61 18 28 30 30 28 36 35 18 78 37 17 13 16 23 35 8 62 100 30 10 77 36 13 9 36 12 38 12 37 9 36 13 28 102 36 28 30 60 23 23 61 36 12 36 10 101 62 35 35 101 35 61 102 29 30 102 13 13 60 78 28 23 37 10 77 8 8 23 8 31
itemClass_demand 1 1 1 1 1 1 1 1 1 1 1 1 1 1 1 1 1 1 1 1 1 1 1 1 1 1 1 1 1 1 1 1 1 1 1 1 1 1 1 1 1 1 1 1 1 1 1 1 1 1 1 1 1 1 1 1 1 1 1 1 1 1 1 1 1 1 1 1 1 1 1 1 1 1 1 1 1 1 1 1 1 1 1 1 1 1 1 1 1 1 1 1 1 1 1 1 1 1 1 1 1 1 1 1 1 1 1 1 1 1 1 1 1 1 1 1 1 1 1 1 1 1 1 1 1 1 1 1 1 1 1 1 1 1 1 1 1 1 1 1 1 1 1 1 1 1 1 1 1 1 1 1 1 1 1 1 1 1 1 1 1 1 1 1 1 1 1 1 1 1 1 1 1 1 1 1 1 1 1 1 1 1 1 1 1 1 1 1 1 1 1 1 1 1 1 1 1 1 1 1 1 1 1 1 1 1 1 1 1 1 1 1 1 1 1 1 1 1 1 1 1 1 1 1 1 1 1 1 1 1 1 1 1 1 1 1 1 1 1 1 1 1 1 1 1 1 1 1 1 1 1 1 1 1 1 1 1 1 1 1 1 1 1 1 1 1 1 1 1 1 1 1 1 1 1 1 1 1 1 1 1 1 1 1 1 1 1 1 1 1 1 1 1 1 1 1 1 1 1 1 1 1 1 1 1 1 1 1 1 1 1 1 1 1 1 1 1 1 1 1 1 1 1 1 1 1 1 1 1 1 1 1 1 1 1 1 1 1 1 1 1 1 1 1 1 1 1 1 1 1 1 1 1 1 1 1 1 1 1 1 1 1 1 1 1 1 1 1 1 1 1 1 1 1 1 1 1 1 1 1 1 1 1 1 1 1 1 1 1 1 1 1 1 1 1 1 1 1 1 1 1 1 1 1 1 1 1 1 1 1 1 1 1 1 1 1 1 1 1 1 1 1 1 1 1 1 1 1 1 1 1 1 1 1 1 1 1 1 1 1 1 1 1 1 1 1 1 1 1 1 1 1 1 1 1 1 1 1 1 1 1 1 1 1 1 1 1 1 1 1 1 1 1 1 1 1 1 1 1 1 1 1 1 1 1 1 1 1 1 1 1 1 1 1 1 1 1 1 1 1
binNumber 10000
binClassNumber 1
binClass_widthVector 500
binClass_lengthVector 500
binClass_disponibility 1000
itemClass_weight 18300 8700 9300 2700 11100 30300 23400 2700 10800 3900 3600 8400 5100 6900 3600 1200 17110 4640 18560 1740 3190 25810 2610 870 7540 2320 4930 12470 3480 17400 14500 7830 13940 2380 10200 9180 7820 18020 7140 16660 9520 14960 3060 23800 1360 20740 3740 7480 3200 17600 3200 25600 19840 1920 17600 4800 6400 14400 5120 19200 2880 5760 2240 10240 9300 5580 32550 8680 2480 20150 7130 13950 16120 930 3720 3410 7440 16430 4340 2790 1800 24600 15600 11400 7800 1500 300 15900 1500 27000 1500 1800 3300 13500 16500 6000 11700 2100 20100 37800 300 9600 4200 2400 21000 10200 300 7800 6900 2100 9600 3900 2240 960 7680 12160 12160 5440 5440 5440 8320 28480 6400 11200 2560 8640 6080 36800 2720 7140 23460 16660 1020 28220 9180 18360 1020 3060 4420 5100 3060 15980 20400 10200 22080 8960 1280 1920 8960 5760 4160 960 8000 8960 1920 30400 1280 20160 13440 21760 2400 3300 17700 7500 1500 3900 8100 7200 900 1500 1500 10800 58800 9300 8400 7200 38400 4160 4160 8000 3840 1280 640 8000 8960 7680 10560 39680 4480 1280 15040 3840 3720 26970 10540 5580 2480 5580 7130 16120 12710 18910 930 9610 13330 12710 3720 4960 11520 1600 23680 3200 24320 21760 3520 4480 1280 21760 6400 320 320 7360 16000 12480 17360 5580 15810 8990 3720 620 22630 2480 12090 10850 22010 8680 930 3720 14570 4960 1500 12000 11700 300 60000 3300 5700 1200 7800 600 16800 16200 3000 2700 2700 4500 3300 3150 18422 11322 19840 3531 9156 18600 31815 10955 6969 3140 3399 4004 11095 4173 9483 9660 8874 4043 4912 25102 10080 4522 18720 11628 4121 2889 33048 25506 2817 4816 32100 2790 25102 3624 5688 3030 3744 20336 19032 3542 10208 3672 31900 7015 3852 32800 9251 10464 12198 3636 12084 11304 4095 10176 3936 10872 7106 32118 20130 9780 3290 5151 19947 4303 2970 9840 26070 18422 7062 4564 3952 3090 3708 5168 3322 3926 12099 11507 9720 3913 6930 2616 10137 4082 3260 25359 7061 8127 10240 32100 25675 9338 3553 11480 32926 9193 3648 32724 9338 4095 18848 7944 8729 7320 9810 2745 25043 3924 3756 10144 11520 2536 18540 23870 30700 20130 4030 9164 9920 33330 4228 23634 9840 11052 11856 3355 2600 2520 18666 11742 25038 19320 31110 5056 9044 7498 3586 12236 3465 3913 12274 2592 2970 3828 11803 4121 31007 10137 3280 3200 32436 3876 3780 25428 9870 4017 11729 31007 3840 10850 18483 4438 12062 24253 7272 3924 25256 9420 3170 4225 4564 19276 5796 8820 9120 9210 8428 10908 10675 5580 24648 11988 5593 4277 5216 7567 10535 2496 19964 32300 9810 3100 24794 11664 4082 2763 10836 3912 12274 3804 11544 2799 11196 4095 9072 31926 10836 8624 9420 19680 7084 7268 18605 11664 3624 11628 3120 31209 19902 10710 11200 31613 10955 19337 32946 9193 9090 33762 4147 4186 18900 24882 9100 7199 11433 3030 24409 2584 2568 7314 2528 9424
