itemNumber 100
itemClassNumber 100
itemClass_widthVector 13 12 11 10 9 8 7 6 14 13 12 11 10 9 8 7 11 10 9 8 7 6 5 4 14 13 12 11 10 9 8 7 13 12 11 10 9 8 7 6 11 10 9 8 7 6 5 4 13 12 11 10 9 8 7 6 11 10 9 8 7 6 5 4 8 11 15 13 8 11 8 11 12 13 14 10 12 13 8 13 12 9 10 13 10 13 8 14 12 14 11 9 10 10 14 11 8 9 13 13
itemClass_lengthVector 14 18 16 1 12 9 4 26 1 9 7 1 39 23 18 2 24 2 1 43 11 6 2 11 1 8 30 4 33 1 1 22 3 5 15 10 28 1 29 9 6 10 8 2 54 11 6 3 5 7 15 11 6 12 10 34 11 9 3 17 41 8 4 7 4 1 14 17 4 1 4 2 1 16 17 11 15 17 4 16 1 8 12 16 13 17 4 19 17 17 1 10 13 13 13 2 5 8 17 15
itemClass_demand 1 1 1 1 1 1 1 1 1 1 1 1 1 1 1 1 1 1 1 1 1 1 1 1 1 1 1 1 1 1 1 1 1 1 1 1 1 1 1 1 1 1 1 1 1 1 1 1 1 1 1 1 1 1 1 1 1 1 1 1 1 1 1 1 1 1 1 1 1 1 1 1 1 1 1 1 1 1 1 1 1 1 1 1 1 1 1 1 1 1 1 1 1 1 1 1 1 1 1 1
binNumber 10000
binClassNumber 1
binClass_widthVector 100
binClass_lengthVector 100
binClass_disponibility 1000
itemClass_weight 1820 2340 2080 130 1560 1170 520 3380 140 1260 980 140 5460 3220 2520 280 2640 220 110 4730 1210 660 220 1210 140 1120 4200 560 4620 140 140 3080 390 650 1950 1300 3640 130 3770 1170 660 1100 880 220 5940 1210 660 330 650 910 1950 1430 780 1560 1300 4420 1210 990 330 1870 4510 880 440 770 564 141 2016 2397 532 131 532 278 138 2192 2448 1584 2070 2244 572 2304 136 1104 1692 2304 1768 2414 576 2584 2363 2448 142 1330 1755 1846 1820 268 705 1072 2244 2010
