itemNumber 160
itemClassNumber 160
itemClass_widthVector 17 16 15 14 13 12 11 10 9 16 15 14 13 12 11 10 9 8 18 17 16 15 14 13 12 11 10 19 18 17 16 15 14 13 12 11 19 18 17 16 15 14 13 12 11 18 17 16 15 14 13 12 11 10 18 17 16 15 14 13 12 11 10 18 17 16 15 14 13 12 11 10 17 16 15 14 13 12 11 10 9 14 18 17 12 15 15 18 18 12 17 17 16 19 15 17 13 12 16 16 12 15 18 15 13 18 13 14 18 17 11 13 14 17 13 12 17 17 19 19 16 16 14 12 12 16 19 12 18 19 15 17 12 15 13 12 11 19 14 15 15 15 18 16 19 14 14 11 13 15 13 13 11 18 16 17 15 15 11 15
itemClass_lengthVector 6 22 39 2 11 4 22 40 14 5 21 51 25 7 4 34 2 11 2 25 90 1 5 4 14 12 7 7 23 3 35 29 19 4 2 38 12 6 2 6 28 26 28 11 41 29 15 8 22 37 9 1 38 1 7 9 1 37 14 4 10 49 29 11 5 14 10 18 60 5 9 28 11 14 60 8 13 10 20 23 1 10 5 23 21 3 1 23 23 23 23 39 3 7 3 39 4 21 1 40 39 11 7 10 22 5 21 3 23 21 39 23 4 23 3 40 23 39 5 7 38 40 10 21 22 40 7 22 23 7 11 22 21 1 5 22 39 7 4 10 12 12 5 38 7 5 5 40 4 10 22 4 40 22 40 40 12 2 41 12
itemClass_demand 1 1 1 1 1 1 1 1 1 1 1 1 1 1 1 1 1 1 1 1 1 1 1 1 1 1 1 1 1 1 1 1 1 1 1 1 1 1 1 1 1 1 1 1 1 1 1 1 1 1 1 1 1 1 1 1 1 1 1 1 1 1 1 1 1 1 1 1 1 1 1 1 1 1 1 1 1 1 1 1 1 1 1 1 1 1 1 1 1 1 1 1 1 1 1 1 1 1 1 1 1 1 1 1 1 1 1 1 1 1 1 1 1 1 1 1 1 1 1 1 1 1 1 1 1 1 1 1 1 1 1 1 1 1 1 1 1 1 1 1 1 1 1 1 1 1 1 1 1 1 1 1 1 1 1 1 1 1 1 1
binNumber 10000
binClassNumber 1
binClass_widthVector 160
binClass_lengthVector 160
binClass_disponibility 1000
itemClass_weight 1020 3740 6630 340 1870 680 3740 6800 2380 800 3360 8160 4000 1120 640 5440 320 1760 360 4500 16200 180 900 720 2520 2160 1260 1330 4370 570 6650 5510 3610 760 380 7220 2280 1140 380 1140 5320 4940 5320 2090 7790 5220 2700 1440 3960 6660 1620 180 6840 180 1260 1620 180 6660 2520 720 1800 8820 5220 1980 900 2520 1800 3240 10800 900 1620 5040 1870 2380 10200 1360 2210 1700 3400 3910 170 1830 930 3956 3801 537 180 4025 4140 4186 4117 7332 540 1218 558 7254 748 3780 184 7000 6747 1903 1211 1760 4048 880 3906 528 3933 3633 6747 4140 700 3956 543 7400 3956 7059 865 1246 6954 7080 1860 3927 3982 6840 1260 4136 4301 1253 1991 4136 3843 173 930 4114 7332 1232 700 1810 2196 2196 910 6650 1211 930 920 6920 708 1790 3872 736 7400 3784 7280 7400 2112 352 7421 2052
