itemNumber 60
itemClassNumber 60
itemClass_widthVector 11 10 9 8 7 6 9 8 7 6 5 4 10 9 8 7 6 5 10 9 8 7 6 5 11 10 9 8 7 6 9 8 7 6 5 4 11 12 10 9 9 9 8 13 13 12 12 10 8 10 8 11 12 11 12 13 10 12 8 12
itemClass_lengthVector 3 14 3 29 6 5 23 8 2 1 2 24 5 6 19 10 4 16 5 10 23 12 3 7 4 7 8 13 21 7 15 8 5 9 3 20 13 13 3 29 29 29 7 2 4 2 3 2 7 2 5 13 3 14 4 3 3 14 6 4
itemClass_demand 1 1 1 1 1 1 1 1 1 1 1 1 1 1 1 1 1 1 1 1 1 1 1 1 1 1 1 1 1 1 1 1 1 1 1 1 1 1 1 1 1 1 1 1 1 1 1 1 1 1 1 1 1 1 1 1 1 1 1 1
binNumber 10000
binClassNumber 1
binClass_widthVector 60
binClass_lengthVector 60
binClass_disponibility 1000
itemClass_weight 330 1540 330 3190 660 550 2070 720 180 90 180 2160 500 600 1900 1000 400 1600 500 1000 2300 1200 300 700 440 770 880 1430 2310 770 1350 720 450 810 270 1800 1508 1508 354 3422 3335 3538 840 238 480 244 360 234 833 224 595 1560 357 1708 460 348 333 1554 690 464
