itemNumber 180
itemClassNumber 180
itemClass_widthVector 19 18 17 16 15 14 13 12 11 10 19 18 17 16 15 14 13 12 11 10 18 17 16 15 14 13 12 11 10 9 19 18 17 16 15 14 13 12 11 10 17 16 15 14 13 12 11 10 9 8 18 17 16 15 14 13 12 11 10 9 17 16 15 14 13 12 11 10 9 8 16 15 14 13 12 11 10 9 8 7 18 17 16 15 14 13 12 11 10 9 19 18 17 16 15 14 13 12 11 10 14 13 16 21 21 16 13 14 20 18 17 20 14 19 16 17 15 13 18 17 15 20 19 17 19 14 20 18 14 14 20 14 17 18 17 15 15 14 19 18 13 14 20 13 21 18 21 21 17 12 12 17 17 16 16 20 13 12 20 18 16 18 17 20 21 16 20 13 19 18 14 21 16 13 18 18 15 12 15 20
itemClass_lengthVector 36 29 17 21 5 21 13 22 12 4 21 16 50 18 17 8 24 10 11 5 15 15 25 7 2 5 24 42 8 37 3 2 8 12 45 16 4 58 1 31 36 65 3 21 10 10 7 7 17 4 13 11 18 23 15 24 4 61 8 3 57 44 4 9 11 8 9 9 10 19 14 30 16 21 4 10 48 6 8 23 36 10 69 1 3 11 8 4 6 32 4 4 6 12 3 26 14 64 38 9 12 12 22 37 37 20 11 21 30 21 22 29 14 16 5 20 14 23 21 21 21 30 16 5 16 13 30 20 13 14 35 22 6 17 21 12 22 23 16 22 22 12 36 21 36 20 35 35 6 12 12 5 22 21 21 37 11 11 30 22 4 17 5 36 37 22 36 22 16 18 12 36 6 13 18 22 20 12 13 35
itemClass_demand 1 1 1 1 1 1 1 1 1 1 1 1 1 1 1 1 1 1 1 1 1 1 1 1 1 1 1 1 1 1 1 1 1 1 1 1 1 1 1 1 1 1 1 1 1 1 1 1 1 1 1 1 1 1 1 1 1 1 1 1 1 1 1 1 1 1 1 1 1 1 1 1 1 1 1 1 1 1 1 1 1 1 1 1 1 1 1 1 1 1 1 1 1 1 1 1 1 1 1 1 1 1 1 1 1 1 1 1 1 1 1 1 1 1 1 1 1 1 1 1 1 1 1 1 1 1 1 1 1 1 1 1 1 1 1 1 1 1 1 1 1 1 1 1 1 1 1 1 1 1 1 1 1 1 1 1 1 1 1 1 1 1 1 1 1 1 1 1 1 1 1 1 1 1 1 1 1 1 1 1
binNumber 10000
binClassNumber 1
binClass_widthVector 180
binClass_lengthVector 180
binClass_disponibility 1000
itemClass_weight 6840 5510 3230 3990 950 3990 2470 4180 2280 760 3990 3040 9500 3420 3230 1520 4560 1900 2090 950 2700 2700 4500 1260 360 900 4320 7560 1440 6660 570 380 1520 2280 8550 3040 760 11020 190 5890 6120 11050 510 3570 1700 1700 1190 1190 2890 680 2340 1980 3240 4140 2700 4320 720 10980 1440 540 9690 7480 680 1530 1870 1360 1530 1530 1700 3230 2240 4800 2560 3360 640 1600 7680 960 1280 3680 6480 1800 12420 180 540 1980 1440 720 1080 5760 760 760 1140 2280 570 4940 2660 12160 7220 1710 2364 2424 4466 7141 7437 3900 2200 4158 6000 4095 4400 6003 2912 3296 1050 3960 2912 4600 4347 4074 4284 5940 3088 1005 3200 2652 5940 4080 2600 2814 7070 4620 1230 3349 4158 2364 4598 4439 3248 4466 4422 2472 7344 4326 7020 3900 7175 7350 1218 2292 2304 1030 4224 4305 4158 7474 2134 2233 5850 4224 776 3400 1040 7308 7178 4510 7488 4598 3072 3600 2436 7344 1254 2730 3618 4532 3940 2460 2730 6930
