itemNumber 200
itemClassNumber 200
itemClass_widthVector 17 16 15 14 13 12 11 10 9 8 7 21 20 19 18 17 16 15 14 13 12 11 16 15 14 13 12 11 10 9 8 7 6 18 17 16 15 14 13 12 11 10 9 8 17 16 15 14 13 12 11 10 9 8 7 19 18 17 16 15 14 13 12 11 10 9 20 19 18 17 16 15 14 13 12 11 10 19 18 17 16 15 14 13 12 11 10 9 19 18 17 16 15 14 13 12 11 10 9 17 16 15 14 13 12 11 10 9 8 7 17 16 15 14 13 12 11 10 9 8 7 14 10 15 16 16 15 17 16 18 17 9 9 15 18 18 17 16 17 16 13 15 18 19 12 18 17 12 16 16 15 9 12 17 13 15 17 18 14 18 10 17 18 15 9 14 15 13 12 12 12 19 9 15 9 19 11 14 13 19 10 15 11 9 17 9 13 10 17 17 16 17 9 13 14 10 11 9 16 16
itemClass_lengthVector 1 7 92 11 4 10 31 23 17 1 3 8 49 3 29 24 14 9 6 44 10 4 49 24 5 31 20 1 21 21 11 2 15 28 14 53 6 12 13 5 3 36 18 12 69 20 2 13 14 14 9 7 8 13 31 1 84 4 3 15 11 20 1 18 3 40 4 25 19 16 5 3 3 14 71 34 6 7 21 2 19 16 2 13 8 11 9 92 8 49 1 58 17 2 5 22 5 11 22 3 31 7 24 12 3 27 37 1 46 9 5 22 23 26 24 27 1 2 22 19 29 5 17 10 91 11 4 7 93 1 91 2 2 4 7 1 7 10 7 93 32 5 6 1 23 6 7 24 93 10 3 2 31 92 9 10 7 2 10 8 18 91 8 10 2 4 11 32 24 31 22 2 1 4 1 1 24 10 31 1 16 5 24 2 92 2 32 16 7 6 11 92 1 32 4 16 24 1 92 11
itemClass_demand 1 1 1 1 1 1 1 1 1 1 1 1 1 1 1 1 1 1 1 1 1 1 1 1 1 1 1 1 1 1 1 1 1 1 1 1 1 1 1 1 1 1 1 1 1 1 1 1 1 1 1 1 1 1 1 1 1 1 1 1 1 1 1 1 1 1 1 1 1 1 1 1 1 1 1 1 1 1 1 1 1 1 1 1 1 1 1 1 1 1 1 1 1 1 1 1 1 1 1 1 1 1 1 1 1 1 1 1 1 1 1 1 1 1 1 1 1 1 1 1 1 1 1 1 1 1 1 1 1 1 1 1 1 1 1 1 1 1 1 1 1 1 1 1 1 1 1 1 1 1 1 1 1 1 1 1 1 1 1 1 1 1 1 1 1 1 1 1 1 1 1 1 1 1 1 1 1 1 1 1 1 1 1 1 1 1 1 1 1 1 1 1 1 1 1 1 1 1 1 1
binNumber 10000
binClassNumber 1
binClass_widthVector 200
binClass_lengthVector 200
binClass_disponibility 1000
itemClass_weight 170 1190 15640 1870 680 1700 5270 3910 2890 170 510 1680 10290 630 6090 5040 2940 1890 1260 9240 2100 840 7840 3840 800 4960 3200 160 3360 3360 1760 320 2400 5040 2520 9540 1080 2160 2340 900 540 6480 3240 2160 11730 3400 340 2210 2380 2380 1530 1190 1360 2210 5270 190 15960 760 570 2850 2090 3800 190 3420 570 7600 800 5000 3800 3200 1000 600 600 2800 14200 6800 1200 1330 3990 380 3610 3040 380 2470 1520 2090 1710 17480 1520 9310 190 11020 3230 380 950 4180 950 2090 4180 510 5270 1190 4080 2040 510 4590 6290 170 7820 1530 850 3740 3910 4420 4080 4590 170 340 3740 3230 4930 915 3196 1730 17108 2057 724 1302 16833 183 15834 346 346 752 1218 171 1204 1760 1246 17112 6016 905 1032 181 4209 1110 1316 4296 16740 1730 519 356 5611 16376 1602 1830 1211 360 1750 1384 3168 16380 1400 1810 352 688 2035 6016 4104 5549 3762 350 179 704 186 187 4272 1780 5518 176 2880 880 4176 352 16284 372 5856 2992 1253 1110 2013 16100 174 5568 732 2992 4104 177 17296 1969
