itemNumber 140
itemClassNumber 140
itemClass_widthVector 15 14 13 12 11 10 9 8 7 14 13 12 11 10 9 8 7 6 16 15 14 13 12 11 10 9 8 13 12 11 10 9 8 7 6 5 17 16 15 14 13 12 11 10 9 17 16 15 14 13 12 11 10 9 16 15 14 13 12 11 10 9 8 17 16 15 14 13 12 11 10 9 15 14 13 12 11 10 9 8 7 13 12 12 12 12 12 14 16 16 9 9 12 11 10 10 13 14 13 11 14 15 15 12 13 11 12 16 10 14 15 14 10 9 11 13 10 16 13 12 14 13 12 16 13 15 13 15 17 9 15 15 16 13 14 14 16 13 17 12
itemClass_lengthVector 1 7 17 44 31 11 4 10 15 8 49 3 29 20 4 14 9 4 31 18 24 5 8 23 20 1 10 23 5 14 54 5 12 18 3 6 4 48 7 1 44 25 3 7 1 15 37 40 2 12 18 1 5 10 4 1 4 10 3 2 42 50 24 41 3 22 4 6 7 34 19 4 6 22 26 4 7 2 44 20 9 45 12 30 30 32 30 45 1 6 9 9 30 12 3 5 43 16 31 11 45 7 7 10 45 11 30 2 3 45 7 18 5 10 10 32 4 7 30 30 43 30 10 1 30 6 44 8 1 9 8 16 8 43 43 16 8 32 1 31
itemClass_demand 1 1 1 1 1 1 1 1 1 1 1 1 1 1 1 1 1 1 1 1 1 1 1 1 1 1 1 1 1 1 1 1 1 1 1 1 1 1 1 1 1 1 1 1 1 1 1 1 1 1 1 1 1 1 1 1 1 1 1 1 1 1 1 1 1 1 1 1 1 1 1 1 1 1 1 1 1 1 1 1 1 1 1 1 1 1 1 1 1 1 1 1 1 1 1 1 1 1 1 1 1 1 1 1 1 1 1 1 1 1 1 1 1 1 1 1 1 1 1 1 1 1 1 1 1 1 1 1 1 1 1 1 1 1 1 1 1 1 1 1
binNumber 10000
binClassNumber 1
binClass_widthVector 140
binClass_lengthVector 140
binClass_disponibility 1000
itemClass_weight 150 1050 2550 6600 4650 1650 600 1500 2250 1120 6860 420 4060 2800 560 1960 1260 560 4960 2880 3840 800 1280 3680 3200 160 1600 2990 650 1820 7020 650 1560 2340 390 780 680 8160 1190 170 7480 4250 510 1190 170 2550 6290 6800 340 2040 3060 170 850 1700 640 160 640 1600 480 320 6720 8000 3840 6970 510 3740 680 1020 1190 5780 3230 680 900 3300 3900 600 1050 300 6600 3000 1350 7335 1824 4560 4800 5248 4560 7020 162 942 1440 1467 4710 1932 462 830 6579 2512 5022 1760 6975 1148 1085 1530 7155 1815 4800 306 471 7020 1106 2952 795 1570 1510 5280 612 1078 4860 4800 6579 4590 1600 161 4620 906 6996 1208 166 1449 1248 2560 1240 6923 7052 2544 1312 5280 156 5084
