itemNumber 600
itemClassNumber 600
itemClass_widthVector 37 36 35 34 33 32 31 30 29 28 27 26 25 24 23 22 21 20 34 33 32 31 30 29 28 27 26 25 24 23 22 21 20 19 18 17 34 33 32 31 30 29 28 27 26 25 24 23 22 21 20 19 18 17 32 31 30 29 28 27 26 25 24 23 22 21 20 19 18 17 16 15 31 30 29 28 27 26 25 24 23 22 21 20 19 18 17 16 15 14 30 29 28 27 26 25 24 23 22 21 20 19 18 17 16 15 14 13 35 34 33 32 31 30 29 28 27 26 25 24 23 22 21 20 19 18 36 35 34 33 32 31 30 29 28 27 26 25 24 23 22 21 20 19 31 30 29 28 27 26 25 24 23 22 21 20 19 18 17 16 15 14 35 34 33 32 31 30 29 28 27 26 25 24 23 22 21 20 19 18 29 28 27 26 25 24 23 22 21 20 19 18 17 16 15 14 13 12 36 35 34 33 32 31 30 29 28 27 26 25 24 23 22 21 20 19 32 31 30 29 28 27 26 25 24 23 22 21 20 19 18 17 16 15 36 35 34 33 32 31 30 29 28 27 26 25 24 23 22 21 20 19 36 35 34 33 32 31 30 29 28 27 26 25 24 23 22 21 20 19 32 31 30 29 28 27 26 25 24 23 22 21 20 19 18 17 16 15 31 30 29 28 27 26 25 24 23 22 21 20 19 18 17 16 15 14 33 32 31 30 29 28 27 26 25 24 23 22 21 20 19 18 17 16 30 25 27 25 30 41 24 28 36 29 35 26 26 26 29 30 26 35 27 24 32 37 31 29 32 27 28 36 41 38 29 33 36 38 31 31 39 34 31 37 37 25 25 34 38 25 27 30 37 38 23 33 27 34 37 26 30 30 24 26 35 35 29 24 40 29 41 24 34 28 28 27 28 26 24 34 28 37 28 35 27 36 39 33 28 34 35 39 36 37 22 27 33 36 24 37 28 33 34 38 34 41 25 36 32 31 36 36 32 28 40 29 27 37 31 25 24 34 23 35 37 24 35 40 34 25 27 24 37 35 37 41 36 24 34 32 37 29 38 35 31 29 35 28 25 24 28 24 31 35 38 28 39 39 27 24 25 38 27 23 38 24 23 27 28 36 35 38 27 29 24 25 35 24 32 28 30 37 27 30 39 27 27 37 33 35 31 26 33 25 37 35 24 37 25 39 32 40 26 26 37 36 40 31 26 26 25 34 24 39 36 34 38 32 23 32 34 38 33 23 36 35 23 25 31 26 39 35 38 32 28 36 28 29 33 33 40 31 23 41 34 39 34 36 31 31 37 41 37 27 25 40 23 28 25 23 40 35 38 25 22 37 24 35 31 35 24 31 36 30 30 39 34 40 32 24
itemClass_lengthVector 53 12 25 15 9 22 74 5 15 44 14 11 51 43 14 25 87 81 18 53 15 1 9 41 12 48 6 205 23 78 4 38 2 34 7 6 1 18 72 24 89 12 3 9 49 38 18 4 52 23 32 11 134 11 13 3 15 19 2 11 61 28 17 7 1 37 52 4 32 97 63 138 14 36 37 15 30 35 11 3 27 20 56 114 70 18 56 17 14 27 30 7 12 6 16 16 150 12 1 131 2 34 3 50 32 6 79 13 54 23 8 24 3 2 9 10 9 11 44 30 10 121 38 67 27 110 8 23 9 21 36 39 56 34 32 24 26 2 13 3 36 51 74 113 28 33 27 7 46 34 19 23 109 7 5 8 28 21 17 46 99 43 94 5 40 14 15 39 70 52 8 29 2 31 6 9 105 2 1 78 27 26 46 39 13 40 25 70 53 10 4 3 109 86 6 2 34 7 13 16 29 29 91 13 15 23 25 13 77 20 117 58 5 9 43 4 34 63 47 12 30 74 8 25 90 6 18 20 67 17 3 11 8 67 20 10 19 43 45 28 50 1 49 14 52 26 22 46 25 117 6 27 59 8 40 122 37 18 11 3 70 6 10 39 11 13 16 6 77 54 6 3 67 29 17 69 15 75 19 16 74 62 67 13 6 2 52 8 13 69 38 34 13 105 20 131 26 52 8 13 24 3 35 8 6 2 44 18 10 50 47 46 24 63 6 5 73 17 20 40 23 37 65 12 14 26 44 13 15 54 14 51 8 12 14 14 15 14 13 43 50 8 50 24 14 8 14 45 5 11 15 24 54 13 45 75 14 12 16 16 11 9 4 12 24 15 15 74 12 13 43 14 11 25 87 74 52 8 12 44 13 14 13 50 15 15 44 24 12 11 54 24 4 52 11 11 10 44 15 75 12 11 13 9 10 16 52 4 50 6 22 11 26 14 88 11 4 26 86 16 13 23 75 52 4 52 42 24 15 5 15 16 6 13 52 15 12 15 45 13 87 10 24 15 26 86 74 54 8 26 44 26 10 73 26 54 8 86 23 5 11 15 13 15 43 10 73 15 14 88 12 86 14 22 12 14 24 53 42 13 14 24 52 87 26 13 26 44 10 15 15 15 44 11 13 13 73 88 15 15 14 25 43 15 52 44 52 26 5 16 44 52 4 15 13 21 88 12 24 13 4 54 51 51 13 10 13 4 14 50 25 73 13 25 23 4 26 15 86 16 6 52 6 26 9 22 86 14 6 44 24 21 14 6 14 16 52 13 23 5 12 45 88 52 21 13 8 26 4 14 14 53 14 11 24 54 24 12 44 25 53 22 25 26 86 26 88 23 44 22 26 4 22 15 16 26 10 54 14 25
itemClass_demand 1 1 1 1 1 1 1 1 1 1 1 1 1 1 1 1 1 1 1 1 1 1 1 1 1 1 1 1 1 1 1 1 1 1 1 1 1 1 1 1 1 1 1 1 1 1 1 1 1 1 1 1 1 1 1 1 1 1 1 1 1 1 1 1 1 1 1 1 1 1 1 1 1 1 1 1 1 1 1 1 1 1 1 1 1 1 1 1 1 1 1 1 1 1 1 1 1 1 1 1 1 1 1 1 1 1 1 1 1 1 1 1 1 1 1 1 1 1 1 1 1 1 1 1 1 1 1 1 1 1 1 1 1 1 1 1 1 1 1 1 1 1 1 1 1 1 1 1 1 1 1 1 1 1 1 1 1 1 1 1 1 1 1 1 1 1 1 1 1 1 1 1 1 1 1 1 1 1 1 1 1 1 1 1 1 1 1 1 1 1 1 1 1 1 1 1 1 1 1 1 1 1 1 1 1 1 1 1 1 1 1 1 1 1 1 1 1 1 1 1 1 1 1 1 1 1 1 1 1 1 1 1 1 1 1 1 1 1 1 1 1 1 1 1 1 1 1 1 1 1 1 1 1 1 1 1 1 1 1 1 1 1 1 1 1 1 1 1 1 1 1 1 1 1 1 1 1 1 1 1 1 1 1 1 1 1 1 1 1 1 1 1 1 1 1 1 1 1 1 1 1 1 1 1 1 1 1 1 1 1 1 1 1 1 1 1 1 1 1 1 1 1 1 1 1 1 1 1 1 1 1 1 1 1 1 1 1 1 1 1 1 1 1 1 1 1 1 1 1 1 1 1 1 1 1 1 1 1 1 1 1 1 1 1 1 1 1 1 1 1 1 1 1 1 1 1 1 1 1 1 1 1 1 1 1 1 1 1 1 1 1 1 1 1 1 1 1 1 1 1 1 1 1 1 1 1 1 1 1 1 1 1 1 1 1 1 1 1 1 1 1 1 1 1 1 1 1 1 1 1 1 1 1 1 1 1 1 1 1 1 1 1 1 1 1 1 1 1 1 1 1 1 1 1 1 1 1 1 1 1 1 1 1 1 1 1 1 1 1 1 1 1 1 1 1 1 1 1 1 1 1 1 1 1 1 1 1 1 1 1 1 1 1 1 1 1 1 1 1 1 1 1 1 1 1 1 1 1 1 1 1 1 1 1 1 1 1 1 1 1 1 1 1 1 1 1 1 1 1 1 1 1 1 1 1 1 1 1 1 1 1 1 1 1 1 1 1 1 1 1 1 1 1 1 1 1 1 1 1 1 1 1 1 1 1 1 1 1 1 1 1 1 1 1 1 1 1 1 1 1 1 1 1 1 1 1 1 1 1 1 1 1 1 1 1 1 1 1 1 1
binNumber 10000
binClassNumber 1
binClass_widthVector 600
binClass_lengthVector 600
binClass_disponibility 1000
itemClass_weight 19610 4440 9250 5550 3330 8140 27380 1850 5550 16280 5180 4070 18870 15910 5180 9250 32190 29970 6120 18020 5100 340 3060 13940 4080 16320 2040 69700 7820 26520 1360 12920 680 11560 2380 2040 340 6120 24480 8160 30260 4080 1020 3060 16660 12920 6120 1360 17680 7820 10880 3740 45560 3740 4160 960 4800 6080 640 3520 19520 8960 5440 2240 320 11840 16640 1280 10240 31040 20160 44160 4340 11160 11470 4650 9300 10850 3410 930 8370 6200 17360 35340 21700 5580 17360 5270 4340 8370 9000 2100 3600 1800 4800 4800 45000 3600 300 39300 600 10200 900 15000 9600 1800 23700 3900 18900 8050 2800 8400 1050 700 3150 3500 3150 3850 15400 10500 3500 42350 13300 23450 9450 38500 2880 8280 3240 7560 12960 14040 20160 12240 11520 8640 9360 720 4680 1080 12960 18360 26640 40680 8680 10230 8370 2170 14260 10540 5890 7130 33790 2170 1550 2480 8680 6510 5270 14260 30690 13330 32900 1750 14000 4900 5250 13650 24500 18200 2800 10150 700 10850 2100 3150 36750 700 350 27300 7830 7540 13340 11310 3770 11600 7250 20300 15370 2900 1160 870 31610 24940 1740 580 9860 2030 4680 5760 10440 10440 32760 4680 5400 8280 9000 4680 27720 7200 42120 20880 1800 3240 15480 1440 10880 20160 15040 3840 9600 23680 2560 8000 28800 1920 5760 6400 21440 5440 960 3520 2560 21440 7200 3600 6840 15480 16200 10080 18000 360 17640 5040 18720 9360 7920 16560 9000 42120 2160 9720 21240 2880 14400 43920 13320 6480 3960 1080 25200 2160 3600 14040 3960 4680 5760 2160 27720 19440 1920 960 21440 9280 5440 22080 4800 24000 6080 5120 23680 19840 21440 4160 1920 640 16640 2560 4030 21390 11780 10540 4030 32550 6200 40610 8060 16120 2480 4030 7440 930 10850 2480 1860 620 14520 5940 3300 16500 15510 15180 7920 20790 1980 1650 24090 5610 6600 13200 7590 12210 21450 3960 5362 9958 17072 4888 5730 20466 5278 19992 3088 4512 5516 5390 5565 5712 4875 16383 19300 3000 19400 9120 5642 3232 5278 16695 2020 4191 5790 9504 20088 5070 17910 28200 5474 4884 6032 6080 4136 3483 1632 4716 9120 5865 5775 29526 4560 4914 16426 5278 4334 9450 34539 28786 20436 2984 4800 16368 5187 5418 5044 19900 5940 6060 16368 9168 4752 4466 21168 9192 1572 19500 4213 4477 3750 17160 5925 29850 4584 4389 5005 3663 3890 5936 20592 1508 19400 2310 8536 4290 9828 5390 35200 4345 1484 10530 32164 6016 4862 9108 30375 19812 1504 20332 16338 9024 5925 1860 5670 6000 2244 5213 20280 5955 4716 5730 17055 5200 33408 3870 9720 5970 9984 32336 27602 21114 3000 10452 17336 10140 4000 27229 9880 20790 3240 34228 9154 2025 4213 5595 4940 5940 16125 3950 27959 6030 5488 35728 4872 33712 5698 8294 4884 5432 9696 19769 16800 5018 5390 9552 20592 34713 10478 4875 9958 17820 3830 5850 5775 5940 16896 4081 5044 5031 27521 33704 5595 6030 5250 9325 16254 5955 20592 16500 20124 10296 1990 6128 17380 19812 1580 6015 5135 8547 33088 4764 9072 5070 1620 20142 19482 19839 5278 3860 5044 1576 5642 18950 9775 29273 4901 9675 8694 1496 10374 5940 33196 6112 2340 20488 2442 9932 3555 8536 34142 5502 2376 17644 9312 7791 5264 2298 5642 6048 19552 5265 8855 1955 4872 17055 34936 20436 8148 4940 3136 9750 1484 5516 5656 20882 5502 4136 9312 21330 9792 4896 16896 9750 21571 8536 9275 9698 33110 10140 33000 9269 16852 8426 9906 1532 8690 5775 6032 10062 3740 21492 5362 9700
