itemNumber 500
itemClassNumber 500
itemClass_widthVector 34 33 32 31 30 29 28 27 26 25 24 23 22 21 20 19 28 27 26 25 24 23 22 21 20 19 18 17 16 15 14 13 35 34 33 32 31 30 29 28 27 26 25 24 23 22 21 20 33 32 31 30 29 28 27 26 25 24 23 22 21 20 19 18 28 27 26 25 24 23 22 21 20 19 18 17 16 15 14 13 33 32 31 30 29 28 27 26 25 24 23 22 21 20 19 18 29 28 27 26 25 24 23 22 21 20 19 18 17 16 15 14 32 31 30 29 28 27 26 25 24 23 22 21 20 19 18 17 31 30 29 28 27 26 25 24 23 22 21 20 19 18 17 16 32 31 30 29 28 27 26 25 24 23 22 21 20 19 18 17 31 30 29 28 27 26 25 24 23 22 21 20 19 18 17 16 33 32 31 30 29 28 27 26 25 24 23 22 21 20 19 18 29 28 27 26 25 24 23 22 21 20 19 18 17 16 15 14 33 32 31 30 29 28 27 26 25 24 23 22 21 20 19 18 30 29 28 27 26 25 24 23 22 21 20 19 18 17 16 15 29 28 27 26 25 24 23 22 21 20 19 18 17 16 15 14 23 23 22 36 32 30 34 22 24 22 38 30 22 25 33 32 32 25 34 28 28 23 30 30 23 31 26 30 23 28 32 29 29 24 29 29 23 32 34 26 30 29 30 24 30 35 31 35 23 37 24 31 27 34 34 24 36 26 27 28 32 22 30 24 32 26 28 21 35 26 25 30 36 33 33 30 30 37 28 38 26 21 32 21 22 23 23 26 26 31 32 32 35 33 35 28 35 24 31 30 32 34 27 26 22 37 26 35 32 33 31 27 38 29 28 25 35 34 31 27 32 26 28 31 23 26 33 33 35 28 35 35 29 28 38 33 36 24 31 30 30 33 29 30 27 27 37 28 32 34 32 36 21 24 36 25 23 36 25 28 29 33 34 22 27 36 29 34 25 32 36 35 21 38 23 26 30 29 28 25 32 31 26 29 32 36 32 31 25 32 23 27 23 34 24 30 25 26 24 25 35 21 36 38 31 30 31 25 36 23 25 22 27 26 29 27 21 35 28 28 35 34 29 24 22 26 34 28 24 30 29 25 28 29 34 28 37 24 24 25 29 29 33 23
itemClass_lengthVector 12 44 48 30 4 22 7 1 43 81 25 79 32 32 36 4 54 2 13 2 28 8 13 80 53 27 16 25 54 22 14 89 59 7 22 47 11 5 56 24 1 12 91 12 15 15 102 21 39 5 14 7 23 16 37 6 74 3 16 78 15 93 27 47 33 37 31 7 26 17 15 73 19 5 6 66 50 27 27 61 49 47 74 20 22 16 3 40 55 12 4 27 62 10 57 2 19 28 8 30 3 153 23 20 17 5 34 24 3 81 51 1 53 18 45 8 9 27 18 4 26 28 45 16 50 32 24 97 14 39 17 46 9 34 46 9 4 52 16 10 29 14 65 96 12 37 23 12 5 46 69 13 2 19 29 113 32 2 82 4 19 29 14 15 67 15 14 18 5 56 101 67 64 11 1 4 10 3 24 71 9 45 87 3 24 31 36 26 35 12 44 40 7 15 56 19 3 63 105 36 8 12 13 89 39 22 8 5 25 43 9 34 90 2 72 5 25 55 27 46 3 41 12 11 66 12 63 4 5 7 12 29 27 25 17 141 18 28 23 23 35 1 145 9 17 2 24 14 26 27 28 59 2 14 87 10 36 33 35 13 21 1 49 33 33 36 12 23 33 78 5 5 23 31 4 1 1 31 22 1 31 8 80 21 33 81 4 1 42 32 42 42 36 23 48 24 1 1 2 79 1 49 21 48 33 43 33 22 44 30 49 32 12 24 81 42 21 37 21 79 5 78 43 37 12 81 33 8 13 31 4 22 7 43 1 12 81 36 4 35 36 32 35 78 78 21 22 31 48 47 31 80 13 33 22 1 21 31 82 79 36 12 80 29 22 30 4 42 12 1 2 80 30 49 4 44 3 79 2 8 35 26 31 30 48 43 47 44 42 81 11 4 48 31 7 23 1 3 1 1 24 43 43 1 5 44 4 49 35 80 47 32 36 48 80 81 1 48 45 32 44 43 1 4 26 21 44 12 36 12 31 82 23 44 1 26 23 21 81 44 4 47 4 8 80 4 31 42 36 49 33 7 26 26 33 25 43 37 44 12 8 1 23 33 12 35 25 37 81 79 6 42 36 44 80 81 49 43 1 32 36 82 3 2 33 7 42 33 42 43 47 82 12 78 33 24 43 43 47 33
itemClass_demand 1 1 1 1 1 1 1 1 1 1 1 1 1 1 1 1 1 1 1 1 1 1 1 1 1 1 1 1 1 1 1 1 1 1 1 1 1 1 1 1 1 1 1 1 1 1 1 1 1 1 1 1 1 1 1 1 1 1 1 1 1 1 1 1 1 1 1 1 1 1 1 1 1 1 1 1 1 1 1 1 1 1 1 1 1 1 1 1 1 1 1 1 1 1 1 1 1 1 1 1 1 1 1 1 1 1 1 1 1 1 1 1 1 1 1 1 1 1 1 1 1 1 1 1 1 1 1 1 1 1 1 1 1 1 1 1 1 1 1 1 1 1 1 1 1 1 1 1 1 1 1 1 1 1 1 1 1 1 1 1 1 1 1 1 1 1 1 1 1 1 1 1 1 1 1 1 1 1 1 1 1 1 1 1 1 1 1 1 1 1 1 1 1 1 1 1 1 1 1 1 1 1 1 1 1 1 1 1 1 1 1 1 1 1 1 1 1 1 1 1 1 1 1 1 1 1 1 1 1 1 1 1 1 1 1 1 1 1 1 1 1 1 1 1 1 1 1 1 1 1 1 1 1 1 1 1 1 1 1 1 1 1 1 1 1 1 1 1 1 1 1 1 1 1 1 1 1 1 1 1 1 1 1 1 1 1 1 1 1 1 1 1 1 1 1 1 1 1 1 1 1 1 1 1 1 1 1 1 1 1 1 1 1 1 1 1 1 1 1 1 1 1 1 1 1 1 1 1 1 1 1 1 1 1 1 1 1 1 1 1 1 1 1 1 1 1 1 1 1 1 1 1 1 1 1 1 1 1 1 1 1 1 1 1 1 1 1 1 1 1 1 1 1 1 1 1 1 1 1 1 1 1 1 1 1 1 1 1 1 1 1 1 1 1 1 1 1 1 1 1 1 1 1 1 1 1 1 1 1 1 1 1 1 1 1 1 1 1 1 1 1 1 1 1 1 1 1 1 1 1 1 1 1 1 1 1 1 1 1 1 1 1 1 1 1 1 1 1 1 1 1 1 1 1 1 1 1 1 1 1 1 1 1 1 1 1 1 1 1 1 1 1 1 1 1 1 1 1 1 1 1 1 1 1 1 1 1 1 1 1 1 1 1 1 1 1 1 1 1 1
binNumber 10000
binClassNumber 1
binClass_widthVector 500
binClass_lengthVector 500
binClass_disponibility 1000
itemClass_weight 4080 14960 16320 10200 1360 7480 2380 340 14620 27540 8500 26860 10880 10880 12240 1360 15120 560 3640 560 7840 2240 3640 22400 14840 7560 4480 7000 15120 6160 3920 24920 20650 2450 7700 16450 3850 1750 19600 8400 350 4200 31850 4200 5250 5250 35700 7350 12870 1650 4620 2310 7590 5280 12210 1980 24420 990 5280 25740 4950 30690 8910 15510 9240 10360 8680 1960 7280 4760 4200 20440 5320 1400 1680 18480 14000 7560 7560 17080 16170 15510 24420 6600 7260 5280 990 13200 18150 3960 1320 8910 20460 3300 18810 660 5510 8120 2320 8700 870 44370 6670 5800 4930 1450 9860 6960 870 23490 14790 290 16960 5760 14400 2560 2880 8640 5760 1280 8320 8960 14400 5120 16000 10240 7680 31040 4340 12090 5270 14260 2790 10540 14260 2790 1240 16120 4960 3100 8990 4340 20150 29760 3840 11840 7360 3840 1600 14720 22080 4160 640 6080 9280 36160 10240 640 26240 1280 5890 8990 4340 4650 20770 4650 4340 5580 1550 17360 31310 20770 19840 3410 310 1240 3300 990 7920 23430 2970 14850 28710 990 7920 10230 11880 8580 11550 3960 14520 13200 2030 4350 16240 5510 870 18270 30450 10440 2320 3480 3770 25810 11310 6380 2320 1450 8250 14190 2970 11220 29700 660 23760 1650 8250 18150 8910 15180 990 13530 3960 3630 19800 3600 18900 1200 1500 2100 3600 8700 8100 7500 5100 42300 5400 8400 6900 6900 10150 290 42050 2610 4930 580 6960 4060 7540 7830 8120 17110 580 4060 25230 2900 13428 12177 13020 4602 7686 361 18228 11583 11682 12960 4188 8096 12177 28314 1790 1725 8372 11377 1408 362 374 10788 7832 350 11408 2944 27840 7602 11550 30132 1400 341 14658 11744 14532 14868 13500 8349 16944 9000 371 371 710 27018 374 17836 7560 17760 11880 15996 12144 7678 16324 10260 16954 11744 4152 8520 29484 14868 7182 13246 7581 27334 1800 27144 16082 13727 4092 28593 11880 2776 4433 11160 1436 7590 2450 15179 364 4200 28188 13428 1396 12810 13356 11648 13055 28548 27690 7644 8074 11129 17376 16638 11408 28880 4693 12309 7788 349 7770 10819 29930 27571 12888 4488 27680 10875 7744 10560 1448 14490 4248 352 730 30000 10650 17101 1432 16324 1077 28677 750 2824 13090 9152 10912 10740 16608 15867 16638 15532 15708 27621 3872 1372 16656 11377 2618 7843 350 1080 347 351 8520 15781 15910 345 1850 15928 1448 17346 12495 29120 17343 11520 12744 17328 27840 29322 349 17616 16785 11648 15796 15566 349 1448 9386 7791 15620 4416 12924 4368 11346 29274 7889 15004 370 8944 7912 7455 28593 15488 1416 16309 1404 2848 29680 1404 11160 15456 12564 17885 12342 2534 9594 9516 11286 9350 15652 13875 15268 4212 2752 358 8211 11847 4308 12565 9175 13135 28917 28993 2088 14658 13284 15356 29040 28269 18032 16039 356 11968 13212 30012 1056 736 11286 2478 15246 12309 14406 15351 16309 30422 4224 28080 11847 8544 15824 15824 16779 11517
