itemNumber 500
itemClassNumber 500
itemClass_widthVector 32 31 30 29 28 27 26 25 24 23 22 21 20 19 18 17 32 31 30 29 28 27 26 25 24 23 22 21 20 19 18 17 34 33 32 31 30 29 28 27 26 25 24 23 22 21 20 19 30 29 28 27 26 25 24 23 22 21 20 19 18 17 16 15 30 29 28 27 26 25 24 23 22 21 20 19 18 17 16 15 31 30 29 28 27 26 25 24 23 22 21 20 19 18 17 16 29 28 27 26 25 24 23 22 21 20 19 18 17 16 15 14 34 33 32 31 30 29 28 27 26 25 24 23 22 21 20 19 33 32 31 30 29 28 27 26 25 24 23 22 21 20 19 18 34 33 32 31 30 29 28 27 26 25 24 23 22 21 20 19 32 31 30 29 28 27 26 25 24 23 22 21 20 19 18 17 33 32 31 30 29 28 27 26 25 24 23 22 21 20 19 18 30 29 28 27 26 25 24 23 22 21 20 19 18 17 16 15 29 28 27 26 25 24 23 22 21 20 19 18 17 16 15 14 28 27 26 25 24 23 22 21 20 19 18 17 16 15 14 13 29 28 27 26 25 24 23 22 21 20 19 18 17 16 15 14 20 22 20 26 26 24 21 21 30 21 27 24 31 20 27 35 21 26 25 19 36 34 19 29 33 31 29 28 23 32 27 31 29 28 24 30 32 28 25 28 28 24 33 22 32 20 20 25 32 20 25 31 22 28 31 27 20 30 34 27 30 28 22 23 27 28 32 26 20 22 33 21 20 30 35 24 27 33 35 23 26 34 27 25 24 21 19 30 26 35 34 29 26 24 31 32 22 20 30 20 35 24 19 22 30 31 30 29 27 29 35 28 25 32 35 22 32 29 20 29 28 34 34 23 29 25 29 28 35 31 23 26 28 33 25 30 34 21 27 22 30 25 26 27 23 33 32 24 20 20 29 24 25 29 25 20 27 21 29 26 20 35 24 20 29 22 24 31 32 33 33 29 24 29 20 27 19 30 19 25 35 29 28 27 21 23 23 27 21 32 34 21 26 19 21 22 31 20 25 20 27 32 24 35 30 28 31 22 35 28 29 30 28 19 28 27 25 27 24 28 31 29 20 28 27 25 25 19 20 27 28 24 23 28 27 23 23 33 24 29 34 33 35 35
itemClass_lengthVector 130 33 34 9 9 42 71 23 20 12 28 7 16 7 43 16 10 16 1 155 9 1 30 23 48 4 82 7 11 63 32 8 5 5 16 23 39 52 24 7 1 7 116 2 89 15 65 34 26 31 21 31 20 28 118 72 66 19 24 9 7 20 7 1 26 88 38 50 7 19 22 15 19 17 20 51 39 12 32 45 6 42 7 34 10 10 47 27 40 7 36 2 35 84 111 2 8 7 12 24 7 47 32 18 87 24 48 28 17 5 100 36 4 14 24 132 34 62 51 54 9 1 3 19 19 17 25 32 43 23 12 25 7 41 37 36 1 23 11 34 58 51 2 96 4 59 3 32 27 4 19 43 63 3 1 68 59 25 71 19 54 20 3 60 21 9 30 27 40 31 29 57 62 29 22 6 84 49 22 26 26 10 14 21 61 20 13 7 43 62 24 18 68 49 4 51 22 8 4 18 25 102 4 39 43 10 3 50 19 9 17 19 3 9 5 21 30 18 2 74 16 197 22 39 5 54 54 56 10 9 3 38 17 7 55 81 19 4 2 86 9 37 26 41 41 2 3 11 27 27 20 39 28 19 75 95 6 7 7 20 11 7 17 6 41 6 23 11 8 43 72 131 17 13 11 43 129 35 42 72 33 35 41 72 8 32 22 10 42 70 6 8 34 42 19 22 71 11 34 17 34 8 43 12 8 43 27 34 7 43 8 24 42 10 129 72 10 42 16 7 72 72 10 23 43 6 130 6 8 10 130 8 19 130 129 16 19 33 20 11 13 8 42 8 20 33 34 72 20 11 9 35 8 8 8 44 34 29 43 6 9 10 9 43 23 10 131 41 20 33 34 8 35 8 7 41 41 35 129 27 43 13 8 24 131 35 29 24 41 131 11 43 130 6 19 15 10 21 22 23 29 35 34 6 7 6 41 29 28 10 19 43 70 16 8 21 44 34 6 43 42 16 12 10 9 33 33 43 13 72 7 24 43 9 43 29 33 10 70 19 8 28 28 24 7 9 35 16 20 42 8 15 8 6 13 8 71 33 13 32 10 22 33 16 34 23 9 9 41 44 23 71 19 20 13 71 34 71 43 71 70 19 13 42 42 21 70 11 28 23 24 6 27 35 7 8 130 32 32 130
itemClass_demand 1 1 1 1 1 1 1 1 1 1 1 1 1 1 1 1 1 1 1 1 1 1 1 1 1 1 1 1 1 1 1 1 1 1 1 1 1 1 1 1 1 1 1 1 1 1 1 1 1 1 1 1 1 1 1 1 1 1 1 1 1 1 1 1 1 1 1 1 1 1 1 1 1 1 1 1 1 1 1 1 1 1 1 1 1 1 1 1 1 1 1 1 1 1 1 1 1 1 1 1 1 1 1 1 1 1 1 1 1 1 1 1 1 1 1 1 1 1 1 1 1 1 1 1 1 1 1 1 1 1 1 1 1 1 1 1 1 1 1 1 1 1 1 1 1 1 1 1 1 1 1 1 1 1 1 1 1 1 1 1 1 1 1 1 1 1 1 1 1 1 1 1 1 1 1 1 1 1 1 1 1 1 1 1 1 1 1 1 1 1 1 1 1 1 1 1 1 1 1 1 1 1 1 1 1 1 1 1 1 1 1 1 1 1 1 1 1 1 1 1 1 1 1 1 1 1 1 1 1 1 1 1 1 1 1 1 1 1 1 1 1 1 1 1 1 1 1 1 1 1 1 1 1 1 1 1 1 1 1 1 1 1 1 1 1 1 1 1 1 1 1 1 1 1 1 1 1 1 1 1 1 1 1 1 1 1 1 1 1 1 1 1 1 1 1 1 1 1 1 1 1 1 1 1 1 1 1 1 1 1 1 1 1 1 1 1 1 1 1 1 1 1 1 1 1 1 1 1 1 1 1 1 1 1 1 1 1 1 1 1 1 1 1 1 1 1 1 1 1 1 1 1 1 1 1 1 1 1 1 1 1 1 1 1 1 1 1 1 1 1 1 1 1 1 1 1 1 1 1 1 1 1 1 1 1 1 1 1 1 1 1 1 1 1 1 1 1 1 1 1 1 1 1 1 1 1 1 1 1 1 1 1 1 1 1 1 1 1 1 1 1 1 1 1 1 1 1 1 1 1 1 1 1 1 1 1 1 1 1 1 1 1 1 1 1 1 1 1 1 1 1 1 1 1 1 1 1 1 1 1 1 1 1 1 1 1 1 1 1 1 1 1 1 1 1 1 1 1 1 1 1 1 1 1 1 1 1 1 1 1 1 1 1 1 1 1 1 1 1 1
binNumber 10000
binClassNumber 1
binClass_widthVector 500
binClass_lengthVector 500
binClass_disponibility 1000
itemClass_weight 41600 10560 10880 2880 2880 13440 22720 7360 6400 3840 8960 2240 5120 2240 13760 5120 3200 5120 320 49600 2880 320 9600 7360 15360 1280 26240 2240 3520 20160 10240 2560 1700 1700 5440 7820 13260 17680 8160 2380 340 2380 39440 680 30260 5100 22100 11560 7800 9300 6300 9300 6000 8400 35400 21600 19800 5700 7200 2700 2100 6000 2100 300 7800 26400 11400 15000 2100 5700 6600 4500 5700 5100 6000 15300 11700 3600 9600 13500 1860 13020 2170 10540 3100 3100 14570 8370 12400 2170 11160 620 10850 26040 34410 620 2320 2030 3480 6960 2030 13630 9280 5220 25230 6960 13920 8120 4930 1450 29000 10440 1360 4760 8160 44880 11560 21080 17340 18360 3060 340 1020 6460 6460 5780 8500 10880 14190 7590 3960 8250 2310 13530 12210 11880 330 7590 3630 11220 19140 16830 660 31680 1360 20060 1020 10880 9180 1360 6460 14620 21420 1020 340 23120 20060 8500 24140 6460 17280 6400 960 19200 6720 2880 9600 8640 12800 9920 9280 18240 19840 9280 7040 1920 27720 16170 7260 8580 8580 3300 4620 6930 20130 6600 4290 2310 14190 20460 7920 5940 20400 14700 1200 15300 6600 2400 1200 5400 7500 30600 1200 11700 12900 3000 900 15000 5510 2610 4930 5510 870 2610 1450 6090 8700 5220 580 21460 4640 57130 6380 11310 1400 15120 15120 15680 2800 2520 840 10640 4760 1960 15400 22680 5320 1120 560 24080 2610 10730 7540 11890 11890 580 870 3190 7830 7830 5800 11310 8120 5510 21750 27550 2034 2289 2464 6740 3883 2303 5814 2106 13407 2004 8004 3608 2592 14964 23112 44671 5831 4433 3839 14147 45537 11235 14490 24912 10989 12250 13735 24264 2808 10752 7194 3370 14826 23660 2004 2744 11322 14028 6099 7700 24850 3586 11526 5491 11628 2736 14405 4164 2784 14620 9234 10914 2282 15179 2648 8184 14742 3470 41925 25272 3320 14322 5200 2443 23832 23112 3240 7912 14620 2016 45240 2058 2696 3240 41730 2680 6631 44720 45537 5344 6612 11649 6680 3564 4550 2624 13608 2752 6420 10923 11968 23112 6660 3542 2997 12075 2704 2664 2640 14344 11560 10063 15179 2040 2979 3420 2997 14577 7958 3340 45457 13981 6720 10791 11594 2688 12005 2744 2359 14063 13981 12180 44763 8775 14233 4459 2784 7968 43885 11585 10092 7776 13202 43230 3674 13846 43160 1950 6498 4995 3330 7056 7656 7521 10034 11865 11322 1932 2324 2064 14145 9367 9856 3360 6422 14964 23520 5616 2712 6972 14256 11356 2088 13803 13482 5520 3972 3350 3069 10758 10890 14964 4342 23544 2464 8304 14835 2916 14362 9396 11451 3380 23380 6707 2640 9268 9072 7968 2394 2907 12215 5360 6960 14196 2720 4935 2744 2028 4407 2824 24069 10626 4550 11008 3520 7150 10758 5600 11458 7774 3087 3033 13899 14476 7383 23501 6498 6860 4563 24566 11016 23998 14405 23075 23940 6403 4420 14532 13524 6888 24430 3685 9716 7429 8424 2016 9396 12040 2429 2792 43550 10304 11104 45240
