itemNumber 130
itemClassNumber 130
itemClass_widthVector 16 15 14 13 12 11 10 9 8 14 13 12 11 10 9 8 7 6 15 14 13 12 11 10 9 8 7 14 13 12 11 10 9 8 7 6 14 13 12 11 10 9 8 7 6 14 13 12 11 10 9 8 7 6 14 13 12 11 10 9 8 7 6 14 13 12 11 10 9 8 7 6 15 14 13 12 11 10 9 8 7 12 10 15 18 10 14 13 14 11 13 10 17 17 14 15 14 14 15 17 18 15 16 15 13 14 10 14 17 15 14 10 16 14 12 10 11 16 16 17 13 16 14 14 10 14 10 12 15 17
itemClass_lengthVector 4 4 22 14 69 1 6 6 4 9 9 7 30 8 17 1 6 43 34 3 14 7 9 17 38 1 7 18 30 17 19 9 11 8 9 9 10 11 2 61 13 5 3 23 2 4 64 1 6 26 2 5 8 14 13 20 2 9 1 10 5 55 15 21 6 2 8 10 32 1 48 2 34 1 5 7 13 13 15 25 17 7 7 21 3 7 68 68 68 6 1 6 3 4 15 21 70 70 22 3 3 23 5 23 1 69 7 14 4 15 13 7 22 15 7 5 5 4 22 4 70 3 68 14 5 69 5 6 22 3
itemClass_demand 1 1 1 1 1 1 1 1 1 1 1 1 1 1 1 1 1 1 1 1 1 1 1 1 1 1 1 1 1 1 1 1 1 1 1 1 1 1 1 1 1 1 1 1 1 1 1 1 1 1 1 1 1 1 1 1 1 1 1 1 1 1 1 1 1 1 1 1 1 1 1 1 1 1 1 1 1 1 1 1 1 1 1 1 1 1 1 1 1 1 1 1 1 1 1 1 1 1 1 1 1 1 1 1 1 1 1 1 1 1 1 1 1 1 1 1 1 1 1 1 1 1 1 1 1 1 1 1 1 1
binNumber 10000
binClassNumber 1
binClass_widthVector 130
binClass_lengthVector 130
binClass_disponibility 1000
itemClass_weight 640 640 3520 2240 11040 160 960 960 640 1260 1260 980 4200 1120 2380 140 840 6020 5100 450 2100 1050 1350 2550 5700 150 1050 2520 4200 2380 2660 1260 1540 1120 1260 1260 1400 1540 280 8540 1820 700 420 3220 280 560 8960 140 840 3640 280 700 1120 1960 1820 2800 280 1260 140 1400 700 7700 2100 2940 840 280 1120 1400 4480 140 6720 280 5100 150 750 1050 1950 1950 2250 3750 2550 1197 1134 3528 510 1197 11968 11696 11424 978 172 1008 531 688 2580 3717 11620 11900 3806 528 528 3956 855 3841 168 11178 1190 2324 652 2565 2236 1155 3828 2520 1169 845 885 644 3630 696 11830 522 11152 2324 820 12213 860 996 3872 525
