itemNumber 110
itemClassNumber 110
itemClass_widthVector 12 11 10 9 8 7 6 5 14 13 12 11 10 9 8 7 14 13 12 11 10 9 8 7 14 13 12 11 10 9 8 7 14 13 12 11 10 9 8 7 13 12 11 10 9 8 7 6 15 14 13 12 11 10 9 8 14 13 12 11 10 9 8 7 12 13 8 9 8 10 9 14 7 7 13 12 9 14 10 12 8 8 8 10 12 8 10 12 8 10 10 9 12 9 7 14 10 12 12 9 8 9 8 14 10 12 7 13 13 10
itemClass_lengthVector 16 13 5 17 9 28 12 10 2 2 5 7 28 33 7 26 13 11 23 28 1 6 14 14 4 8 2 2 5 15 69 5 40 14 2 3 4 14 29 4 19 16 22 6 10 1 17 19 6 19 14 7 22 4 9 29 1 3 33 28 2 9 27 7 6 12 28 10 27 16 9 15 12 11 17 5 9 16 17 12 27 27 29 17 4 29 16 12 28 18 17 8 4 10 11 15 17 4 6 10 27 9 28 16 18 12 11 16 14 17
itemClass_demand 1 1 1 1 1 1 1 1 1 1 1 1 1 1 1 1 1 1 1 1 1 1 1 1 1 1 1 1 1 1 1 1 1 1 1 1 1 1 1 1 1 1 1 1 1 1 1 1 1 1 1 1 1 1 1 1 1 1 1 1 1 1 1 1 1 1 1 1 1 1 1 1 1 1 1 1 1 1 1 1 1 1 1 1 1 1 1 1 1 1 1 1 1 1 1 1 1 1 1 1 1 1 1 1 1 1 1 1 1 1
binNumber 10000
binClassNumber 1
binClass_widthVector 110
binClass_lengthVector 110
binClass_disponibility 1000
itemClass_weight 1920 1560 600 2040 1080 3360 1440 1200 280 280 700 980 3920 4620 980 3640 1820 1540 3220 3920 140 840 1960 1960 560 1120 280 280 700 2100 9660 700 5600 1960 280 420 560 1960 4060 560 2470 2080 2860 780 1300 130 2210 2470 900 2850 2100 1050 3300 600 1350 4350 140 420 4620 3920 280 1260 3780 980 738 1500 3612 1290 3456 2064 1170 1920 1500 1364 2108 615 1197 2064 2176 1596 3267 3510 3770 2176 484 3538 2096 1596 3444 2178 2244 976 524 1290 1386 1905 2244 492 744 1210 3402 1125 3724 1984 2394 1500 1463 1936 1862 2244
