itemNumber 180
itemClassNumber 180
itemClass_widthVector 18 17 16 15 14 13 12 11 10 9 18 17 16 15 14 13 12 11 10 9 17 16 15 14 13 12 11 10 9 8 18 17 16 15 14 13 12 11 10 9 18 17 16 15 14 13 12 11 10 9 18 17 16 15 14 13 12 11 10 9 17 16 15 14 13 12 11 10 9 8 18 17 16 15 14 13 12 11 10 9 20 19 18 17 16 15 14 13 12 11 18 17 16 15 14 13 12 11 10 9 14 14 18 12 19 16 14 20 20 16 13 15 12 17 14 12 14 16 17 12 17 16 13 15 14 16 19 17 12 14 12 19 20 12 15 12 18 17 20 13 11 20 12 19 12 18 17 12 18 18 20 18 11 13 17 15 18 18 19 14 18 20 13 17 14 19 18 14 13 13 12 19 19 12 19 17 16 14 18 12
itemClass_lengthVector 30 29 9 4 15 2 3 9 19 60 21 60 12 20 6 26 1 20 12 2 13 6 7 4 9 63 18 7 9 44 19 18 33 12 5 13 14 8 39 19 12 4 25 25 50 8 4 1 16 35 15 63 8 3 9 14 41 6 8 13 63 1 1 19 1 43 4 19 25 4 26 7 48 5 2 15 15 30 10 22 30 30 35 9 30 2 7 18 5 14 16 2 8 22 7 37 28 30 29 1 2 3 9 10 29 5 2 31 30 15 4 2 10 3 4 9 2 14 9 10 4 15 8 2 1 5 28 3 8 1 20 30 30 19 2 10 30 8 31 3 19 30 18 29 9 10 5 8 9 29 29 9 19 10 8 15 10 10 29 2 10 31 10 4 4 28 28 2 3 4 20 29 29 19 29 8 15 2 9 19
itemClass_demand 1 1 1 1 1 1 1 1 1 1 1 1 1 1 1 1 1 1 1 1 1 1 1 1 1 1 1 1 1 1 1 1 1 1 1 1 1 1 1 1 1 1 1 1 1 1 1 1 1 1 1 1 1 1 1 1 1 1 1 1 1 1 1 1 1 1 1 1 1 1 1 1 1 1 1 1 1 1 1 1 1 1 1 1 1 1 1 1 1 1 1 1 1 1 1 1 1 1 1 1 1 1 1 1 1 1 1 1 1 1 1 1 1 1 1 1 1 1 1 1 1 1 1 1 1 1 1 1 1 1 1 1 1 1 1 1 1 1 1 1 1 1 1 1 1 1 1 1 1 1 1 1 1 1 1 1 1 1 1 1 1 1 1 1 1 1 1 1 1 1 1 1 1 1 1 1 1 1 1 1
binNumber 10000
binClassNumber 1
binClass_widthVector 180
binClass_lengthVector 180
binClass_disponibility 1000
itemClass_weight 5400 5220 1620 720 2700 360 540 1620 3420 10800 3780 10800 2160 3600 1080 4680 180 3600 2160 360 2210 1020 1190 680 1530 10710 3060 1190 1530 7480 3420 3240 5940 2160 900 2340 2520 1440 7020 3420 2160 720 4500 4500 9000 1440 720 180 2880 6300 2700 11340 1440 540 1620 2520 7380 1080 1440 2340 10710 170 170 3230 170 7310 680 3230 4250 680 4680 1260 8640 900 360 2700 2700 5400 1800 3960 6000 6000 7000 1800 6000 400 1400 3600 1000 2800 2880 360 1440 3960 1260 6660 5040 5400 5220 180 372 591 1755 1940 5655 975 364 6045 5850 2925 744 382 1870 552 764 1701 376 2660 1665 1880 752 2895 1544 382 196 995 5292 567 1568 198 3680 5640 5730 3629 362 1940 5820 1464 6138 561 3515 5910 3546 5771 1665 1880 955 1584 1719 5713 5655 1647 3458 1860 1472 2820 1940 1880 5568 382 1980 5642 1860 780 772 5264 5236 366 546 776 3620 5307 5394 3762 5597 1568 2865 366 1719 3591
