itemNumber 170
itemClassNumber 170
itemClass_widthVector 17 16 15 14 13 12 11 10 9 8 17 16 15 14 13 12 11 10 9 8 16 15 14 13 12 11 10 9 8 7 19 18 17 16 15 14 13 12 11 10 18 17 16 15 14 13 12 11 10 9 17 16 15 14 13 12 11 10 9 8 16 15 14 13 12 11 10 9 8 7 16 15 14 13 12 11 10 9 8 7 15 14 13 12 11 10 9 8 7 6 19 18 17 16 15 14 13 12 11 10 14 12 12 17 12 18 10 17 10 13 13 11 13 17 10 17 11 16 17 14 19 10 10 14 18 10 12 17 16 17 13 12 13 18 17 17 18 15 11 14 10 13 12 17 14 16 14 14 17 14 13 10 16 17 16 16 13 17 16 17 15 15 13 14 16 18 18 12 16 15
itemClass_lengthVector 16 29 12 14 4 18 41 4 3 29 23 23 18 23 9 4 30 26 5 9 42 18 7 7 5 30 2 5 38 16 48 4 19 21 14 6 1 49 1 7 7 4 11 24 28 1 9 8 26 52 3 32 6 24 10 10 13 49 7 16 15 1 14 9 5 10 55 44 3 14 10 42 5 5 44 2 5 1 12 44 14 23 17 6 7 14 3 23 28 35 56 20 5 27 13 15 29 3 1 1 5 5 40 11 41 15 3 28 3 17 17 4 40 28 3 30 4 12 12 5 17 2 2 4 17 3 5 12 12 12 19 42 18 17 29 13 28 5 5 17 3 41 42 13 18 13 19 4 28 3 42 2 13 29 13 13 19 13 14 29 5 4 40 5 11 15 16 41 13 5
itemClass_demand 1 1 1 1 1 1 1 1 1 1 1 1 1 1 1 1 1 1 1 1 1 1 1 1 1 1 1 1 1 1 1 1 1 1 1 1 1 1 1 1 1 1 1 1 1 1 1 1 1 1 1 1 1 1 1 1 1 1 1 1 1 1 1 1 1 1 1 1 1 1 1 1 1 1 1 1 1 1 1 1 1 1 1 1 1 1 1 1 1 1 1 1 1 1 1 1 1 1 1 1 1 1 1 1 1 1 1 1 1 1 1 1 1 1 1 1 1 1 1 1 1 1 1 1 1 1 1 1 1 1 1 1 1 1 1 1 1 1 1 1 1 1 1 1 1 1 1 1 1 1 1 1 1 1 1 1 1 1 1 1 1 1 1 1 1 1 1 1 1 1
binNumber 10000
binClassNumber 1
binClass_widthVector 170
binClass_lengthVector 170
binClass_disponibility 1000
itemClass_weight 2720 4930 2040 2380 680 3060 6970 680 510 4930 3910 3910 3060 3910 1530 680 5100 4420 850 1530 6720 2880 1120 1120 800 4800 320 800 6080 2560 9120 760 3610 3990 2660 1140 190 9310 190 1330 1260 720 1980 4320 5040 180 1620 1440 4680 9360 510 5440 1020 4080 1700 1700 2210 8330 1190 2720 2400 160 2240 1440 800 1600 8800 7040 480 2240 1600 6720 800 800 7040 320 800 160 1920 7040 2100 3450 2550 900 1050 2100 450 3450 4200 5250 10640 3800 950 5130 2470 2850 5510 570 190 190 880 915 7080 1914 7708 2715 513 5208 516 3060 3196 720 7320 5096 555 5400 752 2112 2172 880 2958 372 368 704 3077 561 915 2172 2100 2124 3287 7602 3240 3179 5104 2249 4984 890 900 3196 561 7585 7518 2444 3078 2405 3287 744 4844 528 7182 348 2249 5220 2392 2444 3572 2275 2618 5104 940 704 6840 900 1914 2820 2960 7667 2366 860
