itemNumber 600
itemClassNumber 600
itemClass_widthVector 32 31 30 29 28 27 26 25 24 23 22 21 20 19 18 17 16 15 33 32 31 30 29 28 27 26 25 24 23 22 21 20 19 18 17 16 31 30 29 28 27 26 25 24 23 22 21 20 19 18 17 16 15 14 35 34 33 32 31 30 29 28 27 26 25 24 23 22 21 20 19 18 32 31 30 29 28 27 26 25 24 23 22 21 20 19 18 17 16 15 29 28 27 26 25 24 23 22 21 20 19 18 17 16 15 14 13 12 36 35 34 33 32 31 30 29 28 27 26 25 24 23 22 21 20 19 35 34 33 32 31 30 29 28 27 26 25 24 23 22 21 20 19 18 31 30 29 28 27 26 25 24 23 22 21 20 19 18 17 16 15 14 31 30 29 28 27 26 25 24 23 22 21 20 19 18 17 16 15 14 32 31 30 29 28 27 26 25 24 23 22 21 20 19 18 17 16 15 34 33 32 31 30 29 28 27 26 25 24 23 22 21 20 19 18 17 37 36 35 34 33 32 31 30 29 28 27 26 25 24 23 22 21 20 36 35 34 33 32 31 30 29 28 27 26 25 24 23 22 21 20 19 36 35 34 33 32 31 30 29 28 27 26 25 24 23 22 21 20 19 33 32 31 30 29 28 27 26 25 24 23 22 21 20 19 18 17 16 32 31 30 29 28 27 26 25 24 23 22 21 20 19 18 17 16 15 35 34 33 32 31 30 29 28 27 26 25 24 23 22 21 20 19 18 34 30 23 20 18 17 27 33 27 29 26 28 32 20 24 36 34 29 29 24 25 32 18 19 23 18 19 31 20 31 26 21 28 36 23 26 26 29 27 19 34 31 25 25 21 32 30 23 26 31 18 30 28 23 22 29 24 20 30 25 20 27 25 20 33 26 26 25 21 22 29 36 20 23 32 36 24 28 35 26 31 25 34 26 27 35 31 25 35 34 34 18 25 17 26 23 21 32 19 18 27 21 32 17 17 19 22 34 25 32 20 24 24 18 19 32 24 33 30 26 30 29 18 19 28 27 26 29 27 32 31 20 25 23 21 32 27 24 33 28 21 20 30 32 21 18 21 30 20 22 21 26 24 27 29 22 26 23 17 27 23 29 20 30 22 23 32 21 17 29 28 29 26 21 23 30 19 18 32 25 24 29 26 29 18 33 33 33 30 18 19 33 29 31 22 22 18 23 22 34 32 33 35 26 21 29 32 19 29 33 25 24 31 21 32 26 33 33 32 20 27 30 19 18 28 29 35 26 32 23 30 30 34 25 32 25 36 26 30 31 24 32 18 25 27 31 32 24 28 34 27 26 34 33 30 27 21 20 20 20 31 17 25 19 20 18 18 36 23 33 20 27 26 25 20 27
itemClass_lengthVector 36 48 2 9 2 98 12 5 37 11 77 7 71 23 66 27 56 13 54 66 4 5 32 8 30 31 51 73 62 23 5 3 85 38 25 5 13 12 3 18 42 42 9 22 39 25 39 45 11 21 178 7 14 60 5 59 34 4 46 36 10 18 71 7 14 2 13 55 9 14 18 185 4 48 29 13 48 119 29 79 16 19 3 9 38 16 106 20 1 3 7 13 124 2 5 85 18 50 55 14 25 3 43 16 80 4 11 45 26 53 53 8 35 9 36 32 30 33 33 32 21 82 37 40 21 19 121 36 19 7 12 12 90 114 18 25 3 10 13 16 19 16 33 36 38 30 24 28 12 19 32 104 5 52 43 41 89 6 2 10 42 23 26 6 26 33 81 72 18 8 23 22 29 23 96 57 3 24 8 45 1 35 72 14 31 32 7 2 14 23 69 4 33 24 96 19 64 60 28 59 16 19 30 7 1 16 33 90 13 4 46 12 104 44 45 33 6 10 1 9 44 3 14 18 161 22 35 81 36 1 30 36 32 61 41 1 4 39 77 25 19 16 23 6 43 179 39 23 38 8 14 5 12 23 26 48 1 83 40 23 24 12 48 106 24 18 28 13 3 68 3 15 24 7 63 10 16 86 7 33 210 11 10 29 1 56 16 3 25 21 31 6 8 31 7 11 16 28 49 43 60 44 26 26 54 114 6 17 21 54 30 66 33 25 70 105 9 18 59 3 37 10 19 18 37 8 71 22 55 57 4 1 11 1 37 98 47 66 77 37 3 12 13 6 12 3 26 28 70 27 67 3 23 3 11 23 11 36 77 10 11 2 12 26 47 1 78 38 24 47 99 71 4 9 55 8 99 70 71 3 76 66 10 36 67 4 10 66 3 4 11 37 24 70 99 36 66 8 10 35 6 97 36 38 1 78 2 5 37 47 9 76 35 48 37 27 11 56 5 7 24 48 27 56 37 72 48 55 55 65 8 49 38 9 23 7 7 28 27 1 7 47 98 36 10 13 56 27 98 11 6 97 12 9 2 22 78 6 24 10 38 10 47 6 22 22 10 47 71 57 72 97 66 70 70 4 76 6 12 6 6 8 56 38 6 99 22 3 7 71 3 24 56 98 4 13 10 70 71 2 67 27 9 37 10 3 10 12 27 35 36 36 8 28 26 47 11 9 71 7 57 8 71 49 48 36 37 37 23 13 8 27 3 37 11 10 1 23 2 4 3 1 1 67 5 97 66 56 97 13 48 6 10 76 1 3 37 10 10 36 37 4 99 1 8 49 55 10 13 2 49 7 97 47 4 11 2 47 99 12 22 65 67 22 2 56 38 28 23 26 26 37 76 36 66 6 5 77 65 4
itemClass_demand 1 1 1 1 1 1 1 1 1 1 1 1 1 1 1 1 1 1 1 1 1 1 1 1 1 1 1 1 1 1 1 1 1 1 1 1 1 1 1 1 1 1 1 1 1 1 1 1 1 1 1 1 1 1 1 1 1 1 1 1 1 1 1 1 1 1 1 1 1 1 1 1 1 1 1 1 1 1 1 1 1 1 1 1 1 1 1 1 1 1 1 1 1 1 1 1 1 1 1 1 1 1 1 1 1 1 1 1 1 1 1 1 1 1 1 1 1 1 1 1 1 1 1 1 1 1 1 1 1 1 1 1 1 1 1 1 1 1 1 1 1 1 1 1 1 1 1 1 1 1 1 1 1 1 1 1 1 1 1 1 1 1 1 1 1 1 1 1 1 1 1 1 1 1 1 1 1 1 1 1 1 1 1 1 1 1 1 1 1 1 1 1 1 1 1 1 1 1 1 1 1 1 1 1 1 1 1 1 1 1 1 1 1 1 1 1 1 1 1 1 1 1 1 1 1 1 1 1 1 1 1 1 1 1 1 1 1 1 1 1 1 1 1 1 1 1 1 1 1 1 1 1 1 1 1 1 1 1 1 1 1 1 1 1 1 1 1 1 1 1 1 1 1 1 1 1 1 1 1 1 1 1 1 1 1 1 1 1 1 1 1 1 1 1 1 1 1 1 1 1 1 1 1 1 1 1 1 1 1 1 1 1 1 1 1 1 1 1 1 1 1 1 1 1 1 1 1 1 1 1 1 1 1 1 1 1 1 1 1 1 1 1 1 1 1 1 1 1 1 1 1 1 1 1 1 1 1 1 1 1 1 1 1 1 1 1 1 1 1 1 1 1 1 1 1 1 1 1 1 1 1 1 1 1 1 1 1 1 1 1 1 1 1 1 1 1 1 1 1 1 1 1 1 1 1 1 1 1 1 1 1 1 1 1 1 1 1 1 1 1 1 1 1 1 1 1 1 1 1 1 1 1 1 1 1 1 1 1 1 1 1 1 1 1 1 1 1 1 1 1 1 1 1 1 1 1 1 1 1 1 1 1 1 1 1 1 1 1 1 1 1 1 1 1 1 1 1 1 1 1 1 1 1 1 1 1 1 1 1 1 1 1 1 1 1 1 1 1 1 1 1 1 1 1 1 1 1 1 1 1 1 1 1 1 1 1 1 1 1 1 1 1 1 1 1 1 1 1 1 1 1 1 1 1 1 1 1 1 1 1 1 1 1 1 1 1 1 1 1 1 1 1 1 1 1 1 1 1 1 1 1 1 1 1 1 1 1 1 1 1 1 1 1 1 1 1 1 1 1 1 1 1 1 1 1 1 1 1 1 1 1 1 1 1 1 1 1 1 1 1
binNumber 10000
binClassNumber 1
binClass_widthVector 600
binClass_lengthVector 600
binClass_disponibility 1000
itemClass_weight 11520 15360 640 2880 640 31360 3840 1600 11840 3520 24640 2240 22720 7360 21120 8640 17920 4160 17820 21780 1320 1650 10560 2640 9900 10230 16830 24090 20460 7590 1650 990 28050 12540 8250 1650 4030 3720 930 5580 13020 13020 2790 6820 12090 7750 12090 13950 3410 6510 55180 2170 4340 18600 1750 20650 11900 1400 16100 12600 3500 6300 24850 2450 4900 700 4550 19250 3150 4900 6300 64750 1280 15360 9280 4160 15360 38080 9280 25280 5120 6080 960 2880 12160 5120 33920 6400 320 960 2030 3770 35960 580 1450 24650 5220 14500 15950 4060 7250 870 12470 4640 23200 1160 3190 13050 9360 19080 19080 2880 12600 3240 12960 11520 10800 11880 11880 11520 7560 29520 13320 14400 7560 6840 42350 12600 6650 2450 4200 4200 31500 39900 6300 8750 1050 3500 4550 5600 6650 5600 11550 12600 11780 9300 7440 8680 3720 5890 9920 32240 1550 16120 13330 12710 27590 1860 620 3100 13020 7130 8060 1860 8060 10230 25110 22320 5580 2480 7130 6820 8990 7130 29760 17670 930 7440 2480 13950 320 11200 23040 4480 9920 10240 2240 640 4480 7360 22080 1280 10560 7680 30720 6080 20480 19200 9520 20060 5440 6460 10200 2380 340 5440 11220 30600 4420 1360 15640 4080 35360 14960 15300 11220 2220 3700 370 3330 16280 1110 5180 6660 59570 8140 12950 29970 13320 370 11100 13320 11840 22570 14760 360 1440 14040 27720 9000 6840 5760 8280 2160 15480 64440 14040 8280 13680 2880 5040 1800 4320 8280 9360 17280 360 29880 14400 8280 8640 4320 17280 38160 8640 6480 10080 4680 1080 24480 990 4950 7920 2310 20790 3300 5280 28380 2310 10890 69300 3630 3300 9570 330 18480 5280 990 8000 6720 9920 1920 2560 9920 2240 3520 5120 8960 15680 13760 19200 14080 8320 8320 17280 36480 2100 5950 7350 18900 10500 23100 11550 8750 24500 36750 3150 6300 20650 1050 12950 3500 6650 6300 12765 2792 25063 7172 19305 19950 1364 329 3696 329 12469 32242 16121 21384 25179 12284 987 4176 4303 1980 4044 1035 8372 9380 24710 9531 23182 996 7820 1017 3652 7774 3608 11844 26488 3420 3586 678 4056 8476 15886 331 25194 12806 7752 15463 31878 23288 1296 2970 19085 2600 34353 22680 23572 1011 26752 22176 3310 12168 22780 1292 3310 21450 1053 1404 3575 12913 8160 24570 34947 12636 22506 2592 3420 12355 2094 31816 12204 12540 352 25818 694 1615 12691 15604 3060 24548 11410 15840 12950 8802 3586 19152 1700 2359 8256 15648 8964 19040 12950 23328 16224 18040 17710 21385 2672 17101 13148 2961 7521 2380 2373 9744 8802 326 2408 16262 32144 12348 3400 4342 19768 8748 31752 3806 2118 31622 4020 3168 664 7084 27456 1950 7704 3250 12426 3390 15557 2034 7524 7480 3430 16215 22862 19209 23832 32495 22770 22890 22610 1380 24396 2052 3852 2034 2094 2784 19376 13110 2118 32868 7392 1029 2317 23359 1017 8184 18144 33418 1388 4329 3360 22610 23927 656 23115 9099 2988 12321 3230 1032 3510 3972 9288 12355 12096 12240 2640 9744 8450 15698 3795 2997 23217 2247 19437 2688 23785 16219 16944 12600 13024 12617 8050 4407 2656 9099 1023 12025 3762 3520 332 7797 644 1408 1056 321 334 23517 1745 31137 23100 18368 34144 4537 16080 2058 3520 25156 330 966 12025 3220 3250 12528 12913 1284 34452 338 2624 16856 18700 3350 4576 682 16954 2394 34241 15933 1356 3663 642 15933 34650 3924 7678 21645 21976 7656 676 18984 13034 9184 7981 8970 8372 12062 26220 12600 22308 2088 1720 25564 20865 1284
