itemNumber 190
itemClassNumber 190
itemClass_widthVector 19 18 17 16 15 14 13 12 11 10 18 17 16 15 14 13 12 11 10 9 22 21 20 19 18 17 16 15 14 13 18 17 16 15 14 13 12 11 10 9 19 18 17 16 15 14 13 12 11 10 19 18 17 16 15 14 13 12 11 10 18 17 16 15 14 13 12 11 10 9 18 17 16 15 14 13 12 11 10 9 19 18 17 16 15 14 13 12 11 10 20 19 18 17 16 15 14 13 12 11 15 15 19 13 20 17 15 21 21 17 14 16 13 18 15 13 15 17 18 13 18 17 14 16 15 17 20 18 13 15 13 19 20 15 16 13 13 19 18 20 13 18 19 16 12 13 19 18 13 19 19 21 19 12 14 18 16 19 19 20 15 19 21 14 19 14 14 17 20 16 18 15 20 20 13 20 18 17 15 19 13 13 16 14 16 20 21 18 20 21
itemClass_lengthVector 30 32 6 4 15 5 9 19 62 8 21 60 12 15 5 6 7 19 1 44 13 6 7 4 9 63 18 7 9 54 19 18 33 12 5 13 14 8 39 29 12 4 25 25 50 8 4 1 16 45 15 63 8 3 9 14 47 8 14 9 63 1 1 19 1 43 4 19 25 14 26 7 48 5 2 15 15 30 38 4 30 30 35 9 30 2 7 18 5 24 16 2 8 22 7 37 28 30 29 11 8 6 6 20 32 5 5 31 30 15 10 5 20 3 10 19 8 14 6 20 4 15 18 5 4 5 31 3 18 4 63 33 29 9 5 63 20 33 5 31 62 5 5 16 61 19 7 5 18 6 32 29 6 62 20 5 15 7 7 29 8 7 31 20 5 20 8 5 31 4 3 10 29 32 62 29 5 15 5 6 62 61 14 10 6 29 31 5 29 31
itemClass_demand 1 1 1 1 1 1 1 1 1 1 1 1 1 1 1 1 1 1 1 1 1 1 1 1 1 1 1 1 1 1 1 1 1 1 1 1 1 1 1 1 1 1 1 1 1 1 1 1 1 1 1 1 1 1 1 1 1 1 1 1 1 1 1 1 1 1 1 1 1 1 1 1 1 1 1 1 1 1 1 1 1 1 1 1 1 1 1 1 1 1 1 1 1 1 1 1 1 1 1 1 1 1 1 1 1 1 1 1 1 1 1 1 1 1 1 1 1 1 1 1 1 1 1 1 1 1 1 1 1 1 1 1 1 1 1 1 1 1 1 1 1 1 1 1 1 1 1 1 1 1 1 1 1 1 1 1 1 1 1 1 1 1 1 1 1 1 1 1 1 1 1 1 1 1 1 1 1 1 1 1 1 1 1 1 1 1 1 1 1 1
binNumber 10000
binClassNumber 1
binClass_widthVector 190
binClass_lengthVector 190
binClass_disponibility 1000
itemClass_weight 5700 6080 1140 760 2850 950 1710 3610 11780 1520 3780 10800 2160 2700 900 1080 1260 3420 180 7920 2860 1320 1540 880 1980 13860 3960 1540 1980 11880 3420 3240 5940 2160 900 2340 2520 1440 7020 5220 2280 760 4750 4750 9500 1520 760 190 3040 8550 2850 11970 1520 570 1710 2660 8930 1520 2660 1710 11340 180 180 3420 180 7740 720 3420 4500 2520 4680 1260 8640 900 360 2700 2700 5400 6840 720 5700 5700 6650 1710 5700 380 1330 3420 950 4560 3200 400 1600 4400 1400 7400 5600 6000 5800 2200 1568 1242 1230 4080 6560 1025 960 6355 6150 3075 1960 1005 3940 582 2010 3781 1584 2800 1170 3960 792 3045 3654 1005 824 1045 6169 597 3708 832 13230 6567 5858 1881 1020 12033 4080 6732 1050 6510 12090 965 1035 3280 11651 3705 1386 1005 3744 1206 6624 5945 1158 11904 3920 970 2970 1428 1386 5858 1608 1456 5952 4200 1010 4040 1592 970 6107 808 591 1910 5597 6272 12896 5887 1030 3015 965 1206 12338 12505 2828 2030 1158 5858 6417 955 5655 6107
