itemNumber 110
itemClassNumber 110
itemClass_widthVector 15 14 13 12 11 10 9 8 14 13 12 11 10 9 8 7 14 13 12 11 10 9 8 7 13 12 11 10 9 8 7 6 13 12 11 10 9 8 7 6 12 11 10 9 8 7 6 5 14 13 12 11 10 9 8 7 15 14 13 12 11 10 9 8 11 11 13 11 16 15 17 10 10 14 17 17 12 12 14 12 15 16 17 12 12 16 17 16 15 15 16 12 16 16 13 12 10 13 13 12 15 16 14 11 10 16 13 12 13 11
itemClass_lengthVector 6 5 32 28 7 1 11 20 9 6 2 48 11 13 11 10 6 20 1 9 8 7 53 6 1 14 1 39 22 18 14 1 9 17 25 3 10 5 5 36 5 11 19 39 17 4 1 14 26 1 20 5 6 16 1 35 12 23 5 2 15 24 24 5 1 1 7 1 5 4 5 11 11 29 7 6 2 2 31 6 4 5 5 6 7 7 5 6 31 33 7 1 5 5 7 1 11 29 27 1 4 5 31 2 12 6 28 7 28 1
itemClass_demand 1 1 1 1 1 1 1 1 1 1 1 1 1 1 1 1 1 1 1 1 1 1 1 1 1 1 1 1 1 1 1 1 1 1 1 1 1 1 1 1 1 1 1 1 1 1 1 1 1 1 1 1 1 1 1 1 1 1 1 1 1 1 1 1 1 1 1 1 1 1 1 1 1 1 1 1 1 1 1 1 1 1 1 1 1 1 1 1 1 1 1 1 1 1 1 1 1 1 1 1 1 1 1 1 1 1 1 1 1 1
binNumber 10000
binClassNumber 1
binClass_widthVector 110
binClass_lengthVector 110
binClass_disponibility 1000
itemClass_weight 900 750 4800 4200 1050 150 1650 3000 1260 840 280 6720 1540 1820 1540 1400 840 2800 140 1260 1120 980 7420 840 130 1820 130 5070 2860 2340 1820 130 1170 2210 3250 390 1300 650 650 4680 600 1320 2280 4680 2040 480 120 1680 3640 140 2800 700 840 2240 140 4900 1800 3450 750 300 2250 3600 3600 750 164 163 1085 159 795 604 785 1661 1705 4495 1078 930 312 332 4929 918 628 815 795 984 1120 1085 825 906 4898 5214 1064 153 780 810 1057 153 1815 4727 4374 155 616 765 5115 324 1896 906 4312 1113 4256 160
