itemNumber 700
itemClassNumber 700
itemClass_widthVector 39 38 37 36 35 34 33 32 31 30 29 28 27 26 25 24 23 22 21 36 35 34 33 32 31 30 29 28 27 26 25 24 23 22 21 20 19 18 36 35 34 33 32 31 30 29 28 27 26 25 24 23 22 21 20 19 18 35 34 33 32 31 30 29 28 27 26 25 24 23 22 21 20 19 18 17 37 36 35 34 33 32 31 30 29 28 27 26 25 24 23 22 21 20 19 35 34 33 32 31 30 29 28 27 26 25 24 23 22 21 20 19 18 17 34 33 32 31 30 29 28 27 26 25 24 23 22 21 20 19 18 17 16 36 35 34 33 32 31 30 29 28 27 26 25 24 23 22 21 20 19 18 37 36 35 34 33 32 31 30 29 28 27 26 25 24 23 22 21 20 19 33 32 31 30 29 28 27 26 25 24 23 22 21 20 19 18 17 16 15 41 40 39 38 37 36 35 34 33 32 31 30 29 28 27 26 25 24 23 40 39 38 37 36 35 34 33 32 31 30 29 28 27 26 25 24 23 22 34 33 32 31 30 29 28 27 26 25 24 23 22 21 20 19 18 17 16 34 33 32 31 30 29 28 27 26 25 24 23 22 21 20 19 18 17 16 35 34 33 32 31 30 29 28 27 26 25 24 23 22 21 20 19 18 17 40 39 38 37 36 35 34 33 32 31 30 29 28 27 26 25 24 23 22 40 39 38 37 36 35 34 33 32 31 30 29 28 27 26 25 24 23 22 38 37 36 35 34 33 32 31 30 29 28 27 26 25 24 23 22 21 20 40 39 38 37 36 35 34 33 32 31 30 29 28 27 26 25 24 23 22 40 26 34 34 33 42 37 40 26 43 25 27 28 24 40 34 36 43 23 28 42 25 26 24 28 27 40 30 24 35 24 27 39 42 34 42 25 30 26 26 33 26 36 40 29 34 27 38 24 36 27 28 28 28 39 31 41 42 29 40 38 42 34 25 28 37 33 40 24 32 31 26 33 25 27 34 35 38 26 26 34 42 38 29 31 35 24 39 33 34 26 40 33 25 30 25 41 36 41 38 26 26 25 35 23 27 31 39 43 40 33 33 35 24 39 35 39 37 38 33 34 27 28 33 37 39 26 39 31 28 36 28 25 38 28 30 29 35 31 35 30 31 28 41 41 41 43 41 39 28 35 41 28 38 34 39 27 28 35 40 41 35 23 27 40 26 34 27 40 28 41 26 33 40 25 27 32 31 25 26 35 41 30 37 39 27 38 30 33 34 23 27 36 31 37 26 32 35 32 37 36 35 26 27 25 26 36 33 41 38 40 33 39 26 41 37 26 27 37 41 26 27 38 35 36 37 39 38 37 29 26 40 43 40 23 26 35 26 29 27 37 29 28 29 28 36 39 27 34 24 28 36 31 35 41 29 29 31 23 37 42 42 27 30 34 41 30 26 27 30 43 25 27 38 38 32 42 39 25 28 41 28 39 29 29 40 39 41 32 36 30 24 24 37 34 40 33 27 26 26 24 26 29 29 26 29 41 39 25 34 35 32 25 30 39 27 23 37 32 24 26 34 25 27 26 29 39 36 26 42 37 26 25 38 25 34 27 37 32
itemClass_lengthVector 35 37 5 11 74 57 42 52 6 5 11 13 28 180 71 38 12 21 2 69 18 53 72 24 13 19 46 7 51 29 13 67 64 11 91 13 5 35 18 47 85 77 42 20 12 10 34 36 25 14 90 27 15 39 2 64 43 25 25 1 3 31 31 21 43 8 31 22 100 116 44 42 28 33 65 31 65 38 32 4 99 6 12 21 12 26 34 103 21 147 3 12 18 4 43 31 194 9 9 5 23 19 10 1 52 21 29 83 36 43 18 28 37 52 117 28 16 7 51 40 26 10 71 14 79 71 2 1 89 4 20 15 39 64 115 25 3 30 24 54 37 21 18 41 48 2 5 66 20 20 23 84 128 28 37 13 18 10 3 1 37 29 129 12 44 27 62 40 19 23 40 34 64 2 18 33 14 75 5 39 26 22 84 12 17 65 106 12 6 66 124 1 50 11 72 2 34 42 29 18 26 118 65 16 3 51 24 11 3 27 59 34 14 27 15 20 28 59 42 8 140 106 23 46 2 10 32 8 61 23 30 21 34 25 21 43 33 20 17 10 22 50 11 46 17 43 173 24 43 15 5 24 18 30 5 43 30 39 28 113 81 126 20 4 50 2 11 14 53 18 2 71 22 11 65 6 23 25 86 71 1 2 140 49 30 12 13 31 38 16 4 36 12 81 28 62 7 39 49 5 116 59 40 52 123 38 10 7 87 16 21 35 66 75 40 76 15 19 8 27 5 6 26 40 1 28 103 43 51 37 23 35 22 38 13 98 2 45 26 19 4 72 88 10 32 69 4 41 14 49 27 35 40 37 35 80 9 22 1 66 41 11 71 4 5 6 37 74 36 70 34 38 179 180 12 10 7 41 35 20 71 34 12 71 21 180 37 5 28 22 51 12 180 74 38 5 35 20 10 38 70 5 39 51 5 12 6 38 10 22 53 37 29 28 71 74 11 37 36 180 4 10 36 52 11 71 56 5 34 13 10 12 72 7 37 37 6 41 10 71 72 53 34 57 27 6 5 22 38 7 51 72 5 6 12 27 11 5 52 34 6 71 71 21 52 20 181 6 4 35 35 6 7 41 22 75 53 37 12 57 5 7 179 179 5 75 73 70 10 12 70 74 70 22 6 70 29 27 52 4 53 14 12 28 36 6 36 35 4 5 70 51 36 180 73 41 6 71 27 43 6 5 5 21 181 12 13 6 70 34 72 36 37 6 34 21 71 5 12 11 12 43 34 28 11 11 38 73 13 5 51 20 37 42 10 42 38 11 57 6 56 73 51 70 38 12 72 74 4 37 75 10 4 36 72 6 43 71 71 42 6 71 181 58 52 52 56 38 12 58 180 12 35 35 12 22 38 5 13 27 181 73 29 180 14 28 41 73 180 7 22 28 53 12 58 35 14 12 14 22 57 38 36 38 27 41 6 29 12 180 13 35 21 39 12 6 5 38 5 37 179 6 179 73 12 179 5 75 38 11 57 10 21 22 58 7 37 53 179 11 11 21 13 179 180 38 12 36 74 22 4 52 12 13 13 38 37 22 43 11 21 71 6 38 37 71 181 73 51 37 34 74 72 13 10 20 6 70 42 7
itemClass_demand 1 1 1 1 1 1 1 1 1 1 1 1 1 1 1 1 1 1 1 1 1 1 1 1 1 1 1 1 1 1 1 1 1 1 1 1 1 1 1 1 1 1 1 1 1 1 1 1 1 1 1 1 1 1 1 1 1 1 1 1 1 1 1 1 1 1 1 1 1 1 1 1 1 1 1 1 1 1 1 1 1 1 1 1 1 1 1 1 1 1 1 1 1 1 1 1 1 1 1 1 1 1 1 1 1 1 1 1 1 1 1 1 1 1 1 1 1 1 1 1 1 1 1 1 1 1 1 1 1 1 1 1 1 1 1 1 1 1 1 1 1 1 1 1 1 1 1 1 1 1 1 1 1 1 1 1 1 1 1 1 1 1 1 1 1 1 1 1 1 1 1 1 1 1 1 1 1 1 1 1 1 1 1 1 1 1 1 1 1 1 1 1 1 1 1 1 1 1 1 1 1 1 1 1 1 1 1 1 1 1 1 1 1 1 1 1 1 1 1 1 1 1 1 1 1 1 1 1 1 1 1 1 1 1 1 1 1 1 1 1 1 1 1 1 1 1 1 1 1 1 1 1 1 1 1 1 1 1 1 1 1 1 1 1 1 1 1 1 1 1 1 1 1 1 1 1 1 1 1 1 1 1 1 1 1 1 1 1 1 1 1 1 1 1 1 1 1 1 1 1 1 1 1 1 1 1 1 1 1 1 1 1 1 1 1 1 1 1 1 1 1 1 1 1 1 1 1 1 1 1 1 1 1 1 1 1 1 1 1 1 1 1 1 1 1 1 1 1 1 1 1 1 1 1 1 1 1 1 1 1 1 1 1 1 1 1 1 1 1 1 1 1 1 1 1 1 1 1 1 1 1 1 1 1 1 1 1 1 1 1 1 1 1 1 1 1 1 1 1 1 1 1 1 1 1 1 1 1 1 1 1 1 1 1 1 1 1 1 1 1 1 1 1 1 1 1 1 1 1 1 1 1 1 1 1 1 1 1 1 1 1 1 1 1 1 1 1 1 1 1 1 1 1 1 1 1 1 1 1 1 1 1 1 1 1 1 1 1 1 1 1 1 1 1 1 1 1 1 1 1 1 1 1 1 1 1 1 1 1 1 1 1 1 1 1 1 1 1 1 1 1 1 1 1 1 1 1 1 1 1 1 1 1 1 1 1 1 1 1 1 1 1 1 1 1 1 1 1 1 1 1 1 1 1 1 1 1 1 1 1 1 1 1 1 1 1 1 1 1 1 1 1 1 1 1 1 1 1 1 1 1 1 1 1 1 1 1 1 1 1 1 1 1 1 1 1 1 1 1 1 1 1 1 1 1 1 1 1 1 1 1 1 1 1 1 1 1 1 1 1 1 1 1 1 1 1 1 1 1 1 1 1 1 1 1 1 1 1 1 1 1 1 1 1 1 1 1 1 1 1 1 1 1 1 1 1 1 1 1 1 1 1 1 1 1 1 1 1 1 1 1 1 1 1 1 1 1 1 1 1 1 1 1 1 1 1 1 1 1 1 1 1 1 1 1 1 1 1 1 1 1 1 1 1 1 1 1 1 1 1 1 1 1 1 1 1 1 1 1 1
binNumber 10000
binClassNumber 1
binClass_widthVector 700
binClass_lengthVector 700
binClass_disponibility 1000
itemClass_weight 13650 14430 1950 4290 28860 22230 16380 20280 2340 1950 4290 5070 10920 70200 27690 14820 4680 8190 780 24840 6480 19080 25920 8640 4680 6840 16560 2520 18360 10440 4680 24120 23040 3960 32760 4680 1800 12600 6480 16920 30600 27720 15120 7200 4320 3600 12240 12960 9000 5040 32400 9720 5400 14040 720 23040 15480 8750 8750 350 1050 10850 10850 7350 15050 2800 10850 7700 35000 40600 15400 14700 9800 11550 22750 10850 24050 14060 11840 1480 36630 2220 4440 7770 4440 9620 12580 38110 7770 54390 1110 4440 6660 1480 15910 10850 67900 3150 3150 1750 8050 6650 3500 350 18200 7350 10150 29050 12600 15050 6300 9800 12950 18200 39780 9520 5440 2380 17340 13600 8840 3400 24140 4760 26860 24140 680 340 30260 1360 6800 5100 13260 23040 41400 9000 1080 10800 8640 19440 13320 7560 6480 14760 17280 720 1800 23760 7200 7200 8280 30240 47360 10360 13690 4810 6660 3700 1110 370 13690 10730 47730 4440 16280 9990 22940 14800 7030 8510 14800 11220 21120 660 5940 10890 4620 24750 1650 12870 8580 7260 27720 3960 5610 21450 34980 3960 1980 21780 50840 410 20500 4510 29520 820 13940 17220 11890 7380 10660 48380 26650 6560 1230 20910 9840 4510 1230 10800 23600 13600 5600 10800 6000 8000 11200 23600 16800 3200 56000 42400 9200 18400 800 4000 12800 3200 20740 7820 10200 7140 11560 8500 7140 14620 11220 6800 5780 3400 7480 17000 3740 15640 5780 14620 58820 8160 14620 5100 1700 8160 6120 10200 1700 14620 10200 13260 9520 38420 27540 42840 6800 1360 17000 680 3850 4900 18550 6300 700 24850 7700 3850 22750 2100 8050 8750 30100 24850 350 700 49000 17150 10500 4800 5200 12400 15200 6400 1600 14400 4800 32400 11200 24800 2800 15600 19600 2000 46400 23600 16000 20800 49200 15200 4000 2800 34800 6400 8400 14000 26400 30000 16000 30400 6000 7600 3200 10800 2000 2400 10400 15200 380 10640 39140 16340 19380 14060 8740 13300 8360 14440 4940 37240 760 17100 9880 7220 1520 27360 35200 4000 12800 27600 1600 16400 5600 19600 10800 14000 16000 14800 14000 32000 3600 8800 400 26400 16400 4686 30530 1592 2075 2460 14504 30932 14724 29120 14348 15048 74106 72000 4704 4120 2786 16482 14385 8440 28471 14518 4884 29962 8442 71640 14541 2115 11396 9284 20757 5052 71280 29674 15504 2115 14910 7820 3930 16340 29400 1975 15444 20502 2100 4824 2424 16150 3920 8932 21253 15281 12035 11424 29323 30192 4697 15392 14328 75240 1636 4180 14904 21840 4730 29110 21896 2095 13464 5369 4100 4932 28152 2975 15429 15429 2508 17015 4150 27974 30168 22154 14348 23655 10746 2436 2035 8998 15124 2947 21165 30168 1980 2460 4788 11016 4411 2115 20592 13634 2514 29323 30246 8316 22360 8200 74753 2568 1688 14595 14490 2382 2870 16974 9152 30150 22684 15688 5052 22743 2040 2786 73211 70705 2015 31725 30441 29190 4200 4800 27580 29304 29820 9086 2496 28910 12441 11556 21788 1684 22472 5838 4692 11900 14940 2544 15264 14875 1576 1965 29400 20553 15012 71640 29346 17138 2352 28258 11421 16985 2430 2040 1965 8295 71676 4824 5369 2496 28350 13838 30456 14400 15022 2526 14348 8253 29678 1970 4932 4642 4836 18318 14586 11088 4565 4642 15580 29857 5304 2125 20910 8400 15725 16674 4270 16968 15960 4334 23370 2442 23184 29346 20451 29050 16036 5124 30600 31302 1688 15429 31425 4260 1716 14184 28296 2454 17329 30246 27974 17934 2430 29678 75115 23548 21840 21268 23912 14858 4692 22736 76320 4740 13825 14315 4920 8910 15618 2060 5447 11043 75477 30368 11977 74160 5950 11984 16072 28908 76320 2744 9152 11984 22101 4812 22736 14945 5992 5136 5586 8866 22572 15846 14292 16150 10611 17015 2376 12180 4716 74880 5486 14770 8967 15288 4956 2532 2010 16036 1985 15651 75717 2364 72853 30952 4764 76433 2035 30450 15960 4576 23541 4260 8337 8646 23490 2975 15207 22366 76433 4554 4444 8253 5486 73211 76680 15238 5052 14328 29008 9218 1644 20956 5160 5564 5135 15010 15133 8976 17931 4411 8757 30530 2394 15542 15725 28329 72581 31098 20706 15540 14008 31302 28368 5187 4240 8380 2406 29050 17640 2786
