itemNumber 600
itemClassNumber 600
itemClass_widthVector 36 35 34 33 32 31 30 29 28 27 26 25 24 23 22 21 20 19 30 29 28 27 26 25 24 23 22 21 20 19 18 17 16 15 14 13 33 32 31 30 29 28 27 26 25 24 23 22 21 20 19 18 17 16 34 33 32 31 30 29 28 27 26 25 24 23 22 21 20 19 18 17 37 36 35 34 33 32 31 30 29 28 27 26 25 24 23 22 21 20 30 29 28 27 26 25 24 23 22 21 20 19 18 17 16 15 14 13 34 33 32 31 30 29 28 27 26 25 24 23 22 21 20 19 18 17 31 30 29 28 27 26 25 24 23 22 21 20 19 18 17 16 15 14 34 33 32 31 30 29 28 27 26 25 24 23 22 21 20 19 18 17 36 35 34 33 32 31 30 29 28 27 26 25 24 23 22 21 20 19 31 30 29 28 27 26 25 24 23 22 21 20 19 18 17 16 15 14 31 30 29 28 27 26 25 24 23 22 21 20 19 18 17 16 15 14 33 32 31 30 29 28 27 26 25 24 23 22 21 20 19 18 17 16 35 34 33 32 31 30 29 28 27 26 25 24 23 22 21 20 19 18 32 31 30 29 28 27 26 25 24 23 22 21 20 19 18 17 16 15 35 34 33 32 31 30 29 28 27 26 25 24 23 22 21 20 19 18 37 36 35 34 33 32 31 30 29 28 27 26 25 24 23 22 21 20 31 30 29 28 27 26 25 24 23 22 21 20 19 18 17 16 15 14 23 35 24 32 32 32 26 31 34 31 38 26 28 29 36 32 26 34 35 40 25 27 32 33 27 23 26 33 28 38 29 25 31 38 28 33 30 28 29 34 25 34 32 36 29 23 34 24 36 26 22 31 31 36 35 30 27 23 29 36 24 36 25 40 31 26 31 35 32 23 25 31 38 26 33 23 33 37 22 35 24 25 39 26 37 30 35 31 35 33 23 34 33 25 26 38 27 22 36 33 28 26 22 31 27 34 38 23 37 40 38 30 30 28 32 27 28 37 36 28 24 29 22 27 32 38 30 31 37 37 29 25 39 35 21 31 32 28 30 30 31 40 37 23 35 30 23 35 24 37 28 24 35 40 33 22 28 29 36 28 26 29 31 35 29 31 34 27 30 27 24 32 28 38 26 36 27 28 38 38 34 27 28 26 30 31 25 22 23 27 24 26 25 29 32 30 28 26 38 25 30 31 30 23 38 38 28 29 30 35 27 36 32 28 22 24 31 28 36 36 28 26 39 26 32 21 34 27 34 26 37 25 39 35 39 38 36 38 37 30 33 31 37 28 34 25 26 31 24 39 39 36 34 26 24 34 38 22 33 26 34 22 28 33 37 25 25 28 39 26 40 29 27 24 35 36
itemClass_lengthVector 42 30 1 2 26 30 34 29 168 3 49 11 47 56 28 21 20 3 66 29 33 6 5 12 21 20 24 9 15 119 24 57 50 96 5 9 17 17 30 17 23 10 54 11 2 85 1 11 49 92 109 4 54 14 3 27 11 16 105 98 21 2 8 3 3 3 15 60 73 25 56 71 13 34 7 24 3 18 11 24 9 100 56 23 62 19 131 22 41 3 68 10 5 18 35 44 6 22 19 88 75 2 67 56 1 35 2 47 23 26 8 60 1 93 4 22 42 70 4 16 68 20 31 37 33 42 6 3 1 27 2 16 14 4 24 8 22 96 57 59 97 61 29 74 17 18 27 41 2 68 95 18 68 84 13 73 24 11 1 17 14 9 24 2 13 33 33 16 81 33 56 30 39 4 46 31 61 85 5 8 26 25 125 36 16 39 8 11 8 43 13 45 11 30 17 51 86 10 80 37 21 23 7 46 16 10 23 59 70 48 4 50 9 51 37 9 70 9 31 20 19 47 7 35 17 30 54 4 55 97 27 5 10 63 20 13 56 3 70 26 11 4 25 23 6 96 22 122 2 40 1 60 75 62 3 11 28 68 5 59 3 10 29 25 1 66 63 50 18 24 6 21 54 2 105 108 15 1 22 15 29 53 23 32 27 22 18 47 15 10 48 95 10 8 14 121 17 10 1 16 22 26 2 69 56 60 5 15 49 14 171 25 26 24 41 14 69 42 19 24 4 13 28 17 20 25 21 29 30 33 11 28 30 168 43 47 49 3 25 28 12 31 30 43 55 10 28 33 50 22 56 27 12 31 167 46 33 1 12 27 29 49 169 1 46 31 35 3 50 29 31 55 1 11 22 167 35 1 26 2 46 28 168 27 21 25 48 43 169 12 33 2 34 28 55 29 1 11 33 27 25 43 21 27 27 57 41 48 3 30 1 168 2 31 21 1 30 55 46 1 11 20 31 25 50 12 20 35 10 26 2 20 3 41 1 167 4 12 30 49 50 29 1 3 21 3 21 49 29 43 167 168 31 1 169 29 43 26 21 28 30 12 168 169 30 41 31 19 26 28 22 26 27 2 48 27 2 43 33 22 3 2 1 50 12 2 167 1 167 28 31 11 3 46 29 34 48 43 12 1 46 11 1 2 35 46 11 56 29 168 46 22 28 50 55 55 29 48 30 167 49 57 31 27 30 30 4 20 41 31 11 50 168 25 48 2 29 49 20 22 35 12 2 25 3 47 30 57 30 21 25 12 34 47 41 57 30 31 41 29 2 31 1 169 25 33 31 10 1 48 11 34 20 42 29 1 1 46 20 26 2 21 31 10 30 22 2 27 2 47 46 48 31 46 42 50 11 29 1 30
itemClass_demand 1 1 1 1 1 1 1 1 1 1 1 1 1 1 1 1 1 1 1 1 1 1 1 1 1 1 1 1 1 1 1 1 1 1 1 1 1 1 1 1 1 1 1 1 1 1 1 1 1 1 1 1 1 1 1 1 1 1 1 1 1 1 1 1 1 1 1 1 1 1 1 1 1 1 1 1 1 1 1 1 1 1 1 1 1 1 1 1 1 1 1 1 1 1 1 1 1 1 1 1 1 1 1 1 1 1 1 1 1 1 1 1 1 1 1 1 1 1 1 1 1 1 1 1 1 1 1 1 1 1 1 1 1 1 1 1 1 1 1 1 1 1 1 1 1 1 1 1 1 1 1 1 1 1 1 1 1 1 1 1 1 1 1 1 1 1 1 1 1 1 1 1 1 1 1 1 1 1 1 1 1 1 1 1 1 1 1 1 1 1 1 1 1 1 1 1 1 1 1 1 1 1 1 1 1 1 1 1 1 1 1 1 1 1 1 1 1 1 1 1 1 1 1 1 1 1 1 1 1 1 1 1 1 1 1 1 1 1 1 1 1 1 1 1 1 1 1 1 1 1 1 1 1 1 1 1 1 1 1 1 1 1 1 1 1 1 1 1 1 1 1 1 1 1 1 1 1 1 1 1 1 1 1 1 1 1 1 1 1 1 1 1 1 1 1 1 1 1 1 1 1 1 1 1 1 1 1 1 1 1 1 1 1 1 1 1 1 1 1 1 1 1 1 1 1 1 1 1 1 1 1 1 1 1 1 1 1 1 1 1 1 1 1 1 1 1 1 1 1 1 1 1 1 1 1 1 1 1 1 1 1 1 1 1 1 1 1 1 1 1 1 1 1 1 1 1 1 1 1 1 1 1 1 1 1 1 1 1 1 1 1 1 1 1 1 1 1 1 1 1 1 1 1 1 1 1 1 1 1 1 1 1 1 1 1 1 1 1 1 1 1 1 1 1 1 1 1 1 1 1 1 1 1 1 1 1 1 1 1 1 1 1 1 1 1 1 1 1 1 1 1 1 1 1 1 1 1 1 1 1 1 1 1 1 1 1 1 1 1 1 1 1 1 1 1 1 1 1 1 1 1 1 1 1 1 1 1 1 1 1 1 1 1 1 1 1 1 1 1 1 1 1 1 1 1 1 1 1 1 1 1 1 1 1 1 1 1 1 1 1 1 1 1 1 1 1 1 1 1 1 1 1 1 1 1 1 1 1 1 1 1 1 1 1 1 1 1 1 1 1 1 1 1 1 1 1 1 1 1 1 1 1 1 1 1 1 1 1 1 1 1 1 1 1 1 1 1 1 1 1 1 1 1 1 1 1 1 1 1 1 1 1 1 1 1 1 1 1 1 1
binNumber 10000
binClassNumber 1
binClass_widthVector 600
binClass_lengthVector 600
binClass_disponibility 1000
itemClass_weight 15120 10800 360 720 9360 10800 12240 10440 60480 1080 17640 3960 16920 20160 10080 7560 7200 1080 19800 8700 9900 1800 1500 3600 6300 6000 7200 2700 4500 35700 7200 17100 15000 28800 1500 2700 5610 5610 9900 5610 7590 3300 17820 3630 660 28050 330 3630 16170 30360 35970 1320 17820 4620 1020 9180 3740 5440 35700 33320 7140 680 2720 1020 1020 1020 5100 20400 24820 8500 19040 24140 4810 12580 2590 8880 1110 6660 4070 8880 3330 37000 20720 8510 22940 7030 48470 8140 15170 1110 20400 3000 1500 5400 10500 13200 1800 6600 5700 26400 22500 600 20100 16800 300 10500 600 14100 7820 8840 2720 20400 340 31620 1360 7480 14280 23800 1360 5440 23120 6800 10540 12580 11220 14280 1860 930 310 8370 620 4960 4340 1240 7440 2480 6820 29760 17670 18290 30070 18910 8990 22940 5780 6120 9180 13940 680 23120 32300 6120 23120 28560 4420 24820 8160 3740 340 5780 4760 3060 8640 720 4680 11880 11880 5760 29160 11880 20160 10800 14040 1440 16560 11160 21960 30600 1800 2880 8060 7750 38750 11160 4960 12090 2480 3410 2480 13330 4030 13950 3410 9300 5270 15810 26660 3100 24800 11470 6510 7130 2170 14260 4960 3100 7130 18290 21700 14880 1240 15500 2790 15810 11470 2790 23100 2970 10230 6600 6270 15510 2310 11550 5610 9900 17820 1320 18150 32010 8910 1650 3300 20790 7000 4550 19600 1050 24500 9100 3850 1400 8750 8050 2100 33600 7700 42700 700 14000 350 21000 24000 19840 960 3520 8960 21760 1600 18880 960 3200 9280 8000 320 21120 20160 16000 5760 7680 2100 7350 18900 700 36750 37800 5250 350 7700 5250 10150 18550 8050 11200 9450 7700 6300 16450 5550 3700 17760 35150 3700 2960 5180 44770 6290 3700 370 5920 8140 9620 740 25530 20720 22200 1550 4650 15190 4340 53010 7750 8060 7440 12710 4340 21390 13020 5890 7440 1240 4030 8680 5270 7740 9875 8169 11455 11610 12210 4169 10892 11550 66360 15695 18236 18914 1140 9575 10472 4368 11284 11430 16985 20350 3740 10920 12870 18650 8382 21504 10611 4548 11563 65130 17204 12210 368 4740 10530 10643 19061 62192 368 17664 11191 12705 1110 18650 11107 11780 21395 374 4323 8646 60621 13440 392 9802 780 18032 10276 60816 10017 7644 9775 18624 16598 62868 4368 12210 748 13124 10976 20185 11513 386 4092 11979 10287 9250 16297 7644 9990 10395 21489 15211 18912 1125 11550 391 61320 794 11470 8127 367 11730 20570 17204 368 4246 7260 11346 9600 18150 4560 7700 12635 3660 9542 734 7220 1149 16113 388 64796 1452 4596 11010 18179 18950 11020 383 1173 7938 1125 7959 18718 11165 15695 66299 63672 12121 367 66248 10527 15910 9516 7623 10108 11220 4692 60648 62530 10830 15867 11377 7315 10244 10836 8514 10114 10179 752 18096 9855 752 15953 12507 7964 1134 776 386 19000 4536 752 63627 393 61456 10752 11532 4048 1173 17894 11136 13328 18720 16469 4728 364 16698 4301 395 730 13895 17710 4235 20272 11513 62160 17434 8206 10220 19100 20955 21175 11339 17904 11880 65631 18522 21318 11594 9747 11820 11610 1460 7540 14801 11222 4147 19750 66192 9450 18336 770 10556 17983 7460 7964 12810 4740 782 9575 1086 17484 11670 22572 11460 7980 9675 4608 12886 18283 15990 22059 10950 11439 15990 10498 742 11811 378 63375 9125 12639 12183 3960 372 18960 4224 12648 7280 16548 11020 389 389 17664 7320 9984 776 8085 11408 3710 10860 7942 724 10584 774 18142 16974 17760 11811 17940 15960 19450 4246 11426 370 11760
