itemNumber 120
itemClassNumber 120
itemClass_widthVector 17 16 15 14 13 12 11 10 15 14 13 12 11 10 9 8 15 14 13 12 11 10 9 8 14 13 12 11 10 9 8 7 15 14 13 12 11 10 9 8 15 14 13 12 11 10 9 8 14 13 12 11 10 9 8 7 15 14 13 12 11 10 9 8 16 12 19 17 13 17 12 19 18 12 12 16 14 14 16 17 16 18 16 18 12 17 19 15 17 14 17 17 19 13 16 18 18 17 17 17 17 13 15 17 15 14 18 13 15 14 15 15 15 15 14 13 18 14 17 17
itemClass_lengthVector 2 35 54 2 6 5 15 1 11 22 31 15 9 10 10 12 9 4 19 8 4 52 19 5 19 1 6 16 20 22 17 19 27 3 11 10 19 13 1 36 44 12 18 22 10 6 2 6 5 6 1 30 50 6 3 19 9 10 19 6 4 48 21 3 2 16 2 34 6 34 14 3 35 14 16 3 6 5 53 34 54 34 54 35 15 34 1 3 53 6 55 53 1 15 3 1 2 36 34 55 55 14 3 35 6 7 3 6 5 6 2 6 3 5 5 16 34 5 55 36
itemClass_demand 1 1 1 1 1 1 1 1 1 1 1 1 1 1 1 1 1 1 1 1 1 1 1 1 1 1 1 1 1 1 1 1 1 1 1 1 1 1 1 1 1 1 1 1 1 1 1 1 1 1 1 1 1 1 1 1 1 1 1 1 1 1 1 1 1 1 1 1 1 1 1 1 1 1 1 1 1 1 1 1 1 1 1 1 1 1 1 1 1 1 1 1 1 1 1 1 1 1 1 1 1 1 1 1 1 1 1 1 1 1 1 1 1 1 1 1 1 1 1 1
binNumber 10000
binClassNumber 1
binClass_widthVector 120
binClass_lengthVector 120
binClass_disponibility 1000
itemClass_weight 340 5950 9180 340 1020 850 2550 170 1650 3300 4650 2250 1350 1500 1500 1800 1350 600 2850 1200 600 7800 2850 750 2660 140 840 2240 2800 3080 2380 2660 4050 450 1650 1500 2850 1950 150 5400 6600 1800 2700 3300 1500 900 300 900 700 840 140 4200 7000 840 420 2660 1350 1500 2850 900 600 7200 3150 450 362 2928 346 6358 1110 5916 2492 516 6090 2450 2992 537 1110 875 9911 6290 9450 6052 9558 6335 2580 6052 180 543 9858 1068 9790 9593 185 2775 534 187 364 6552 6358 9680 9900 2450 519 6230 1050 1274 543 1068 880 1074 370 1062 528 875 925 2832 6324 880 10120 6408
