itemNumber 180
itemClassNumber 180
itemClass_widthVector 18 17 16 15 14 13 12 11 10 9 19 18 17 16 15 14 13 12 11 10 20 19 18 17 16 15 14 13 12 11 18 17 16 15 14 13 12 11 10 9 17 16 15 14 13 12 11 10 9 8 17 16 15 14 13 12 11 10 9 8 17 16 15 14 13 12 11 10 9 8 18 17 16 15 14 13 12 11 10 9 18 17 16 15 14 13 12 11 10 9 18 17 16 15 14 13 12 11 10 9 12 19 14 16 15 16 18 14 16 14 17 16 12 18 13 17 19 19 14 14 15 14 13 14 18 16 18 18 17 18 15 18 13 14 12 16 16 11 13 20 16 17 17 18 15 12 15 13 14 12 12 18 13 16 14 13 17 13 13 11 15 15 19 14 18 19 15 19 12 18 18 20 19 14 20 16 13 19 14 15
itemClass_lengthVector 8 92 3 14 1 7 2 20 18 15 17 8 3 2 37 30 2 60 11 10 38 12 24 18 22 3 26 6 1 30 19 38 16 19 38 1 5 4 29 11 30 13 2 32 20 5 5 62 1 10 18 3 15 24 45 2 8 30 6 29 5 26 5 13 28 11 11 48 22 11 22 9 21 6 29 24 3 14 27 25 13 1 37 7 35 8 14 2 28 35 2 49 24 8 16 35 1 22 9 14 18 91 3 1 8 14 2 1 2 1 15 15 19 93 1 15 92 91 6 6 6 6 1 1 93 1 91 2 15 91 6 2 21 3 20 2 1 18 19 7 1 4 3 92 6 19 8 2 6 18 21 4 21 1 2 21 4 20 1 17 1 1 8 6 4 7 6 9 17 92 4 8 8 8 8 2 1 93 6 8
itemClass_demand 1 1 1 1 1 1 1 1 1 1 1 1 1 1 1 1 1 1 1 1 1 1 1 1 1 1 1 1 1 1 1 1 1 1 1 1 1 1 1 1 1 1 1 1 1 1 1 1 1 1 1 1 1 1 1 1 1 1 1 1 1 1 1 1 1 1 1 1 1 1 1 1 1 1 1 1 1 1 1 1 1 1 1 1 1 1 1 1 1 1 1 1 1 1 1 1 1 1 1 1 1 1 1 1 1 1 1 1 1 1 1 1 1 1 1 1 1 1 1 1 1 1 1 1 1 1 1 1 1 1 1 1 1 1 1 1 1 1 1 1 1 1 1 1 1 1 1 1 1 1 1 1 1 1 1 1 1 1 1 1 1 1 1 1 1 1 1 1 1 1 1 1 1 1 1 1 1 1 1 1
binNumber 10000
binClassNumber 1
binClass_widthVector 180
binClass_lengthVector 180
binClass_disponibility 1000
itemClass_weight 1440 16560 540 2520 180 1260 360 3600 3240 2700 3230 1520 570 380 7030 5700 380 11400 2090 1900 7600 2400 4800 3600 4400 600 5200 1200 200 6000 3420 6840 2880 3420 6840 180 900 720 5220 1980 5100 2210 340 5440 3400 850 850 10540 170 1700 3060 510 2550 4080 7650 340 1360 5100 1020 4930 850 4420 850 2210 4760 1870 1870 8160 3740 1870 3960 1620 3780 1080 5220 4320 540 2520 4860 4500 2340 180 6660 1260 6300 1440 2520 360 5040 6300 360 8820 4320 1440 2880 6300 180 3960 1620 2520 3420 17472 561 197 1552 2646 378 190 378 188 2820 2880 3667 18507 181 2745 17480 16653 1110 1092 1152 1152 189 183 17019 187 18018 380 2760 17108 1116 364 4074 597 3800 370 187 3528 3667 1379 181 732 582 17664 1104 3724 1536 370 1128 3456 3990 724 4179 190 366 4011 768 3980 185 3366 193 181 1528 1086 760 1337 1128 1773 3298 16836 776 1496 1568 1504 1512 362 187 17205 1164 1560
