itemNumber 180
itemClassNumber 180
itemClass_widthVector 18 17 16 15 14 13 12 11 10 9 18 17 16 15 14 13 12 11 10 9 17 16 15 14 13 12 11 10 9 8 20 19 18 17 16 15 14 13 12 11 19 18 17 16 15 14 13 12 11 10 18 17 16 15 14 13 12 11 10 9 17 16 15 14 13 12 11 10 9 8 17 16 15 14 13 12 11 10 9 8 16 15 14 13 12 11 10 9 8 7 20 19 18 17 16 15 14 13 12 11 15 13 13 18 13 19 12 18 11 14 14 12 14 18 12 18 12 17 18 15 20 12 11 15 19 12 13 18 17 18 14 13 14 19 18 18 18 17 16 15 12 14 13 18 15 17 15 15 18 15 14 11 17 18 17 17 14 18 17 18 16 16 14 15 17 19 19 13 17 16 17 14 18 12 17 11 16 18 11 17
itemClass_lengthVector 16 29 12 14 4 18 41 4 3 39 23 41 23 9 4 30 26 5 11 8 42 18 14 5 27 3 2 5 38 26 18 30 4 19 21 14 7 49 1 17 7 4 11 24 29 10 7 26 61 1 35 6 9 15 10 23 16 40 5 21 15 1 14 14 10 55 4 40 21 6 10 42 5 5 44 2 5 10 3 54 14 23 17 6 3 4 17 23 28 45 56 20 5 6 21 13 15 29 4 11 5 5 40 11 41 15 3 28 3 17 17 4 40 28 3 30 4 12 12 5 17 2 2 4 17 3 5 12 12 12 19 42 18 17 29 13 28 15 14 17 3 41 42 13 18 13 19 4 28 3 42 2 13 29 13 13 19 13 14 29 5 4 40 5 11 15 16 41 13 5 14 17 30 3 13 4 15 13 4 15
itemClass_demand 1 1 1 1 1 1 1 1 1 1 1 1 1 1 1 1 1 1 1 1 1 1 1 1 1 1 1 1 1 1 1 1 1 1 1 1 1 1 1 1 1 1 1 1 1 1 1 1 1 1 1 1 1 1 1 1 1 1 1 1 1 1 1 1 1 1 1 1 1 1 1 1 1 1 1 1 1 1 1 1 1 1 1 1 1 1 1 1 1 1 1 1 1 1 1 1 1 1 1 1 1 1 1 1 1 1 1 1 1 1 1 1 1 1 1 1 1 1 1 1 1 1 1 1 1 1 1 1 1 1 1 1 1 1 1 1 1 1 1 1 1 1 1 1 1 1 1 1 1 1 1 1 1 1 1 1 1 1 1 1 1 1 1 1 1 1 1 1 1 1 1 1 1 1 1 1 1 1 1 1
binNumber 10000
binClassNumber 1
binClass_widthVector 180
binClass_lengthVector 180
binClass_disponibility 1000
itemClass_weight 2880 5220 2160 2520 720 3240 7380 720 540 7020 4140 7380 4140 1620 720 5400 4680 900 1980 1440 7140 3060 2380 850 4590 510 340 850 6460 4420 3600 6000 800 3800 4200 2800 1400 9800 200 3400 1330 760 2090 4560 5510 1900 1330 4940 11590 190 6300 1080 1620 2700 1800 4140 2880 7200 900 3780 2550 170 2380 2380 1700 9350 680 6800 3570 1020 1700 7140 850 850 7480 340 850 1700 510 9180 2240 3680 2720 960 480 640 2720 3680 4480 7200 11200 4000 1000 1200 4200 2600 3000 5800 800 2200 930 965 7480 2024 8118 2865 543 5488 546 3230 3366 760 7720 5376 585 5700 792 2232 2292 930 3128 392 388 744 3247 591 965 2292 2220 2244 3477 8022 3420 3349 5394 2587 5488 2895 2660 3366 591 7995 7938 2574 3258 2535 3477 784 5124 558 7602 368 2379 5510 2522 2574 3762 2405 2758 5394 990 744 7240 950 2024 2970 3120 8077 2496 910 2744 3247 5730 549 2548 728 2865 2392 732 2715
