itemNumber 80
itemClassNumber 80
itemClass_widthVector 10 9 8 7 6 5 4 13 12 11 10 9 8 7 12 11 10 9 8 7 6 10 9 8 7 6 5 4 11 10 9 8 7 6 5 13 12 11 10 9 8 7 11 10 9 8 7 6 5 6 9 8 7 7 6 8 9 9 7 6 9 6 7 9 7 9 7 11 7 9 6 9 10 10 10 10 9 9 9 9
itemClass_lengthVector 2 7 25 27 14 3 2 2 7 11 1 29 17 13 13 5 29 4 6 17 6 45 5 4 11 4 5 6 14 14 7 35 3 1 6 3 6 11 18 15 2 25 1 4 5 21 9 25 15 2 24 28 15 14 4 27 24 24 15 4 26 3 13 26 15 24 14 1 13 24 2 25 6 8 6 7 26 26 26 26
itemClass_demand 1 1 1 1 1 1 1 1 1 1 1 1 1 1 1 1 1 1 1 1 1 1 1 1 1 1 1 1 1 1 1 1 1 1 1 1 1 1 1 1 1 1 1 1 1 1 1 1 1 1 1 1 1 1 1 1 1 1 1 1 1 1 1 1 1 1 1 1 1 1 1 1 1 1 1 1 1 1 1 1
binNumber 10000
binClassNumber 1
binClass_widthVector 80
binClass_lengthVector 80
binClass_disponibility 1000
itemClass_weight 200 700 2500 2700 1400 300 200 260 910 1430 130 3770 2210 1690 1560 600 3480 480 720 2040 720 4500 500 400 1100 400 500 600 1540 1540 770 3850 330 110 660 390 780 1430 2340 1950 260 3250 110 440 550 2310 990 2750 1650 212 2568 3108 1650 1554 420 2943 2640 2640 1515 432 2860 303 1378 2730 1545 2544 1498 105 1352 2664 220 2700 666 840 654 735 2860 2782 2808 2730
