itemNumber 200
itemClassNumber 200
itemClass_widthVector 18 17 16 15 14 13 12 11 10 9 8 18 17 16 15 14 13 12 11 10 9 8 17 16 15 14 13 12 11 10 9 8 7 20 19 18 17 16 15 14 13 12 11 10 19 18 17 16 15 14 13 12 11 10 9 18 17 16 15 14 13 12 11 10 9 8 17 16 15 14 13 12 11 10 9 8 7 16 15 14 13 12 11 10 9 8 7 6 17 16 15 14 13 12 11 10 9 8 7 20 19 18 17 16 15 14 13 12 11 10 20 19 18 17 16 15 14 13 12 11 10 10 18 14 12 14 18 12 18 12 17 18 15 20 12 11 15 19 12 13 18 17 10 17 18 14 19 18 18 18 17 10 15 12 12 12 18 10 10 19 19 12 17 20 10 11 17 18 10 13 14 18 17 18 16 16 14 15 17 10 12 18 17 13 13 16 14 18 12 17 11 16 10 11 17 20 16 16 18 12
itemClass_lengthVector 16 12 17 12 14 4 18 41 4 58 4 23 23 18 8 15 13 22 8 26 16 28 12 9 39 7 5 7 40 14 4 24 39 16 10 25 32 29 31 8 12 19 10 8 5 17 18 34 9 1 89 6 10 10 1 3 9 13 19 31 18 1 19 4 30 53 10 22 32 11 8 22 31 14 17 32 1 9 1 39 7 8 1 1 44 18 38 34 11 13 30 46 11 16 20 21 16 7 9 12 8 13 16 23 30 57 2 11 25 3 4 10 16 27 9 32 4 39 16 41 2 57 13 3 41 17 11 4 13 41 17 17 15 17 3 3 14 17 4 42 17 17 57 13 12 4 17 12 18 11 13 57 14 5 4 41 18 58 57 12 12 42 11 15 59 3 11 12 59 17 5 18 12 12 15 14 17 15 16 57 3 17 18 42 19 15 3 13 4 18 5 13 57 5 13 15 12 14 17 5
itemClass_demand 1 1 1 1 1 1 1 1 1 1 1 1 1 1 1 1 1 1 1 1 1 1 1 1 1 1 1 1 1 1 1 1 1 1 1 1 1 1 1 1 1 1 1 1 1 1 1 1 1 1 1 1 1 1 1 1 1 1 1 1 1 1 1 1 1 1 1 1 1 1 1 1 1 1 1 1 1 1 1 1 1 1 1 1 1 1 1 1 1 1 1 1 1 1 1 1 1 1 1 1 1 1 1 1 1 1 1 1 1 1 1 1 1 1 1 1 1 1 1 1 1 1 1 1 1 1 1 1 1 1 1 1 1 1 1 1 1 1 1 1 1 1 1 1 1 1 1 1 1 1 1 1 1 1 1 1 1 1 1 1 1 1 1 1 1 1 1 1 1 1 1 1 1 1 1 1 1 1 1 1 1 1 1 1 1 1 1 1 1 1 1 1 1 1 1 1 1 1 1 1
binNumber 10000
binClassNumber 1
binClass_widthVector 200
binClass_lengthVector 200
binClass_disponibility 1000
itemClass_weight 2880 2160 3060 2160 2520 720 3240 7380 720 10440 720 4140 4140 3240 1440 2700 2340 3960 1440 4680 2880 5040 2040 1530 6630 1190 850 1190 6800 2380 680 4080 6630 3200 2000 5000 6400 5800 6200 1600 2400 3800 2000 1600 950 3230 3420 6460 1710 190 16910 1140 1900 1900 190 540 1620 2340 3420 5580 3240 180 3420 720 5400 9540 1700 3740 5440 1870 1360 3740 5270 2380 2890 5440 170 1440 160 6240 1120 1280 160 160 7040 2880 6080 5440 1870 2210 5100 7820 1870 2720 3400 3570 2720 1190 1530 2400 1600 2600 3200 4600 6000 11400 400 2200 5000 600 800 2000 3200 5400 1800 6400 800 7800 3200 8200 400 10944 2470 594 7790 3281 2112 780 2470 8118 3162 3247 2790 3128 588 582 2604 3247 788 8106 3247 3145 10944 2379 2292 760 3349 2232 3582 2156 2509 10716 2674 965 760 7749 3564 11194 11229 2280 2256 7770 2035 2985 10679 552 2013 2280 10915 3366 990 3330 2364 2232 2970 2604 3077 2850 2944 10716 594 3247 3312 7980 3553 2940 573 2483 732 3528 910 2483 10488 915 2353 2775 2304 2548 3111 990
