itemNumber 160
itemClassNumber 160
itemClass_widthVector 18 17 16 15 14 13 12 11 10 18 17 16 15 14 13 12 11 10 16 15 14 13 12 11 10 9 8 20 19 18 17 16 15 14 13 12 18 17 16 15 14 13 12 11 10 17 16 15 14 13 12 11 10 9 18 17 16 15 14 13 12 11 10 17 16 15 14 13 12 11 10 9 18 17 16 15 14 13 12 11 10 13 12 20 13 15 13 15 15 13 17 18 19 16 14 14 19 19 16 14 15 16 14 19 18 14 13 17 12 18 17 16 12 14 14 20 15 18 19 17 15 17 18 13 17 19 17 18 13 20 17 18 15 12 17 15 17 16 13 17 14 14 19 20 16 19 19 13 18 14 17 13 17 18 16 16 14 12 13 15
itemClass_lengthVector 13 33 23 13 29 31 6 6 6 37 11 19 13 6 15 31 25 3 48 25 6 23 3 25 3 12 15 15 11 25 11 30 12 7 21 28 10 7 29 3 36 7 22 24 22 12 19 4 38 49 6 7 15 10 17 8 19 2 23 19 24 41 7 6 19 22 7 17 50 28 10 1 13 40 11 1 33 10 11 7 34 5 7 12 7 31 7 31 29 7 13 33 32 12 32 30 14 32 29 31 32 12 31 32 22 6 6 14 6 22 23 12 6 5 5 13 30 32 32 22 30 13 23 6 14 14 13 34 6 14 24 22 28 6 24 29 22 30 6 24 30 7 32 14 28 32 32 7 33 5 23 5 23 32 29 30 31 5 6 29
itemClass_demand 1 1 1 1 1 1 1 1 1 1 1 1 1 1 1 1 1 1 1 1 1 1 1 1 1 1 1 1 1 1 1 1 1 1 1 1 1 1 1 1 1 1 1 1 1 1 1 1 1 1 1 1 1 1 1 1 1 1 1 1 1 1 1 1 1 1 1 1 1 1 1 1 1 1 1 1 1 1 1 1 1 1 1 1 1 1 1 1 1 1 1 1 1 1 1 1 1 1 1 1 1 1 1 1 1 1 1 1 1 1 1 1 1 1 1 1 1 1 1 1 1 1 1 1 1 1 1 1 1 1 1 1 1 1 1 1 1 1 1 1 1 1 1 1 1 1 1 1 1 1 1 1 1 1 1 1 1 1 1 1
binNumber 10000
binClassNumber 1
binClass_widthVector 160
binClass_lengthVector 160
binClass_disponibility 1000
itemClass_weight 2340 5940 4140 2340 5220 5580 1080 1080 1080 6660 1980 3420 2340 1080 2700 5580 4500 540 7680 4000 960 3680 480 4000 480 1920 2400 3000 2200 5000 2200 6000 2400 1400 4200 5600 1800 1260 5220 540 6480 1260 3960 4320 3960 2040 3230 680 6460 8330 1020 1190 2550 1700 3060 1440 3420 360 4140 3420 4320 7380 1260 1020 3230 3740 1190 2890 8500 4760 1700 170 2340 7200 1980 180 5940 1800 1980 1260 6120 910 1323 2256 1295 5611 1302 5797 5568 1295 2483 6138 6112 2244 6304 5910 2576 6304 5771 5828 5792 2208 5921 6112 4180 1110 1188 2548 1098 4356 4347 2376 1182 935 970 2535 5430 6240 6048 4378 5970 2535 4554 1128 2660 2772 2496 6528 1110 2576 4632 4334 5208 1176 4416 5684 4334 5940 1128 4416 5910 1358 6048 2772 5404 6336 5792 1358 6468 920 4186 965 4278 5984 5481 5670 6138 935 1098 5655
