itemNumber 50
itemClassNumber 50
itemClass_widthVector 8 7 6 5 4 3 10 9 8 7 6 5 8 7 6 5 4 3 9 8 7 6 5 4 7 6 5 4 3 2 8 7 6 5 4 3 9 5 7 5 8 5 9 8 6 6 6 7 5 5
itemClass_lengthVector 1 21 8 3 11 6 4 7 5 12 19 3 14 1 12 17 3 3 1 2 10 14 19 4 1 7 20 11 9 2 2 4 3 24 2 15 2 12 9 10 20 12 2 21 4 2 3 9 10 11
itemClass_demand 1 1 1 1 1 1 1 1 1 1 1 1 1 1 1 1 1 1 1 1 1 1 1 1 1 1 1 1 1 1 1 1 1 1 1 1 1 1 1 1 1 1 1 1 1 1 1 1 1 1
binNumber 10000
binClassNumber 1
binClass_widthVector 50
binClass_lengthVector 50
binClass_disponibility 1000
itemClass_weight 80 1680 640 240 880 480 400 700 500 1200 1900 300 1120 80 960 1360 240 240 90 180 900 1260 1710 360 70 490 1400 770 630 140 160 320 240 1920 160 1200 166 972 765 870 1720 1032 176 1701 324 168 246 738 870 946
