itemNumber 190
itemClassNumber 190
itemClass_widthVector 20 19 18 17 16 15 14 13 12 11 18 17 16 15 14 13 12 11 10 9 18 17 16 15 14 13 12 11 10 9 19 18 17 16 15 14 13 12 11 10 21 20 19 18 17 16 15 14 13 12 17 16 15 14 13 12 11 10 9 8 19 18 17 16 15 14 13 12 11 10 17 16 15 14 13 12 11 10 9 8 20 19 18 17 16 15 14 13 12 11 21 20 19 18 17 16 15 14 13 12 17 16 20 21 14 19 14 14 18 16 18 18 22 14 21 14 19 16 22 14 17 22 20 21 21 14 15 19 22 13 15 23 15 15 20 19 22 17 16 14 22 22 21 16 21 18 13 14 18 19 14 21 18 18 17 16 21 21 20 19 18 19 19 18 21 15 22 14 23 23 19 16 14 18 16 21 13 19 20 14 13 17 19 18 14 21 16 23 20 19
itemClass_lengthVector 25 7 19 58 23 16 3 25 11 3 18 1 23 62 14 14 13 14 15 16 13 2 29 29 24 8 9 13 34 29 35 3 10 6 3 3 36 67 13 14 8 21 39 14 9 6 10 8 14 61 21 5 19 25 12 23 49 3 15 18 5 15 23 16 9 16 45 29 25 7 1 10 4 26 30 3 5 33 21 57 18 22 21 16 2 2 12 14 8 75 9 3 8 8 1 67 43 5 9 37 24 17 7 8 24 18 25 25 58 2 59 23 24 26 26 11 20 3 24 24 23 24 6 25 6 11 4 20 25 11 25 25 26 4 8 59 24 17 4 26 24 24 7 15 6 59 10 12 22 57 11 7 23 22 15 2 26 6 7 59 22 18 59 57 7 26 26 26 24 25 20 2 12 57 16 6 11 58 7 25 10 15 57 59 11 24 17 24 6 58
itemClass_demand 1 1 1 1 1 1 1 1 1 1 1 1 1 1 1 1 1 1 1 1 1 1 1 1 1 1 1 1 1 1 1 1 1 1 1 1 1 1 1 1 1 1 1 1 1 1 1 1 1 1 1 1 1 1 1 1 1 1 1 1 1 1 1 1 1 1 1 1 1 1 1 1 1 1 1 1 1 1 1 1 1 1 1 1 1 1 1 1 1 1 1 1 1 1 1 1 1 1 1 1 1 1 1 1 1 1 1 1 1 1 1 1 1 1 1 1 1 1 1 1 1 1 1 1 1 1 1 1 1 1 1 1 1 1 1 1 1 1 1 1 1 1 1 1 1 1 1 1 1 1 1 1 1 1 1 1 1 1 1 1 1 1 1 1 1 1 1 1 1 1 1 1 1 1 1 1 1 1 1 1 1 1 1 1 1 1 1 1 1 1
binNumber 10000
binClassNumber 1
binClass_widthVector 190
binClass_lengthVector 190
binClass_disponibility 1000
itemClass_weight 5000 1400 3800 11600 4600 3200 600 5000 2200 600 3240 180 4140 11160 2520 2520 2340 2520 2700 2880 2340 360 5220 5220 4320 1440 1620 2340 6120 5220 6650 570 1900 1140 570 570 6840 12730 2470 2660 1680 4410 8190 2940 1890 1260 2100 1680 2940 12810 3570 850 3230 4250 2040 3910 8330 510 2550 3060 950 2850 4370 3040 1710 3040 8550 5510 4750 1330 170 1700 680 4420 5100 510 850 5610 3570 9690 3600 4400 4200 3200 400 400 2400 2800 1600 15000 1890 630 1680 1680 210 14070 9030 1050 1890 7770 5112 3434 1442 1632 5112 3780 5075 5250 11948 432 12449 4876 5304 5642 5304 2420 4240 633 5184 5232 4922 4968 1224 5475 1224 2409 880 4180 5050 2244 5025 5450 5512 868 1648 12803 4920 3553 816 5512 5280 5040 1540 3315 1296 11859 2200 2544 4444 12198 2387 1498 4830 4422 3030 440 5278 1272 1512 13039 4554 3924 12449 11913 1498 5694 5460 5408 4992 5075 4280 434 2460 11856 3536 1218 2244 12644 1505 5450 2110 3045 12084 12154 2376 4824 3706 4920 1302 11948
