itemNumber 700
itemClassNumber 700
itemClass_widthVector 40 39 38 37 36 35 34 33 32 31 30 29 28 27 26 25 24 23 22 33 32 31 30 29 28 27 26 25 24 23 22 21 20 19 18 17 16 15 37 36 35 34 33 32 31 30 29 28 27 26 25 24 23 22 21 20 19 38 37 36 35 34 33 32 31 30 29 28 27 26 25 24 23 22 21 20 40 39 38 37 36 35 34 33 32 31 30 29 28 27 26 25 24 23 22 34 33 32 31 30 29 28 27 26 25 24 23 22 21 20 19 18 17 16 38 37 36 35 34 33 32 31 30 29 28 27 26 25 24 23 22 21 20 33 32 31 30 29 28 27 26 25 24 23 22 21 20 19 18 17 16 15 38 37 36 35 34 33 32 31 30 29 28 27 26 25 24 23 22 21 20 40 39 38 37 36 35 34 33 32 31 30 29 28 27 26 25 24 23 22 35 34 33 32 31 30 29 28 27 26 25 24 23 22 21 20 19 18 17 34 33 32 31 30 29 28 27 26 25 24 23 22 21 20 19 18 17 16 37 36 35 34 33 32 31 30 29 28 27 26 25 24 23 22 21 20 19 39 38 37 36 35 34 33 32 31 30 29 28 27 26 25 24 23 22 21 35 34 33 32 31 30 29 28 27 26 25 24 23 22 21 20 19 18 17 39 38 37 36 35 34 33 32 31 30 29 28 27 26 25 24 23 22 21 41 40 39 38 37 36 35 34 33 32 31 30 29 28 27 26 25 24 23 34 33 32 31 30 29 28 27 26 25 24 23 22 21 20 19 18 17 16 35 34 33 32 31 30 29 28 27 26 25 24 23 22 21 20 19 18 17 30 26 41 29 31 28 27 36 26 43 34 29 31 37 37 40 33 27 40 34 34 29 36 38 30 37 25 40 29 34 43 39 32 42 32 36 26 28 40 30 26 33 40 26 27 42 44 30 34 40 28 40 29 44 34 36 35 39 36 27 29 36 42 30 37 27 37 41 26 39 28 29 45 39 27 35 41 40 39 37 40 26 41 37 28 37 29 40 29 30 40 42 33 35 29 41 28 36 31 32 26 24 27 41 36 32 30 42 37 27 39 36 34 31 30 26 31 37 42 35 35 41 41 33 28 40 30 32 38 37 36 32 36 35 36 42 30 39 30 27 39 26 35 28 41 34 28 39 44 37 26 33 35 24 39 34 40 31 31 41 37 29 39 41 26 28 36 33 42 30 40 31 32 42 42 42 31 32 30 35 34 29 26 27 32 28 26 30 29 32 24 26 34 35 41 36 32 38 45 43 32 33 33 36 24 29 43 39 35 35 32 40 40 31 42 30 36 30 36 35 37 30 28 31 37 29 43 40 27 31 33 32 32 33 34 40 38 25 38 29 30 35 28 43 43 40 38 30 28 38 42 26 37 30 38 45 41 41 41 29 29 38 37 32 27 26 25 27 30 35 26 26 41 42 41 28 42 27 29 38 28 26 37 28 27 28 35 37 32 43 40 25 34 34 28 28 37 32 35 26 27 37 34 40 34 29 36 40 37 41 41 40 34 42 36 42 28 45 41 28 29 25 37 27 41 35 27 43 26 25 37 31 36 42 41 36 42 28 27
itemClass_lengthVector 72 1 2 56 34 29 168 3 49 11 47 56 49 20 18 19 18 41 7 66 29 33 6 5 12 21 20 24 9 15 119 24 57 50 101 42 18 49 34 30 17 23 10 54 11 2 85 1 11 49 92 109 4 74 22 12 60 3 27 11 16 14 91 98 21 2 8 3 3 18 60 73 25 56 85 86 13 34 31 3 18 11 24 9 156 23 62 19 131 22 41 48 23 19 13 68 10 23 35 44 6 22 19 88 75 2 67 56 1 35 2 76 35 36 23 26 8 60 1 93 4 64 70 4 16 68 20 31 37 33 66 21 55 6 4 27 2 16 14 4 24 8 22 96 116 97 61 29 82 35 14 43 17 18 27 41 2 68 95 18 68 84 13 73 24 11 1 17 14 11 98 24 15 33 33 16 114 56 30 39 4 46 31 61 90 12 12 23 20 41 26 25 125 52 39 8 11 8 43 13 45 41 17 51 86 16 26 50 18 80 37 21 23 7 34 12 16 10 23 59 70 48 4 110 37 84 9 16 79 31 20 19 47 7 35 17 71 13 4 55 124 15 97 21 5 16 24 33 32 27 70 26 11 29 23 6 96 22 30 92 2 40 1 78 59 23 75 65 11 28 68 36 28 3 10 54 1 45 21 131 10 20 26 12 56 6 19 56 2 33 140 40 16 22 15 29 53 23 32 35 14 11 145 9 15 10 48 5 90 10 22 121 27 17 22 23 5 40 29 140 67 6 3 5 15 49 14 75 96 75 55 2 10 99 43 4 13 56 8 67 10 4 10 16 7 42 63 1 40 97 3 17 118 6 36 46 22 26 78 35 37 49 40 2 21 56 20 18 168 40 1 46 19 55 2 3 33 48 20 57 10 48 48 167 33 48 35 40 56 19 2 1 56 46 1 48 168 41 19 1 56 20 48 1 18 19 3 73 55 49 35 19 33 50 73 50 30 167 56 168 18 19 3 1 56 167 17 33 73 19 35 17 21 71 29 17 4 72 56 1 30 35 19 1 3 18 29 19 57 18 19 1 1 46 12 50 1 19 28 48 12 41 40 19 57 48 12 57 1 167 18 35 3 46 57 56 19 47 3 73 48 49 2 1 50 19 2 55 55 57 2 29 57 49 50 4 71 19 57 48 19 28 19 11 19 3 46 17 56 73 167 20 11 10 40 30 11 56 55 46 3 28 49 29 56 19 19 168 46 73 57 1 48 56 1 3 1 48 56 20 3 49 48 20 18 48 19 42 19 19 46 41 18 49 10 71 4 12 29 71 71 56 48 12 49 41 48 1 56 168 169 57 3 33 57 1 19 50 21 4 3 4 56 19 56 35 21 1 3 17 47 48 10 11 47 48 1 56 18 55 50 56 168 18 72 1 55 55 48 18 34 3 19 30 55 29 72 72 71 3 49 48 34 35 47 19 18 42 19 57 4 20 41 72 1 71 19 2 17 19 30 20 17 4 20 17 20 10 28 55 73 1 40 12 47 18 18 3 57 48 19 20 3 3 2 2 19 2 1 4 1 56 2 48 72 168 1 20 72 55 19 18 17 29 17 1 168 20 71 20 42 2 48 168 1 71 49 1 18 19
itemClass_demand 1 1 1 1 1 1 1 1 1 1 1 1 1 1 1 1 1 1 1 1 1 1 1 1 1 1 1 1 1 1 1 1 1 1 1 1 1 1 1 1 1 1 1 1 1 1 1 1 1 1 1 1 1 1 1 1 1 1 1 1 1 1 1 1 1 1 1 1 1 1 1 1 1 1 1 1 1 1 1 1 1 1 1 1 1 1 1 1 1 1 1 1 1 1 1 1 1 1 1 1 1 1 1 1 1 1 1 1 1 1 1 1 1 1 1 1 1 1 1 1 1 1 1 1 1 1 1 1 1 1 1 1 1 1 1 1 1 1 1 1 1 1 1 1 1 1 1 1 1 1 1 1 1 1 1 1 1 1 1 1 1 1 1 1 1 1 1 1 1 1 1 1 1 1 1 1 1 1 1 1 1 1 1 1 1 1 1 1 1 1 1 1 1 1 1 1 1 1 1 1 1 1 1 1 1 1 1 1 1 1 1 1 1 1 1 1 1 1 1 1 1 1 1 1 1 1 1 1 1 1 1 1 1 1 1 1 1 1 1 1 1 1 1 1 1 1 1 1 1 1 1 1 1 1 1 1 1 1 1 1 1 1 1 1 1 1 1 1 1 1 1 1 1 1 1 1 1 1 1 1 1 1 1 1 1 1 1 1 1 1 1 1 1 1 1 1 1 1 1 1 1 1 1 1 1 1 1 1 1 1 1 1 1 1 1 1 1 1 1 1 1 1 1 1 1 1 1 1 1 1 1 1 1 1 1 1 1 1 1 1 1 1 1 1 1 1 1 1 1 1 1 1 1 1 1 1 1 1 1 1 1 1 1 1 1 1 1 1 1 1 1 1 1 1 1 1 1 1 1 1 1 1 1 1 1 1 1 1 1 1 1 1 1 1 1 1 1 1 1 1 1 1 1 1 1 1 1 1 1 1 1 1 1 1 1 1 1 1 1 1 1 1 1 1 1 1 1 1 1 1 1 1 1 1 1 1 1 1 1 1 1 1 1 1 1 1 1 1 1 1 1 1 1 1 1 1 1 1 1 1 1 1 1 1 1 1 1 1 1 1 1 1 1 1 1 1 1 1 1 1 1 1 1 1 1 1 1 1 1 1 1 1 1 1 1 1 1 1 1 1 1 1 1 1 1 1 1 1 1 1 1 1 1 1 1 1 1 1 1 1 1 1 1 1 1 1 1 1 1 1 1 1 1 1 1 1 1 1 1 1 1 1 1 1 1 1 1 1 1 1 1 1 1 1 1 1 1 1 1 1 1 1 1 1 1 1 1 1 1 1 1 1 1 1 1 1 1 1 1 1 1 1 1 1 1 1 1 1 1 1 1 1 1 1 1 1 1 1 1 1 1 1 1 1 1 1 1 1 1 1 1 1 1 1 1 1 1 1 1 1 1 1 1 1 1 1 1 1 1 1 1 1 1 1 1 1 1 1 1 1 1 1 1 1 1 1 1 1 1 1 1 1 1 1 1 1 1 1 1 1 1 1 1 1 1 1 1 1 1 1 1 1 1 1 1 1 1 1 1 1 1 1 1 1 1 1 1 1 1 1 1 1 1 1 1 1 1 1 1 1
binNumber 10000
binClassNumber 1
binClass_widthVector 700
binClass_lengthVector 700
binClass_disponibility 1000
itemClass_weight 28800 400 800 22400 13600 11600 67200 1200 19600 4400 18800 22400 19600 8000 7200 7600 7200 16400 2800 21780 9570 10890 1980 1650 3960 6930 6600 7920 2970 4950 39270 7920 18810 16500 33330 13860 5940 16170 12580 11100 6290 8510 3700 19980 4070 740 31450 370 4070 18130 34040 40330 1480 27380 8140 4440 22200 1140 10260 4180 6080 5320 34580 37240 7980 760 3040 1140 1140 6840 22800 27740 9500 21280 32300 32680 5200 13600 12400 1200 7200 4400 9600 3600 62400 9200 24800 7600 52400 8800 16400 19200 9200 7600 5200 23120 3400 7820 11900 14960 2040 7480 6460 29920 25500 680 22780 19040 340 11900 680 25840 11900 12240 8740 9880 3040 22800 380 35340 1520 24320 26600 1520 6080 25840 7600 11780 14060 12540 25080 7980 20900 1980 1320 8910 660 5280 4620 1320 7920 2640 7260 31680 38280 32010 20130 9570 27060 11550 4620 14190 6460 6840 10260 15580 760 25840 36100 6840 25840 31920 4940 27740 9120 4180 380 6460 5320 4180 37240 9600 6000 13200 13200 6400 45600 22400 12000 15600 1600 18400 12400 24400 36000 4800 4800 9200 8000 16400 9100 8750 43750 18200 13650 2800 3850 2800 15050 4550 15750 14350 5950 17850 30100 5600 9100 17500 6300 27200 12580 7140 7820 2380 11560 4080 5440 3400 7820 20060 23800 16320 1360 37400 12580 28560 3060 5440 29230 11470 7400 7030 17390 2590 12950 6290 26270 4810 1480 20350 45880 5550 35890 7770 1850 5920 8880 12870 12480 10530 27300 10140 4290 11310 8970 2340 37440 8580 11700 35880 780 15600 390 30420 23010 8970 26250 22750 3850 9800 23800 12600 9800 1050 3500 18900 350 15750 7350 45850 3500 7000 9100 4200 19600 2340 7410 21840 780 12870 54600 15600 6240 8580 5850 11310 20670 8970 12480 13650 5460 4290 56550 3510 6150 4100 19680 2050 36900 4100 9020 49610 11070 6970 9020 9430 2050 16400 11890 57400 27470 2460 1230 1700 5100 16660 4760 25500 32640 25500 18700 680 3400 33660 14620 1360 4420 19040 2720 22780 3400 1360 3500 5600 2450 14700 22050 350 14000 33950 1050 5950 41300 2100 12600 16100 7700 9100 27300 12250 12950 21560 16440 836 9051 23800 8280 7470 67872 16800 427 20010 7790 22770 826 1266 14553 20544 8180 25023 4130 20640 21072 67134 14289 20880 15050 16120 23968 7942 822 407 24304 18860 410 20640 72912 17220 8151 414 24248 8660 19824 403 7362 7961 1275 31317 24090 19698 14385 7676 14223 21400 31098 21200 13050 68470 23184 71568 7776 7733 1311 426 23072 67301 7157 13530 30587 7676 14350 7225 8757 30104 12789 7242 1744 30384 23688 437 13170 15050 7714 428 1203 7650 11774 8170 24168 7686 7676 413 435 18998 5100 21950 401 8208 12124 20784 4884 17343 17240 7695 24396 20544 5076 24624 424 72979 7254 14280 1260 19826 23940 24696 7961 19834 1323 29565 20976 21364 862 407 22000 8246 878 23045 24035 24852 802 12006 24567 19649 20500 1752 30317 7866 24852 20160 7904 12096 7961 4510 8284 1248 19182 6885 23296 30003 69973 8040 4598 4280 17480 12660 4763 23240 22880 20148 1209 11340 20678 12180 24304 8151 8056 72576 19780 30879 24738 404 19344 24136 435 1317 437 20400 23800 8040 1311 21413 20112 8260 7290 20256 7999 18354 8075 8189 19090 17220 7704 19796 4020 30814 1708 5184 12702 29536 28542 23352 20448 4968 21560 16892 19344 431 23296 73080 68614 24795 1293 14553 23997 418 7657 21450 9156 1736 1245 1692 23464 8094 22456 15050 8967 439 1317 6936 19317 20640 4340 4675 20351 19632 410 22960 7848 22660 21750 23744 69216 7272 31248 420 23595 23595 20352 7308 14416 1284 8075 12240 22605 12702 29808 28872 30672 1281 20874 21120 14688 14875 20210 8189 7578 17808 8170 23142 1612 8640 16728 30312 404 30601 8075 870 6970 8132 12450 8260 7038 1720 8580 7055 8680 4130 12152 24200 30514 438 16240 5040 19975 7830 7506 1248 23313 19968 8056 8440 1284 1311 858 820 7961 878 426 1724 422 24416 830 20544 30960 68880 419 8700 31680 24145 8018 7362 7293 12354 6953 415 70392 8240 28897 8760 18438 870 20544 73584 414 30104 21560 438 7920 7828
