itemNumber 70
itemClassNumber 70
itemClass_widthVector 11 10 9 8 7 6 11 10 9 8 7 6 10 9 8 7 6 5 13 12 11 10 9 8 12 11 10 9 8 7 13 12 11 10 9 8 12 8 11 12 10 12 12 10 11 8 13 13 13 8 9 12 12 8 10 10 12 12 11 11 12 10 8 9 13 12 12 11 8 10
itemClass_lengthVector 5 16 7 5 23 14 41 6 2 6 5 10 18 5 19 5 19 4 21 31 6 2 8 2 29 16 14 1 3 7 27 13 13 12 2 3 4 22 16 5 7 4 4 6 17 22 4 5 5 24 6 15 5 23 6 8 6 5 15 17 17 6 24 5 5 6 4 15 24 8
itemClass_demand 1 1 1 1 1 1 1 1 1 1 1 1 1 1 1 1 1 1 1 1 1 1 1 1 1 1 1 1 1 1 1 1 1 1 1 1 1 1 1 1 1 1 1 1 1 1 1 1 1 1 1 1 1 1 1 1 1 1 1 1 1 1 1 1 1 1 1 1 1 1
binNumber 10000
binClassNumber 1
binClass_widthVector 70
binClass_lengthVector 70
binClass_disponibility 1000
itemClass_weight 550 1760 770 550 2530 1540 4510 660 220 660 550 1100 1800 500 1900 500 1900 400 2730 4030 780 260 1040 260 3480 1920 1680 120 360 840 3510 1690 1690 1560 260 390 460 2618 1824 555 798 448 464 732 1989 2486 480 590 595 2760 708 1680 595 2737 690 968 726 565 1770 1938 1904 720 2760 565 565 684 452 1665 2832 912
