itemNumber 120
itemClassNumber 120
itemClass_widthVector 15 14 13 12 11 10 9 8 14 13 12 11 10 9 8 7 13 12 11 10 9 8 7 6 16 15 14 13 12 11 10 9 16 15 14 13 12 11 10 9 16 15 14 13 12 11 10 9 16 15 14 13 12 11 10 9 14 13 12 11 10 9 8 7 16 14 10 12 15 12 13 17 10 10 12 14 12 14 10 12 12 10 15 10 12 15 17 15 10 16 14 14 16 14 16 15 14 10 17 15 14 11 13 13 13 16 17 14 15 14 12 10 16 14 14 14 15 12 13 16
itemClass_lengthVector 2 23 4 6 22 23 13 27 5 3 19 19 30 23 2 19 23 38 1 14 16 10 3 15 5 8 23 19 18 1 32 14 14 2 4 60 11 10 1 18 3 2 3 13 30 3 27 39 5 5 15 9 15 14 38 19 13 18 2 37 2 17 16 15 3 6 13 22 22 23 22 2 12 14 23 7 23 3 13 23 23 13 23 14 22 23 3 5 12 24 5 5 24 3 3 24 7 12 1 22 5 23 7 6 6 23 1 5 23 5 22 14 24 5 3 6 24 21 7 3
itemClass_demand 1 1 1 1 1 1 1 1 1 1 1 1 1 1 1 1 1 1 1 1 1 1 1 1 1 1 1 1 1 1 1 1 1 1 1 1 1 1 1 1 1 1 1 1 1 1 1 1 1 1 1 1 1 1 1 1 1 1 1 1 1 1 1 1 1 1 1 1 1 1 1 1 1 1 1 1 1 1 1 1 1 1 1 1 1 1 1 1 1 1 1 1 1 1 1 1 1 1 1 1 1 1 1 1 1 1 1 1 1 1 1 1 1 1 1 1 1 1 1 1
binNumber 10000
binClassNumber 1
binClass_widthVector 120
binClass_lengthVector 120
binClass_disponibility 1000
itemClass_weight 300 3450 600 900 3300 3450 1950 4050 700 420 2660 2660 4200 3220 280 2660 2990 4940 130 1820 2080 1300 390 1950 800 1280 3680 3040 2880 160 5120 2240 2240 320 640 9600 1760 1600 160 2880 480 320 480 2080 4800 480 4320 6240 800 800 2400 1440 2400 2240 6080 3040 1820 2520 280 5180 280 2380 2240 2100 480 912 1963 3608 3542 3634 3498 302 1884 2184 3519 1162 3680 456 1963 3680 3726 2093 3772 2226 3586 3726 462 755 1848 3648 785 765 3888 456 453 3840 1064 1932 153 3608 820 3680 1134 996 936 3772 164 810 3680 810 3608 2310 3672 815 492 936 3960 3444 1120 471
