itemNumber 140
itemClassNumber 140
itemClass_widthVector 17 16 15 14 13 12 11 10 9 16 15 14 13 12 11 10 9 8 15 14 13 12 11 10 9 8 7 15 14 13 12 11 10 9 8 7 16 15 14 13 12 11 10 9 8 15 14 13 12 11 10 9 8 7 14 13 12 11 10 9 8 7 6 16 15 14 13 12 11 10 9 8 16 15 14 13 12 11 10 9 8 11 13 11 16 19 11 15 14 15 12 14 12 18 18 15 16 15 15 16 18 19 16 17 16 14 15 19 15 18 17 13 19 16 14 16 11 12 17 17 18 14 17 15 15 11 15 12 13 16 18 18 14 18 14 14 15 13 13 14
itemClass_lengthVector 4 4 22 14 69 7 6 7 7 9 9 37 25 1 6 7 45 1 34 3 3 11 33 38 1 4 13 18 35 12 14 5 9 11 17 19 10 11 2 61 13 8 8 2 25 4 1 12 51 19 14 2 5 32 18 15 11 11 5 59 5 12 4 13 14 2 8 10 33 6 40 14 21 13 6 7 2 39 25 23 4 6 7 8 21 3 8 68 68 68 6 7 7 3 4 15 21 70 70 22 3 3 23 5 23 6 69 4 14 4 5 8 4 23 69 14 6 5 4 22 4 70 3 68 14 6 69 6 6 22 3 4 69 5 8 8 13 6 6 69
itemClass_demand 1 1 1 1 1 1 1 1 1 1 1 1 1 1 1 1 1 1 1 1 1 1 1 1 1 1 1 1 1 1 1 1 1 1 1 1 1 1 1 1 1 1 1 1 1 1 1 1 1 1 1 1 1 1 1 1 1 1 1 1 1 1 1 1 1 1 1 1 1 1 1 1 1 1 1 1 1 1 1 1 1 1 1 1 1 1 1 1 1 1 1 1 1 1 1 1 1 1 1 1 1 1 1 1 1 1 1 1 1 1 1 1 1 1 1 1 1 1 1 1 1 1 1 1 1 1 1 1 1 1 1 1 1 1 1 1 1 1 1 1
binNumber 10000
binClassNumber 1
binClass_widthVector 140
binClass_lengthVector 140
binClass_disponibility 1000
itemClass_weight 680 680 3740 2380 11730 1190 1020 1190 1190 1440 1440 5920 4000 160 960 1120 7200 160 5100 450 450 1650 4950 5700 150 600 1950 2700 5250 1800 2100 750 1350 1650 2550 2850 1600 1760 320 9760 2080 1280 1280 320 4000 600 150 1800 7650 2850 2100 300 750 4800 2520 2100 1540 1540 700 8260 700 1680 560 2080 2240 320 1280 1600 5280 960 6400 2240 3360 2080 960 1120 320 6240 4000 3680 640 1062 1267 1376 3738 540 1448 12648 12376 12104 1038 1274 1246 561 728 2730 3927 12320 12600 4026 558 558 4186 905 4071 1068 12972 720 2464 752 925 1408 688 4163 12006 2478 1074 935 684 3850 736 12530 552 11832 2464 1044 12903 1092 1056 4092 555 704 12558 870 1432 1400 2314 1044 1032 12627
