itemNumber 300
itemClassNumber 300
itemClass_widthVector 23 22 21 20 19 18 17 16 15 14 13 12 11 25 24 23 22 21 20 19 18 17 16 15 14 13 23 22 21 20 19 18 17 16 15 14 13 12 11 23 22 21 20 19 18 17 16 15 14 13 12 11 25 24 23 22 21 20 19 18 17 16 15 14 13 24 23 22 21 20 19 18 17 16 15 14 13 12 21 20 19 18 17 16 15 14 13 12 11 10 9 22 21 20 19 18 17 16 15 14 13 12 11 10 24 23 22 21 20 19 18 17 16 15 14 13 12 24 23 22 21 20 19 18 17 16 15 14 13 12 24 23 22 21 20 19 18 17 16 15 14 13 12 21 20 19 18 17 16 15 14 13 12 11 10 9 21 20 19 18 17 16 15 14 13 12 11 10 9 14 24 17 24 26 15 17 15 18 16 17 14 24 15 16 18 18 23 17 21 23 16 18 22 21 15 20 17 15 16 14 23 21 15 14 20 21 23 20 18 18 23 20 14 23 16 21 23 23 14 20 17 15 13 19 19 24 20 16 20 24 19 21 20 26 25 20 18 25 14 15 23 17 14 21 17 16 25 24 18 15 18 19 17 21 14 26 15 19 19 23 20 24 23 25 23 16 18 16 13 13 24 16 15 20 16 24 21 15 16 14 20 22 13 17 19 22 16 14 19 19 16 17 20 21 23 14 20 16 17 23
itemClass_lengthVector 8 14 11 14 26 8 75 47 26 3 39 5 24 16 27 1 74 13 12 5 14 47 26 28 20 17 8 30 7 57 37 21 11 2 20 11 11 75 10 1 10 49 8 40 1 30 17 41 6 12 1 84 8 31 8 19 41 18 64 2 42 15 47 4 1 20 5 29 2 67 8 1 19 50 15 36 11 37 24 7 17 20 23 37 17 41 3 40 43 21 7 23 12 3 1 28 3 90 4 11 14 43 48 20 43 4 13 72 38 29 15 12 9 2 41 20 2 74 13 15 2 20 5 39 8 32 19 29 10 34 58 29 23 31 1 20 34 16 19 11 11 14 33 13 12 15 16 4 13 25 24 15 52 40 46 25 4 41 22 34 14 78 6 3 9 20 2 49 18 4 13 26 7 7 38 27 4 48 27 27 39 12 3 25 74 76 15 26 25 11 26 76 12 13 39 7 48 3 26 39 15 15 4 6 9 13 13 26 76 76 15 7 38 13 4 13 10 15 39 8 26 3 4 75 8 10 7 2 25 11 8 15 8 8 7 26 76 14 38 2 15 47 39 26 27 2 15 8 46 4 47 76 26 27 6 7 38 74 74 14 25 15 15 9 13 25 46 3 6 4 15 3 4 25 27 9 26 2 26 38 8 14 4 48 76 11 3 4 9 7 4 47 25 26 10 5 9 4 26 14
itemClass_demand 1 1 1 1 1 1 1 1 1 1 1 1 1 1 1 1 1 1 1 1 1 1 1 1 1 1 1 1 1 1 1 1 1 1 1 1 1 1 1 1 1 1 1 1 1 1 1 1 1 1 1 1 1 1 1 1 1 1 1 1 1 1 1 1 1 1 1 1 1 1 1 1 1 1 1 1 1 1 1 1 1 1 1 1 1 1 1 1 1 1 1 1 1 1 1 1 1 1 1 1 1 1 1 1 1 1 1 1 1 1 1 1 1 1 1 1 1 1 1 1 1 1 1 1 1 1 1 1 1 1 1 1 1 1 1 1 1 1 1 1 1 1 1 1 1 1 1 1 1 1 1 1 1 1 1 1 1 1 1 1 1 1 1 1 1 1 1 1 1 1 1 1 1 1 1 1 1 1 1 1 1 1 1 1 1 1 1 1 1 1 1 1 1 1 1 1 1 1 1 1 1 1 1 1 1 1 1 1 1 1 1 1 1 1 1 1 1 1 1 1 1 1 1 1 1 1 1 1 1 1 1 1 1 1 1 1 1 1 1 1 1 1 1 1 1 1 1 1 1 1 1 1 1 1 1 1 1 1 1 1 1 1 1 1 1 1 1 1 1 1 1 1 1 1 1 1 1 1 1 1 1 1 1 1 1 1 1 1 1 1 1 1 1 1 1 1 1 1 1 1
binNumber 10000
binClassNumber 1
binClass_widthVector 300
binClass_lengthVector 300
binClass_disponibility 1000
itemClass_weight 1840 3220 2530 3220 5980 1840 17250 10810 5980 690 8970 1150 5520 4000 6750 250 18500 3250 3000 1250 3500 11750 6500 7000 5000 4250 1840 6900 1610 13110 8510 4830 2530 460 4600 2530 2530 17250 2300 230 2300 11270 1840 9200 230 6900 3910 9430 1380 2760 230 19320 2000 7750 2000 4750 10250 4500 16000 500 10500 3750 11750 1000 250 4800 1200 6960 480 16080 1920 240 4560 12000 3600 8640 2640 8880 5040 1470 3570 4200 4830 7770 3570 8610 630 8400 9030 4410 1470 5060 2640 660 220 6160 660 19800 880 2420 3080 9460 10560 4400 10320 960 3120 17280 9120 6960 3600 2880 2160 480 9840 4800 480 17760 3120 3600 480 4800 1200 9360 1920 7680 4560 6960 2400 8160 13920 6960 5520 7440 240 4800 8160 3840 4560 2640 2640 3360 7920 2730 2520 3150 3360 840 2730 5250 5040 3150 10920 8400 9660 5250 840 8610 4620 7140 2940 16380 1260 630 1890 4200 420 10290 3780 988 3133 6396 1708 1687 8930 6642 952 12192 6669 6480 9360 2868 732 6250 18278 18696 3495 6318 6150 2706 6162 18164 2784 3003 9906 1638 11856 759 6318 9672 3765 3720 952 1416 2133 3055 3029 6344 18012 17784 3630 1729 9348 3224 940 3081 2520 3525 9126 1952 6162 753 944 19050 2000 2310 1743 478 6075 2783 1944 3495 1872 2000 1764 6552 18848 3444 9234 500 3585 11139 9126 6266 6669 502 3780 1944 11408 976 11609 18392 6526 6804 1386 1624 9576 18796 17242 3444 6175 3525 3510 2205 3146 6050 11270 726 1440 984 3705 717 1004 5950 6804 2079 6006 476 6058 9538 1936 3444 936 11760 18468 2761 744 1004 2205 1708 1008 10951 6325 6240 2520 1170 2241 980 6266 3458
