itemNumber 300
itemClassNumber 300
itemClass_widthVector 21 20 19 18 17 16 15 14 13 12 11 10 9 24 23 22 21 20 19 18 17 16 15 14 13 12 21 20 19 18 17 16 15 14 13 12 11 10 9 25 24 23 22 21 20 19 18 17 16 15 14 13 22 21 20 19 18 17 16 15 14 13 12 11 10 23 22 21 20 19 18 17 16 15 14 13 12 11 23 22 21 20 19 18 17 16 15 14 13 12 11 25 24 23 22 21 20 19 18 17 16 15 14 13 22 21 20 19 18 17 16 15 14 13 12 11 10 25 24 23 22 21 20 19 18 17 16 15 14 13 22 21 20 19 18 17 16 15 14 13 12 11 10 24 23 22 21 20 19 18 17 16 15 14 13 12 23 22 21 20 19 18 17 16 15 14 13 12 11 12 11 16 14 19 17 16 23 19 17 16 13 15 18 19 19 19 12 12 19 14 18 13 15 14 19 19 18 13 15 22 14 21 19 14 12 14 13 17 20 23 19 19 12 14 13 16 20 22 22 13 11 19 13 20 22 20 17 17 15 23 17 24 14 15 18 19 14 15 15 21 19 18 15 14 18 16 17 12 15 13 16 20 13 17 19 13 22 21 18 22 14 16 23 20 11 11 14 19 15 20 16 20 20 13 16 18 21 20 17 19 12 16 19 13 13 22 19 19 15 20 14 14 19 12 11 13 11 16 15 13
itemClass_lengthVector 12 25 19 3 45 30 4 22 7 1 43 81 8 54 2 13 2 28 8 13 80 53 27 1 15 4 14 45 7 69 11 5 42 14 24 1 7 5 56 9 30 5 21 23 2 51 80 3 8 8 19 41 13 19 1 68 7 22 6 8 7 12 98 8 31 52 8 36 38 33 2 1 20 5 33 12 23 37 17 29 9 30 3 28 19 6 60 40 23 20 16 37 16 10 3 50 44 22 26 20 3 50 16 3 14 12 39 79 36 18 20 14 19 2 14 3 30 2 31 10 41 40 4 11 4 63 19 24 47 4 14 11 12 1 8 17 30 35 28 3 115 5 21 23 32 5 33 37 43 8 5 53 12 26 18 5 36 17 32 1 2 3 4 2 32 68 53 24 26 81 82 5 2 46 5 21 13 2 31 4 1 6 30 44 46 46 42 80 2 1 31 43 22 1 3 46 29 2 22 25 6 20 46 8 42 1 1 3 20 25 45 46 42 2 43 21 3 13 25 42 82 46 44 18 24 20 5 29 22 26 5 13 6 8 29 4 7 22 22 26 4 30 22 1 44 23 30 80 22 1 4 18 42 31 3 43 24 18 46 26 8 21 13 4 81 80 8 45 7 2 5 4 3 1 5 44 20 18 4 45 44 5 3 43 1 26 45 2 7 4 1 2 44 80 81 42 81 4 8 1
itemClass_demand 1 1 1 1 1 1 1 1 1 1 1 1 1 1 1 1 1 1 1 1 1 1 1 1 1 1 1 1 1 1 1 1 1 1 1 1 1 1 1 1 1 1 1 1 1 1 1 1 1 1 1 1 1 1 1 1 1 1 1 1 1 1 1 1 1 1 1 1 1 1 1 1 1 1 1 1 1 1 1 1 1 1 1 1 1 1 1 1 1 1 1 1 1 1 1 1 1 1 1 1 1 1 1 1 1 1 1 1 1 1 1 1 1 1 1 1 1 1 1 1 1 1 1 1 1 1 1 1 1 1 1 1 1 1 1 1 1 1 1 1 1 1 1 1 1 1 1 1 1 1 1 1 1 1 1 1 1 1 1 1 1 1 1 1 1 1 1 1 1 1 1 1 1 1 1 1 1 1 1 1 1 1 1 1 1 1 1 1 1 1 1 1 1 1 1 1 1 1 1 1 1 1 1 1 1 1 1 1 1 1 1 1 1 1 1 1 1 1 1 1 1 1 1 1 1 1 1 1 1 1 1 1 1 1 1 1 1 1 1 1 1 1 1 1 1 1 1 1 1 1 1 1 1 1 1 1 1 1 1 1 1 1 1 1 1 1 1 1 1 1 1 1 1 1 1 1 1 1 1 1 1 1 1 1 1 1 1 1 1 1 1 1 1 1 1 1 1 1 1 1
binNumber 10000
binClassNumber 1
binClass_widthVector 300
binClass_lengthVector 300
binClass_disponibility 1000
itemClass_weight 2520 5250 3990 630 9450 6300 840 4620 1470 210 9030 17010 1680 12960 480 3120 480 6720 1920 3120 19200 12720 6480 240 3600 960 2940 9450 1470 14490 2310 1050 8820 2940 5040 210 1470 1050 11760 2250 7500 1250 5250 5750 500 12750 20000 750 2000 2000 4750 10250 2860 4180 220 14960 1540 4840 1320 1760 1540 2640 21560 1760 6820 11960 1840 8280 8740 7590 460 230 4600 1150 7590 2760 5290 8510 3910 6670 2070 6900 690 6440 4370 1380 13800 9200 5290 4600 3680 9250 4000 2500 750 12500 11000 5500 6500 5000 750 12500 4000 750 3080 2640 8580 17380 7920 3960 4400 3080 4180 440 3080 660 6600 500 7750 2500 10250 10000 1000 2750 1000 15750 4750 6000 11750 1000 3080 2420 2640 220 1760 3740 6600 7700 6160 660 25300 1100 4620 5520 7680 1200 7920 8880 10320 1920 1200 12720 2880 6240 4320 1200 8280 3910 7360 230 460 690 920 460 7360 15640 12190 5520 5980 17496 18942 1145 458 10350 1070 4515 2990 426 7006 908 215 1296 6450 9724 10258 10258 9576 17280 464 213 7006 9632 4686 215 666 10396 6438 448 4950 5300 1332 4500 9936 1808 9450 219 222 681 4560 5300 10305 10074 9324 422 9460 4725 660 2886 5325 9450 17548 10258 10076 3978 5448 4600 1100 6525 5016 5590 1135 2769 1326 1832 6322 892 1610 4950 4950 5876 928 6330 4972 217 9900 5106 6810 17440 4752 223 888 3996 9366 6820 633 9546 5280 3906 10488 5720 1824 4431 2782 896 17172 17360 1760 10440 1533 450 1065 924 642 224 1145 9724 4500 3906 904 9810 10164 1155 663 9589 229 5590 9720 436 1603 848 228 440 9504 16880 17901 9366 18063 876 1816 213
