itemNumber 160
itemClassNumber 160
itemClass_widthVector 16 15 14 13 12 11 10 9 8 20 19 18 17 16 15 14 13 12 18 17 16 15 14 13 12 11 10 16 15 14 13 12 11 10 9 8 17 16 15 14 13 12 11 10 9 17 16 15 14 13 12 11 10 9 19 18 17 16 15 14 13 12 11 19 18 17 16 15 14 13 12 11 18 17 16 15 14 13 12 11 10 10 15 14 17 10 13 13 17 14 12 14 12 15 16 16 16 17 13 11 11 14 15 10 15 13 15 16 10 12 14 16 16 16 18 13 14 12 12 18 17 17 18 13 11 12 10 13 16 15 10 12 13 16 15 16 15 15 10 13 15 16 17 15 15 10 10 13 13 10 18 12 12 10 16 18 16 14 13 13
itemClass_lengthVector 6 19 26 19 36 20 12 1 21 12 13 26 1 23 18 21 37 9 23 7 21 18 11 49 6 21 4 5 74 7 10 1 39 7 16 1 20 3 40 35 15 2 18 22 5 5 1 26 13 20 28 45 13 9 37 42 18 25 1 3 2 27 5 2 6 7 26 6 28 41 28 16 20 6 34 35 14 12 5 9 25 1 27 37 7 1 36 20 20 36 19 20 20 20 18 26 25 5 37 11 13 20 19 1 27 37 27 18 1 21 19 19 27 20 7 36 19 21 20 6 6 6 6 35 13 13 1 35 18 25 1 11 20 26 18 19 19 27 1 37 25 20 18 27 25 2 1 21 35 2 5 13 19 2 25 5 19 20 20 36
itemClass_demand 1 1 1 1 1 1 1 1 1 1 1 1 1 1 1 1 1 1 1 1 1 1 1 1 1 1 1 1 1 1 1 1 1 1 1 1 1 1 1 1 1 1 1 1 1 1 1 1 1 1 1 1 1 1 1 1 1 1 1 1 1 1 1 1 1 1 1 1 1 1 1 1 1 1 1 1 1 1 1 1 1 1 1 1 1 1 1 1 1 1 1 1 1 1 1 1 1 1 1 1 1 1 1 1 1 1 1 1 1 1 1 1 1 1 1 1 1 1 1 1 1 1 1 1 1 1 1 1 1 1 1 1 1 1 1 1 1 1 1 1 1 1 1 1 1 1 1 1 1 1 1 1 1 1 1 1 1 1 1 1
binNumber 10000
binClassNumber 1
binClass_widthVector 160
binClass_lengthVector 160
binClass_disponibility 1000
itemClass_weight 960 3040 4160 3040 5760 3200 1920 160 3360 2400 2600 5200 200 4600 3600 4200 7400 1800 4140 1260 3780 3240 1980 8820 1080 3780 720 800 11840 1120 1600 160 6240 1120 2560 160 3400 510 6800 5950 2550 340 3060 3740 850 850 170 4420 2210 3400 4760 7650 2210 1530 7030 7980 3420 4750 190 570 380 5130 950 380 1140 1330 4940 1140 5320 7790 5320 3040 3600 1080 6120 6300 2520 2160 900 1620 4500 161 4482 6512 1169 175 6120 3240 3380 6300 3192 3320 3240 3420 3114 4238 4425 830 6549 1815 2223 3460 3363 177 4644 6105 4671 2916 164 3402 3230 3078 4428 3240 1190 6012 3211 3402 3360 1044 966 1056 978 5775 2184 2301 165 6125 2898 4325 167 1771 3420 4472 2988 3097 3135 4779 173 6253 4125 3260 3078 4482 4400 330 165 3423 5635 342 820 2132 3268 322 4300 845 3287 3500 3400 6372
