itemNumber 110
itemClassNumber 110
itemClass_widthVector 12 11 10 9 8 7 6 5 16 15 14 13 12 11 10 9 14 13 12 11 10 9 8 7 13 12 11 10 9 8 7 6 12 11 10 9 8 7 6 5 13 12 11 10 9 8 7 6 16 15 14 13 12 11 10 9 14 13 12 11 10 9 8 7 12 10 10 7 8 9 10 9 12 8 7 12 7 10 11 11 8 8 13 9 9 10 8 10 11 12 14 12 11 7 8 11 7 13 9 10 13 9 11 9 8 8 9 7 7 10
itemClass_lengthVector 3 23 9 6 22 36 4 7 33 14 6 4 33 13 1 6 25 41 8 9 7 14 3 3 15 11 39 3 10 7 2 23 2 20 3 42 23 10 7 3 7 17 31 8 14 10 9 14 10 29 16 6 6 24 11 8 3 13 17 14 22 7 27 7 10 6 6 4 35 22 6 21 22 36 5 23 5 5 8 8 35 36 4 21 23 6 35 6 9 9 2 9 8 5 35 8 3 2 21 7 3 23 10 22 37 35 23 5 4 5
itemClass_demand 1 1 1 1 1 1 1 1 1 1 1 1 1 1 1 1 1 1 1 1 1 1 1 1 1 1 1 1 1 1 1 1 1 1 1 1 1 1 1 1 1 1 1 1 1 1 1 1 1 1 1 1 1 1 1 1 1 1 1 1 1 1 1 1 1 1 1 1 1 1 1 1 1 1 1 1 1 1 1 1 1 1 1 1 1 1 1 1 1 1 1 1 1 1 1 1 1 1 1 1 1 1 1 1 1 1 1 1 1 1
binNumber 10000
binClassNumber 1
binClass_widthVector 110
binClass_lengthVector 110
binClass_disponibility 1000
itemClass_weight 360 2760 1080 720 2640 4320 480 840 5280 2240 960 640 5280 2080 160 960 3500 5740 1120 1260 980 1960 420 420 1950 1430 5070 390 1300 910 260 2990 240 2400 360 5040 2760 1200 840 360 910 2210 4030 1040 1820 1300 1170 1820 1600 4640 2560 960 960 3840 1760 1280 420 1820 2380 1960 3080 980 3780 980 1310 792 786 504 4620 2882 750 2541 2882 4608 620 2921 610 630 1040 1048 4235 4752 528 2583 3013 798 4480 774 1197 1134 250 1152 992 645 4410 1056 378 254 2772 861 369 2829 1290 2728 4699 4340 3059 620 516 645
