itemNumber 70
itemClassNumber 70
itemClass_widthVector 12 11 10 9 8 7 11 10 9 8 7 6 11 10 9 8 7 6 13 12 11 10 9 8 12 11 10 9 8 7 11 10 9 8 7 6 14 10 13 10 10 13 14 9 13 12 12 10 10 12 14 10 13 12 12 9 9 12 10 13 13 13 10 10 12 11 11 10 14 14
itemClass_lengthVector 8 7 4 12 17 22 27 3 11 4 1 24 11 36 10 3 3 7 3 15 5 3 43 1 7 3 28 14 8 10 22 18 1 9 11 9 9 11 8 11 13 9 9 17 9 5 3 12 12 5 7 13 8 3 7 18 17 3 13 8 8 8 11 13 4 4 4 13 9 9
itemClass_demand 1 1 1 1 1 1 1 1 1 1 1 1 1 1 1 1 1 1 1 1 1 1 1 1 1 1 1 1 1 1 1 1 1 1 1 1 1 1 1 1 1 1 1 1 1 1 1 1 1 1 1 1 1 1 1 1 1 1 1 1 1 1 1 1 1 1 1 1 1 1
binNumber 10000
binClassNumber 1
binClass_widthVector 70
binClass_lengthVector 70
binClass_disponibility 1000
itemClass_weight 960 840 480 1440 2040 2640 2970 330 1210 440 110 2640 1210 3960 1100 330 330 770 390 1950 650 390 5590 130 840 360 3360 1680 960 1200 2420 1980 110 990 1210 990 1143 1452 968 1353 1664 1152 1116 2227 1089 635 390 1596 1572 645 868 1638 1024 396 861 2376 2091 378 1690 976 984 1008 1419 1716 484 532 484 1586 1116 1161
