itemNumber 50
itemClassNumber 50
itemClass_widthVector 8 7 6 5 4 3 9 8 7 6 5 4 8 7 6 5 4 3 8 7 6 5 4 3 8 7 6 5 4 3 9 8 7 6 5 4 7 7 8 9 5 8 6 8 9 5 8 9 6 8
itemClass_lengthVector 12 1 18 2 8 9 3 32 4 2 4 5 2 1 10 3 23 11 1 5 24 2 11 7 2 3 14 14 4 13 1 1 2 10 30 6 18 17 1 12 7 2 1 1 11 9 1 13 1 2
itemClass_demand 1 1 1 1 1 1 1 1 1 1 1 1 1 1 1 1 1 1 1 1 1 1 1 1 1 1 1 1 1 1 1 1 1 1 1 1 1 1 1 1 1 1 1 1 1 1 1 1 1 1
binNumber 10000
binClassNumber 1
binClass_widthVector 50
binClass_lengthVector 50
binClass_disponibility 1000
itemClass_weight 960 80 1440 160 640 720 270 2880 360 180 360 450 160 80 800 240 1840 880 80 400 1920 160 880 560 160 240 1120 1120 320 1040 90 90 180 900 2700 540 1530 1394 81 996 623 174 87 85 957 729 85 1105 82 162
