itemNumber 120
itemClassNumber 120
itemClass_widthVector 16 15 14 13 12 11 10 9 14 13 12 11 10 9 8 7 14 13 12 11 10 9 8 7 16 15 14 13 12 11 10 9 16 15 14 13 12 11 10 9 14 13 12 11 10 9 8 7 14 13 12 11 10 9 8 7 16 15 14 13 12 11 10 9 18 15 11 13 16 15 14 13 11 16 16 14 18 13 14 12 15 15 15 12 18 12 13 16 15 15 17 14 18 12 15 12 15 15 15 11 15 13 17 13 12 12 15 17 16 14 12 17 13 12 12 15 12 12 17 17
itemClass_lengthVector 15 16 13 4 12 29 21 10 29 11 1 25 28 9 16 1 41 11 5 1 15 10 6 31 13 7 44 4 42 4 1 5 11 12 8 9 6 19 5 50 19 16 26 36 5 6 9 3 6 2 1 12 12 25 57 5 30 28 18 13 4 4 3 20 16 14 21 12 12 13 4 28 20 12 13 11 14 28 3 29 5 13 12 30 16 30 11 17 3 14 16 5 15 28 13 30 3 5 4 20 4 11 17 29 21 21 14 17 16 5 20 17 30 29 21 4 20 30 17 15
itemClass_demand 1 1 1 1 1 1 1 1 1 1 1 1 1 1 1 1 1 1 1 1 1 1 1 1 1 1 1 1 1 1 1 1 1 1 1 1 1 1 1 1 1 1 1 1 1 1 1 1 1 1 1 1 1 1 1 1 1 1 1 1 1 1 1 1 1 1 1 1 1 1 1 1 1 1 1 1 1 1 1 1 1 1 1 1 1 1 1 1 1 1 1 1 1 1 1 1 1 1 1 1 1 1 1 1 1 1 1 1 1 1 1 1 1 1 1 1 1 1 1 1
binNumber 10000
binClassNumber 1
binClass_widthVector 120
binClass_lengthVector 120
binClass_disponibility 1000
itemClass_weight 2400 2560 2080 640 1920 4640 3360 1600 4060 1540 140 3500 3920 1260 2240 140 5740 1540 700 140 2100 1400 840 4340 2080 1120 7040 640 6720 640 160 800 1760 1920 1280 1440 960 3040 800 8000 2660 2240 3640 5040 700 840 1260 420 840 280 140 1680 1680 3500 7980 700 4800 4480 2880 2080 640 640 480 3200 2800 2436 3612 1980 2124 2223 688 4536 3460 1968 2288 1771 2324 4816 531 4959 805 2197 2100 4920 2672 5250 1881 2924 498 2478 2800 870 2625 4900 2106 5250 525 865 708 3420 700 1848 2788 4959 3486 3444 2366 2890 2640 840 3480 2958 5190 4959 3591 656 3360 4890 2873 2535
