itemNumber 400
itemClassNumber 400
itemClass_widthVector 24 23 22 21 20 19 18 17 16 15 14 13 12 11 10 26 25 24 23 22 21 20 19 18 17 16 15 14 13 12 29 28 27 26 25 24 23 22 21 20 19 18 17 16 15 26 25 24 23 22 21 20 19 18 17 16 15 14 13 12 28 27 26 25 24 23 22 21 20 19 18 17 16 15 14 25 24 23 22 21 20 19 18 17 16 15 14 13 12 11 26 25 24 23 22 21 20 19 18 17 16 15 14 13 12 29 28 27 26 25 24 23 22 21 20 19 18 17 16 15 24 23 22 21 20 19 18 17 16 15 14 13 12 11 10 29 28 27 26 25 24 23 22 21 20 19 18 17 16 15 27 26 25 24 23 22 21 20 19 18 17 16 15 14 13 28 27 26 25 24 23 22 21 20 19 18 17 16 15 14 28 27 26 25 24 23 22 21 20 19 18 17 16 15 14 24 23 22 21 20 19 18 17 16 15 14 13 12 11 10 27 26 25 24 23 22 21 20 19 18 17 16 15 14 13 20 13 24 27 25 19 18 13 19 18 24 13 26 21 25 17 18 24 19 17 14 14 20 27 16 24 18 21 19 15 14 22 23 14 24 16 22 19 26 17 13 22 26 25 15 18 16 21 15 13 18 18 14 20 18 25 22 17 19 14 25 16 24 14 23 13 19 14 25 23 18 21 22 26 18 15 20 15 21 15 17 19 20 27 23 23 14 15 23 15 20 15 23 17 20 24 13 12 15 16 23 27 13 24 15 18 19 13 21 19 21 21 15 13 26 22 13 16 12 13 15 21 13 21 12 17 14 16 19 12 13 17 24 20 19 16 24 16 20 17 15 21 13 14 17 20 15 15 19 17 15 16 23 13 20 13 16 24 19 16 23 26 21 27 22 15 17 17 26 16 20 23 20 20 15
itemClass_lengthVector 2 6 14 14 39 44 1 1 69 30 51 29 56 29 15 20 19 39 18 6 5 14 55 30 35 8 34 58 32 27 2 12 22 12 34 55 115 2 14 14 25 60 1 16 16 8 11 63 2 40 54 14 17 58 36 34 10 3 30 20 26 10 39 3 10 40 2 44 28 13 31 85 42 9 18 13 52 63 4 4 31 29 20 84 4 26 20 1 16 33 86 7 2 9 9 43 11 27 9 50 23 43 45 18 18 31 20 101 7 92 7 3 19 2 12 11 3 64 5 23 11 26 79 84 6 21 15 17 4 2 54 12 18 13 38 20 24 45 22 80 40 15 6 58 11 3 12 32 21 11 41 15 30 4 16 49 38 29 15 31 16 34 43 20 19 51 39 50 4 53 9 18 12 4 76 3 22 1 1 57 2 24 44 16 11 1 61 31 17 7 8 11 39 21 107 5 30 2 14 28 17 43 9 5 28 82 59 6 15 57 41 59 2 8 3 16 38 43 7 41 11 7 78 19 27 1 56 15 2 13 1 69 56 2 70 13 55 5 45 13 31 1 14 1 69 56 28 1 3 30 15 2 43 1 51 55 40 15 29 13 52 15 2 3 69 28 40 7 3 29 70 50 44 51 55 1 1 56 44 1 3 15 70 1 30 1 31 14 30 39 56 1 57 3 39 68 45 39 6 1 28 1 51 45 28 69 2 44 2 13 14 55 29 40 29 44 52 15 69 1 15 55 29 52 51 38 1 55 6 51 70 2 56 43 2 39 45 50 55 1 15 55 31 29 55 29 43 56 39 29 30 28 30 1 30 55 68 6 1 2 30 5 51 44 70 50 44 28 55 31 1 50 28 1 69 52 29 15 57 2 30 31 13 1 51 40 3 44 2 13 50 29 70 3 29 1 13 2 1 52
itemClass_demand 1 1 1 1 1 1 1 1 1 1 1 1 1 1 1 1 1 1 1 1 1 1 1 1 1 1 1 1 1 1 1 1 1 1 1 1 1 1 1 1 1 1 1 1 1 1 1 1 1 1 1 1 1 1 1 1 1 1 1 1 1 1 1 1 1 1 1 1 1 1 1 1 1 1 1 1 1 1 1 1 1 1 1 1 1 1 1 1 1 1 1 1 1 1 1 1 1 1 1 1 1 1 1 1 1 1 1 1 1 1 1 1 1 1 1 1 1 1 1 1 1 1 1 1 1 1 1 1 1 1 1 1 1 1 1 1 1 1 1 1 1 1 1 1 1 1 1 1 1 1 1 1 1 1 1 1 1 1 1 1 1 1 1 1 1 1 1 1 1 1 1 1 1 1 1 1 1 1 1 1 1 1 1 1 1 1 1 1 1 1 1 1 1 1 1 1 1 1 1 1 1 1 1 1 1 1 1 1 1 1 1 1 1 1 1 1 1 1 1 1 1 1 1 1 1 1 1 1 1 1 1 1 1 1 1 1 1 1 1 1 1 1 1 1 1 1 1 1 1 1 1 1 1 1 1 1 1 1 1 1 1 1 1 1 1 1 1 1 1 1 1 1 1 1 1 1 1 1 1 1 1 1 1 1 1 1 1 1 1 1 1 1 1 1 1 1 1 1 1 1 1 1 1 1 1 1 1 1 1 1 1 1 1 1 1 1 1 1 1 1 1 1 1 1 1 1 1 1 1 1 1 1 1 1 1 1 1 1 1 1 1 1 1 1 1 1 1 1 1 1 1 1 1 1 1 1 1 1 1 1 1 1 1 1 1 1 1 1 1 1 1 1 1 1 1 1 1 1 1 1 1 1 1 1 1 1 1 1 1 1 1 1 1 1 1 1 1 1 1 1
binNumber 10000
binClassNumber 1
binClass_widthVector 400
binClass_lengthVector 400
binClass_disponibility 1000
itemClass_weight 480 1440 3360 3360 9360 10560 240 240 16560 7200 12240 6960 13440 6960 3600 5200 4940 10140 4680 1560 1300 3640 14300 7800 9100 2080 8840 15080 8320 7020 580 3480 6380 3480 9860 15950 33350 580 4060 4060 7250 17400 290 4640 4640 2080 2860 16380 520 10400 14040 3640 4420 15080 9360 8840 2600 780 7800 5200 7280 2800 10920 840 2800 11200 560 12320 7840 3640 8680 23800 11760 2520 5040 3250 13000 15750 1000 1000 7750 7250 5000 21000 1000 6500 5000 250 4000 8250 22360 1820 520 2340 2340 11180 2860 7020 2340 13000 5980 11180 11700 4680 4680 8990 5800 29290 2030 26680 2030 870 5510 580 3480 3190 870 18560 1450 6670 2640 6240 18960 20160 1440 5040 3600 4080 960 480 12960 2880 4320 3120 9120 5800 6960 13050 6380 23200 11600 4350 1740 16820 3190 870 3480 9280 6090 3190 11070 4050 8100 1080 4320 13230 10260 7830 4050 8370 4320 9180 11610 5400 5130 14280 10920 14000 1120 14840 2520 5040 3360 1120 21280 840 6160 280 280 15960 560 6720 12320 4480 3080 280 17080 8680 4760 1960 2240 3080 10920 5880 29960 1200 7200 480 3360 6720 4080 10320 2160 1200 6720 19680 14160 1440 3600 13680 11070 15930 540 2160 810 4320 10260 11610 1890 11070 2970 1890 21060 5130 7290 263 14112 3900 528 3341 257 18216 13888 504 18130 3367 14520 1285 10980 3302 8215 249 3472 242 16698 14000 6888 242 750 7680 3975 482 10793 259 12699 14355 9760 3645 7569 3172 13572 3675 494 783 17043 6776 9680 1799 780 7453 17780 12250 11484 13005 14355 252 241 14728 10648 245 735 3690 18270 247 7740 248 7688 3598 7590 9828 14504 265 14022 795 9711 17068 11745 9438 1458 265 7000 262 12342 11565 6916 16698 520 11660 494 3211 3668 13640 7163 9840 7105 11000 12584 3765 18216 249 3720 13585 7424 12792 13362 9614 241 14025 1458 12546 18270 508 13944 10707 526 10023 11115 12450 13805 263 3630 13805 7595 7540 13530 7221 10879 13888 9750 7047 7890 7392 7590 246 7800 13750 17748 1554 255 492 7500 1270 13515 11088 17010 12750 11308 6972 13805 7998 247 12200 7420 248 17940 13000 7482 3855 14877 524 7470 7874 3250 262 13056 9920 747 11308 492 3263 13250 7540 16940 777 7337 242 3367 492 244 13572
