itemNumber 150
itemClassNumber 150
itemClass_widthVector 19 18 17 16 15 14 13 12 11 17 16 15 14 13 12 11 10 9 16 15 14 13 12 11 10 9 8 19 18 17 16 15 14 13 12 11 15 14 13 12 11 10 9 8 7 18 17 16 15 14 13 12 11 10 15 14 13 12 11 10 9 8 7 15 14 13 12 11 10 9 8 7 16 15 14 13 12 11 10 9 8 21 17 15 21 17 16 14 15 19 16 19 16 19 18 13 19 13 14 19 16 16 16 17 16 15 19 13 19 19 15 14 15 14 16 18 14 18 17 18 17 13 19 16 21 18 13 18 14 18 17 17 19 13 20 19 15 20 19 13 18 17 19 20 19 16 16 19 16 19
itemClass_lengthVector 27 2 35 32 2 23 19 7 3 1 1 31 1 2 18 2 58 36 6 11 21 5 25 9 16 14 43 6 9 31 2 18 15 40 3 26 31 16 4 12 26 2 28 13 18 24 14 33 9 8 5 39 8 10 9 12 40 4 24 15 13 20 13 16 12 11 5 52 10 2 4 38 29 9 8 29 22 7 17 16 13 27 2 24 27 2 23 19 23 34 3 36 3 36 34 6 34 6 7 3 22 2 22 3 2 20 34 6 2 2 19 7 18 7 23 35 6 35 1 32 2 8 35 24 27 34 8 31 7 32 1 3 34 7 26 1 18 26 3 6 35 31 2 3 34 24 24 36 3 3
itemClass_demand 1 1 1 1 1 1 1 1 1 1 1 1 1 1 1 1 1 1 1 1 1 1 1 1 1 1 1 1 1 1 1 1 1 1 1 1 1 1 1 1 1 1 1 1 1 1 1 1 1 1 1 1 1 1 1 1 1 1 1 1 1 1 1 1 1 1 1 1 1 1 1 1 1 1 1 1 1 1 1 1 1 1 1 1 1 1 1 1 1 1 1 1 1 1 1 1 1 1 1 1 1 1 1 1 1 1 1 1 1 1 1 1 1 1 1 1 1 1 1 1 1 1 1 1 1 1 1 1 1 1 1 1 1 1 1 1 1 1 1 1 1 1 1 1 1 1 1 1 1 1
binNumber 10000
binClassNumber 1
binClass_widthVector 150
binClass_lengthVector 150
binClass_disponibility 1000
itemClass_weight 5130 380 6650 6080 380 4370 3610 1330 570 170 170 5270 170 340 3060 340 9860 6120 960 1760 3360 800 4000 1440 2560 2240 6880 1140 1710 5890 380 3420 2850 7600 570 4940 4650 2400 600 1800 3900 300 4200 1950 2700 4320 2520 5940 1620 1440 900 7020 1440 1800 1350 1800 6000 600 3600 2250 1950 3000 1950 2400 1800 1650 750 7800 1500 300 600 5700 4640 1440 1280 4640 3520 1120 2720 2560 2080 5616 400 5016 5427 414 4646 3895 4761 7004 612 7200 591 7560 6528 1152 6664 1224 1470 594 4466 416 4268 627 408 4100 7106 1260 406 402 3762 1421 3600 1337 4600 6790 1152 7210 192 6240 420 1528 7280 4968 5454 6766 1664 6324 1421 6176 209 600 7072 1428 5174 201 3708 5148 600 1260 6755 6293 418 630 6562 4944 4608 7020 597 597
