itemNumber 100
itemClassNumber 100
itemClass_widthVector 12 11 10 9 8 7 6 5 12 11 10 9 8 7 6 5 13 12 11 10 9 8 7 6 14 13 12 11 10 9 8 7 11 10 9 8 7 6 5 4 11 10 9 8 7 6 5 4 14 13 12 11 10 9 8 7 13 12 11 10 9 8 7 6 8 13 12 9 12 12 7 7 9 12 8 11 7 8 10 13 7 11 9 12 12 10 10 10 8 10 11 11 13 9 8 11 9 13 7 7
itemClass_lengthVector 25 5 21 10 9 1 21 8 4 31 4 11 11 16 16 7 28 6 5 17 8 17 6 13 21 21 28 4 4 8 4 10 3 6 3 8 18 7 8 47 1 4 5 4 17 9 25 35 18 23 6 2 1 9 8 33 2 1 38 3 10 17 4 25 1 26 22 10 20 22 21 20 8 20 1 21 20 2 10 24 22 22 9 22 22 11 9 11 1 11 20 20 26 8 1 20 9 25 22 20
itemClass_demand 1 1 1 1 1 1 1 1 1 1 1 1 1 1 1 1 1 1 1 1 1 1 1 1 1 1 1 1 1 1 1 1 1 1 1 1 1 1 1 1 1 1 1 1 1 1 1 1 1 1 1 1 1 1 1 1 1 1 1 1 1 1 1 1 1 1 1 1 1 1 1 1 1 1 1 1 1 1 1 1 1 1 1 1 1 1 1 1 1 1 1 1 1 1 1 1 1 1 1 1
binNumber 10000
binClassNumber 1
binClass_widthVector 100
binClass_lengthVector 100
binClass_disponibility 1000
itemClass_weight 3000 600 2520 1200 1080 120 2520 960 480 3720 480 1320 1320 1920 1920 840 3640 780 650 2210 1040 2210 780 1690 2940 2940 3920 560 560 1120 560 1400 330 660 330 880 1980 770 880 5170 110 440 550 440 1870 990 2750 3850 2520 3220 840 280 140 1260 1120 4620 260 130 4940 390 1300 2210 520 3250 130 3276 2750 1230 2660 2750 2793 2500 992 2620 130 2688 2520 260 1330 3024 2750 2926 1143 2816 2750 1331 1089 1419 132 1419 2600 2420 3302 1024 129 2580 1170 3125 2926 2480
