itemNumber 700
itemClassNumber 700
itemClass_widthVector 40 39 38 37 36 35 34 33 32 31 30 29 28 27 26 25 24 23 22 41 40 39 38 37 36 35 34 33 32 31 30 29 28 27 26 25 24 23 40 39 38 37 36 35 34 33 32 31 30 29 28 27 26 25 24 23 22 36 35 34 33 32 31 30 29 28 27 26 25 24 23 22 21 20 19 18 36 35 34 33 32 31 30 29 28 27 26 25 24 23 22 21 20 19 18 40 39 38 37 36 35 34 33 32 31 30 29 28 27 26 25 24 23 22 35 34 33 32 31 30 29 28 27 26 25 24 23 22 21 20 19 18 17 35 34 33 32 31 30 29 28 27 26 25 24 23 22 21 20 19 18 17 40 39 38 37 36 35 34 33 32 31 30 29 28 27 26 25 24 23 22 37 36 35 34 33 32 31 30 29 28 27 26 25 24 23 22 21 20 19 36 35 34 33 32 31 30 29 28 27 26 25 24 23 22 21 20 19 18 34 33 32 31 30 29 28 27 26 25 24 23 22 21 20 19 18 17 16 34 33 32 31 30 29 28 27 26 25 24 23 22 21 20 19 18 17 16 39 38 37 36 35 34 33 32 31 30 29 28 27 26 25 24 23 22 21 40 39 38 37 36 35 34 33 32 31 30 29 28 27 26 25 24 23 22 36 35 34 33 32 31 30 29 28 27 26 25 24 23 22 21 20 19 18 33 32 31 30 29 28 27 26 25 24 23 22 21 20 19 18 17 16 15 35 34 33 32 31 30 29 28 27 26 25 24 23 22 21 20 19 18 17 33 32 31 30 29 28 27 26 25 24 23 22 21 20 19 18 17 16 15 29 38 32 30 31 27 43 41 32 32 31 35 34 36 44 31 32 36 33 41 35 26 33 31 40 36 30 40 39 31 29 27 41 35 29 38 32 32 37 44 32 32 28 28 39 27 40 41 26 37 29 37 38 33 37 39 26 41 36 27 29 34 41 39 41 41 31 34 42 40 35 40 29 35 34 38 37 40 35 28 28 40 31 31 33 29 37 39 26 32 38 35 36 27 33 28 34 35 37 32 36 41 35 42 27 31 37 36 41 26 32 29 28 40 26 33 29 31 39 30 27 29 26 37 38 40 34 31 28 32 40 33 38 32 34 37 34 34 28 27 34 34 34 39 37 37 39 42 33 33 33 40 30 38 28 27 26 41 28 34 26 43 31 28 33 37 39 42 27 40 34 28 29 43 40 41 25 25 40 34 27 33 36 39 29 28 25 31 35 37 29 35 42 27 35 39 34 34 30 43 34 38 38 28 27 34 39 27 25 34 35 26 41 32 39 27 34 37 27 27 29 35 30 29 27 31 42 33 30 42 43 29 28 42 27 38 35 27 45 26 33 42 37 34 35 32 28 32 25 41 29 43 42 27 35 33 40 34 31 35 28 35 36 38 42 25 44 31 35 30 37 27 36 37 40 31 37 40 32 39 38 30 24 34 34 45 41 24 27 32 37 32 30 45 37 26 28 41 40 36 26 36 39 28 26 32 36 40 27 36 33 44 37 30 41 28 34 43 32 41 28 34 29 39 40 39 35 35 37 42 37 24 38 31 30 45 26 25 25
itemClass_lengthVector 5 26 6 51 107 6 39 8 54 33 117 24 36 20 74 9 41 23 21 16 38 21 15 114 11 62 42 22 4 40 22 13 10 52 98 65 47 8 1 9 11 23 59 47 42 24 3 46 12 35 92 49 138 16 10 41 42 40 9 32 26 5 51 32 7 32 22 142 34 63 30 43 51 7 19 55 48 14 33 40 7 39 75 33 50 32 7 44 35 5 73 9 42 87 27 13 2 16 49 7 46 217 11 28 3 36 57 27 75 10 27 16 39 21 12 135 27 34 40 14 47 42 26 76 45 12 1 20 96 3 46 19 5 33 44 39 104 62 3 38 6 63 32 38 2 19 23 27 107 1 48 11 12 26 126 19 1 19 2 27 31 16 76 129 3 26 20 15 5 77 70 17 13 9 46 5 179 13 36 11 22 6 43 32 20 48 17 33 14 136 6 23 89 27 61 8 66 32 75 34 89 6 21 12 9 29 33 5 75 13 11 7 6 75 21 27 37 2 34 18 16 24 39 34 66 203 2 65 91 9 30 6 2 62 6 18 22 20 57 75 15 19 14 111 61 26 56 64 16 18 2 38 24 15 113 45 29 37 36 37 5 49 66 96 8 2 120 17 27 22 10 16 53 22 51 12 29 37 27 74 35 32 15 15 86 24 28 59 7 5 78 18 24 20 122 20 7 43 62 72 42 27 6 36 28 249 14 1 1 11 16 55 34 22 64 12 33 4 31 38 58 9 20 52 2 64 3 7 20 11 50 43 114 7 55 26 13 13 61 78 21 60 10 18 11 2 22 42 90 6 27 27 11 12 158 79 40 84 5 25 31 21 107 117 25 116 10 4 7 117 25 23 54 116 7 5 35 24 5 32 27 32 23 116 116 106 8 36 107 7 23 75 41 51 9 37 39 33 34 106 6 116 23 10 73 6 9 6 25 42 7 73 6 107 55 5 106 40 7 39 73 21 33 7 6 52 52 37 8 6 107 33 6 37 33 117 50 5 26 7 20 21 108 117 116 116 73 40 52 23 25 108 40 38 10 116 73 9 53 106 23 5 26 34 4 73 35 6 9 27 10 24 20 20 52 41 116 21 117 51 35 40 35 23 9 50 106 32 116 75 25 26 117 107 34 117 7 7 34 21 74 8 53 33 52 7 108 6 25 54 32 55 106 35 5 8 42 22 52 75 54 9 27 116 9 53 7 106 27 41 7 53 73 74 25 106 25 40 23 5 53 73 33 6 6 36 20 22 35 33 6 36 54 6 41 53 108 9 117 36 26 8 108 39 10 42 118 106 74 41 33 38 10 5 23 6 8 117 7 8 40 19 55 35 36 10 117 26 33 37 6 27 19 74 25 9 108 8 40 4 22 117 5 5 118 33 25 8 24 42 5 75 25 26 42 55 116 108 53 37 9 10 55 55 106 25 22 6 23 32 19 40 73 54 107 107 116 39 25 34 6 39 20 22 54 8 4 6 23 73 23 9 34 37 4 8 42 74 7 51 5 23 6 107 19 40 118 6 52 8 6 116 4 40 21 52 74 8 27 34 26 74 116 35 50 50 5 55 40 39 5 7 22 5 23 19 6 8 24 24
itemClass_demand 1 1 1 1 1 1 1 1 1 1 1 1 1 1 1 1 1 1 1 1 1 1 1 1 1 1 1 1 1 1 1 1 1 1 1 1 1 1 1 1 1 1 1 1 1 1 1 1 1 1 1 1 1 1 1 1 1 1 1 1 1 1 1 1 1 1 1 1 1 1 1 1 1 1 1 1 1 1 1 1 1 1 1 1 1 1 1 1 1 1 1 1 1 1 1 1 1 1 1 1 1 1 1 1 1 1 1 1 1 1 1 1 1 1 1 1 1 1 1 1 1 1 1 1 1 1 1 1 1 1 1 1 1 1 1 1 1 1 1 1 1 1 1 1 1 1 1 1 1 1 1 1 1 1 1 1 1 1 1 1 1 1 1 1 1 1 1 1 1 1 1 1 1 1 1 1 1 1 1 1 1 1 1 1 1 1 1 1 1 1 1 1 1 1 1 1 1 1 1 1 1 1 1 1 1 1 1 1 1 1 1 1 1 1 1 1 1 1 1 1 1 1 1 1 1 1 1 1 1 1 1 1 1 1 1 1 1 1 1 1 1 1 1 1 1 1 1 1 1 1 1 1 1 1 1 1 1 1 1 1 1 1 1 1 1 1 1 1 1 1 1 1 1 1 1 1 1 1 1 1 1 1 1 1 1 1 1 1 1 1 1 1 1 1 1 1 1 1 1 1 1 1 1 1 1 1 1 1 1 1 1 1 1 1 1 1 1 1 1 1 1 1 1 1 1 1 1 1 1 1 1 1 1 1 1 1 1 1 1 1 1 1 1 1 1 1 1 1 1 1 1 1 1 1 1 1 1 1 1 1 1 1 1 1 1 1 1 1 1 1 1 1 1 1 1 1 1 1 1 1 1 1 1 1 1 1 1 1 1 1 1 1 1 1 1 1 1 1 1 1 1 1 1 1 1 1 1 1 1 1 1 1 1 1 1 1 1 1 1 1 1 1 1 1 1 1 1 1 1 1 1 1 1 1 1 1 1 1 1 1 1 1 1 1 1 1 1 1 1 1 1 1 1 1 1 1 1 1 1 1 1 1 1 1 1 1 1 1 1 1 1 1 1 1 1 1 1 1 1 1 1 1 1 1 1 1 1 1 1 1 1 1 1 1 1 1 1 1 1 1 1 1 1 1 1 1 1 1 1 1 1 1 1 1 1 1 1 1 1 1 1 1 1 1 1 1 1 1 1 1 1 1 1 1 1 1 1 1 1 1 1 1 1 1 1 1 1 1 1 1 1 1 1 1 1 1 1 1 1 1 1 1 1 1 1 1 1 1 1 1 1 1 1 1 1 1 1 1 1 1 1 1 1 1 1 1 1 1 1 1 1 1 1 1 1 1 1 1 1 1 1 1 1 1 1 1 1 1 1 1 1 1 1 1 1 1 1 1 1 1 1 1 1 1 1 1 1 1 1 1 1 1 1 1 1 1 1 1 1 1 1 1 1 1 1 1 1 1 1 1 1 1 1 1 1 1 1 1 1 1 1 1 1 1 1 1 1 1 1 1 1 1 1 1 1 1 1 1 1 1 1 1 1 1 1 1 1 1 1 1 1 1 1 1 1 1 1 1 1 1
binNumber 10000
binClassNumber 1
binClass_widthVector 700
binClass_lengthVector 700
binClass_disponibility 1000
itemClass_weight 2000 10400 2400 20400 42800 2400 15600 3200 21600 13200 46800 9600 14400 8000 29600 3600 16400 9200 8400 6560 15580 8610 6150 46740 4510 25420 17220 9020 1640 16400 9020 5330 4100 21320 40180 26650 19270 3280 400 3600 4400 9200 23600 18800 16800 9600 1200 18400 4800 14000 36800 19600 55200 6400 4000 16400 16800 14400 3240 11520 9360 1800 18360 11520 2520 11520 7920 51120 12240 22680 10800 15480 18360 2520 6840 19800 17280 5040 11880 14400 2520 14040 27000 11880 18000 11520 2520 15840 12600 1800 26280 3240 15120 31320 9720 5200 800 6400 19600 2800 18400 86800 4400 11200 1200 14400 22800 10800 30000 4000 10800 6400 15600 8400 4200 47250 9450 11900 14000 4900 16450 14700 9100 26600 15750 4200 350 7000 33600 1050 16100 6650 1750 11550 15400 13650 36400 21700 1050 13300 2100 22050 11200 13300 700 6650 8050 9450 37450 350 16800 3850 4800 10400 50400 7600 400 7600 800 10800 12400 6400 30400 51600 1200 10400 8000 6000 2000 30800 28000 6290 4810 3330 17020 1850 66230 4810 13320 4070 8140 2220 15910 11840 7400 17760 6290 12210 5180 50320 2160 8280 32040 9720 21960 2880 23760 11520 27000 12240 32040 2160 7560 4320 3240 10440 11880 1800 27000 4420 3740 2380 2040 25500 7140 9180 12580 680 11560 6120 5440 8160 13260 11560 22440 69020 680 22100 30940 3060 10200 2040 680 21080 2040 6120 7480 6800 19380 25500 5100 6460 4760 37740 20740 8840 19040 24960 6240 7020 780 14820 9360 5850 44070 17550 11310 14430 14040 14430 1950 19110 25740 37440 3120 780 48000 6800 10800 8800 4000 6400 21200 8800 20400 4800 11600 14800 10800 29600 14000 12800 6000 6000 34400 8640 10080 21240 2520 1800 28080 6480 8640 7200 43920 7200 2520 15480 22320 25920 15120 9720 2160 12960 9240 82170 4620 330 330 3630 5280 18150 11220 7260 21120 3960 10890 1320 10230 12540 19140 2970 6600 18200 700 22400 1050 2450 7000 3850 17500 15050 39900 2450 19250 9100 4550 4550 21350 27300 7350 21000 3300 5940 3630 660 7260 13860 29700 1980 8910 8910 3630 3960 52140 26070 13200 27720 1650 8250 10230 8925 46973 50076 10750 49648 4200 1656 3024 48555 10525 9867 23220 50344 2968 2190 15295 9840 2150 13888 11799 12960 9338 47212 51156 44096 3440 15192 46545 2989 9338 30150 16441 20910 3969 15577 16926 14223 14280 45580 2418 47792 9568 4150 31098 2502 3924 2556 10625 16968 2968 31171 2526 47187 22550 2050 44308 17200 2814 15834 31755 8631 14058 3010 2454 22360 20852 15947 3440 2640 46545 14388 2478 15614 14553 47502 20450 2130 10582 2856 8440 8694 46548 49842 48372 48720 31025 16760 21684 9545 10825 46872 17640 15808 4220 48488 29857 3924 23267 44414 9752 2150 10634 14960 1708 31682 14910 2502 3636 11502 4310 10488 8600 8740 22568 16482 51040 9219 48672 22083 14245 16800 14840 9453 3933 21700 42506 12864 49764 30750 10375 11180 50544 44191 14042 47034 3045 2849 14212 8862 30414 3304 22949 14322 21840 2926 46440 2604 10875 22194 13184 22660 46428 14140 2105 3352 18228 9042 21632 31200 23652 3717 11124 50924 3861 21624 3080 45368 11880 17712 2975 22896 31171 30636 10975 46004 10675 17040 9844 2095 22631 30952 13299 2532 2484 14904 8240 9108 15050 14256 2610 14544 23760 2502 16974 21412 44172 3618 47502 15624 11414 3304 43524 16692 4090 17514 50150 46110 31450 16687 14520 15276 4200 2040 9591 2556 3400 48906 2891 3328 16880 8322 22110 14175 15300 4310 47034 11024 14223 15688 2430 11880 7695 31450 10500 3618 45144 3328 17040 1728 9592 47619 2130 2055 51566 13827 10875 3328 9888 17010 2040 32325 10775 11076 17892 23320 48024 44172 21889 15503 3609 4090 23485 23375 43248 10575 9284 2466 9867 14080 8075 16400 31828 22032 44726 44726 49996 17004 10025 13634 2454 15717 8520 9592 22626 3296 1632 2412 9959 29565 9591 3834 14654 15429 1640 3392 17808 30932 3073 21114 2045 9522 2460 44084 8094 16280 47436 2628 22256 3416 2550 50344 1616 17160 8568 22256 32042 3464 11583 14926 11310 32560 50576 15120 20500 20850 2110 23650 17120 16224 2160 2828 9328 2015 9384 8075 2580 3312 9912 10200
