itemNumber 120
itemClassNumber 120
itemClass_widthVector 14 13 12 11 10 9 8 7 13 12 11 10 9 8 7 6 16 15 14 13 12 11 10 9 13 12 11 10 9 8 7 6 16 15 14 13 12 11 10 9 16 15 14 13 12 11 10 9 16 15 14 13 12 11 10 9 16 15 14 13 12 11 10 9 9 11 11 10 15 9 15 13 13 14 10 16 13 15 12 12 15 9 11 10 10 13 15 16 15 15 9 9 14 12 14 13 14 13 9 13 16 9 11 15 14 9 13 15 11 15 9 16 11 16 13 13 13 12 15 15
itemClass_lengthVector 4 9 14 36 38 6 8 5 2 1 1 45 21 14 29 7 29 1 8 21 28 11 21 1 25 12 2 26 21 21 10 3 47 24 16 3 5 5 13 7 4 2 34 21 30 3 15 11 45 1 13 7 8 35 8 3 26 21 6 12 6 2 39 8 7 37 38 5 4 8 5 13 15 15 6 3 14 4 35 35 9 7 39 7 6 13 4 4 9 5 7 9 9 39 9 36 15 13 8 35 4 9 37 3 10 8 14 10 39 4 7 5 39 4 15 13 13 35 10 4
itemClass_demand 1 1 1 1 1 1 1 1 1 1 1 1 1 1 1 1 1 1 1 1 1 1 1 1 1 1 1 1 1 1 1 1 1 1 1 1 1 1 1 1 1 1 1 1 1 1 1 1 1 1 1 1 1 1 1 1 1 1 1 1 1 1 1 1 1 1 1 1 1 1 1 1 1 1 1 1 1 1 1 1 1 1 1 1 1 1 1 1 1 1 1 1 1 1 1 1 1 1 1 1 1 1 1 1 1 1 1 1 1 1 1 1 1 1 1 1 1 1 1 1
binNumber 10000
binClassNumber 1
binClass_widthVector 120
binClass_lengthVector 120
binClass_disponibility 1000
itemClass_weight 560 1260 1960 5040 5320 840 1120 700 260 130 130 5850 2730 1820 3770 910 4640 160 1280 3360 4480 1760 3360 160 3250 1560 260 3380 2730 2730 1300 390 7520 3840 2560 480 800 800 2080 1120 640 320 5440 3360 4800 480 2400 1760 7200 160 2080 1120 1280 5600 1280 480 4160 3360 960 1920 960 320 6240 1280 1043 5661 5852 770 612 1160 730 1859 2265 2220 888 441 2030 600 4935 5320 1341 1008 5733 1057 912 2015 616 608 1287 750 1001 1323 1296 5850 1359 5076 2325 1872 1168 5285 620 1377 5624 429 1450 1168 2030 1430 5694 588 1022 710 5850 620 2220 2002 1846 5040 1430 604
