itemNumber 140
itemClassNumber 140
itemClass_widthVector 16 15 14 13 12 11 10 9 8 17 16 15 14 13 12 11 10 9 14 13 12 11 10 9 8 7 6 17 16 15 14 13 12 11 10 9 16 15 14 13 12 11 10 9 8 14 13 12 11 10 9 8 7 6 15 14 13 12 11 10 9 8 7 15 14 13 12 11 10 9 8 7 16 15 14 13 12 11 10 9 8 12 10 14 13 11 12 16 13 16 13 16 14 10 16 10 10 15 13 17 14 13 16 10 10 12 16 12 10 12 10 13 15 10 15 14 15 14 16 14 18 15 10 18 12 13 18 10 10 15 14 18 12 16 16 15 15 17 13 16
itemClass_lengthVector 4 23 29 8 8 26 7 16 19 2 41 8 3 2 19 6 58 1 1 16 21 30 10 2 5 2 53 5 1 60 26 2 3 7 4 32 28 37 11 15 4 24 13 3 5 21 3 15 7 33 1 2 42 16 9 6 19 4 16 32 22 19 13 37 7 32 6 35 6 2 9 6 23 24 23 17 6 33 3 3 8 27 17 8 26 7 26 28 9 30 9 30 9 15 28 15 16 7 26 24 7 27 29 15 15 27 23 7 16 6 16 26 29 15 29 7 8 8 22 9 4 28 17 4 7 8 5 16 17 29 8 4 8 22 29 30 28 24 7 28
itemClass_demand 1 1 1 1 1 1 1 1 1 1 1 1 1 1 1 1 1 1 1 1 1 1 1 1 1 1 1 1 1 1 1 1 1 1 1 1 1 1 1 1 1 1 1 1 1 1 1 1 1 1 1 1 1 1 1 1 1 1 1 1 1 1 1 1 1 1 1 1 1 1 1 1 1 1 1 1 1 1 1 1 1 1 1 1 1 1 1 1 1 1 1 1 1 1 1 1 1 1 1 1 1 1 1 1 1 1 1 1 1 1 1 1 1 1 1 1 1 1 1 1 1 1 1 1 1 1 1 1 1 1 1 1 1 1 1 1 1 1 1 1
binNumber 10000
binClassNumber 1
binClass_widthVector 140
binClass_lengthVector 140
binClass_disponibility 1000
itemClass_weight 640 3680 4640 1280 1280 4160 1120 2560 3040 340 6970 1360 510 340 3230 1020 9860 170 140 2240 2940 4200 1400 280 700 280 7420 850 170 10200 4420 340 510 1190 680 5440 4480 5920 1760 2400 640 3840 2080 480 800 2940 420 2100 980 4620 140 280 5880 2240 1350 900 2850 600 2400 4800 3300 2850 1950 5550 1050 4800 900 5250 900 300 1350 900 3680 3840 3680 2720 960 5280 480 480 1280 4347 2907 1416 4472 1225 4602 4928 1566 5100 1503 4980 1458 2430 4648 2610 2608 1127 4524 3888 1239 4644 4988 2595 2445 4671 3933 1176 2768 1020 2576 4420 4756 2430 5104 1134 1320 1408 3740 1530 688 4732 2839 704 1169 1360 850 2656 2907 4727 1304 652 1296 3608 4785 5220 4536 3912 1211 4564
