itemNumber 400
itemClassNumber 400
itemClass_widthVector 25 24 23 22 21 20 19 18 17 16 15 14 13 12 11 25 24 23 22 21 20 19 18 17 16 15 14 13 12 11 29 28 27 26 25 24 23 22 21 20 19 18 17 16 15 27 26 25 24 23 22 21 20 19 18 17 16 15 14 13 27 26 25 24 23 22 21 20 19 18 17 16 15 14 13 25 24 23 22 21 20 19 18 17 16 15 14 13 12 11 25 24 23 22 21 20 19 18 17 16 15 14 13 12 11 28 27 26 25 24 23 22 21 20 19 18 17 16 15 14 29 28 27 26 25 24 23 22 21 20 19 18 17 16 15 27 26 25 24 23 22 21 20 19 18 17 16 15 14 13 26 25 24 23 22 21 20 19 18 17 16 15 14 13 12 27 26 25 24 23 22 21 20 19 18 17 16 15 14 13 26 25 24 23 22 21 20 19 18 17 16 15 14 13 12 28 27 26 25 24 23 22 21 20 19 18 17 16 15 14 26 25 24 23 22 21 20 19 18 17 16 15 14 13 12 14 16 26 17 21 17 27 20 17 20 17 17 25 27 27 23 25 15 19 26 23 28 19 23 17 26 23 23 15 17 28 23 25 19 17 21 21 24 26 20 24 28 20 17 19 22 18 14 24 18 20 25 14 23 16 27 19 15 20 17 14 28 25 15 15 26 14 26 14 14 14 17 20 17 27 23 15 16 19 18 24 16 14 19 20 20 21 23 13 15 20 16 16 19 20 18 26 16 17 26 13 17 25 17 26 19 13 21 18 23 26 21 21 26 13 26 26 22 17 20 17 22 22 22 16 20 26 23 16 16 27 24 21 22 27 19 22 19 20 18 18 23 25 16 17 25 27 26 25 17 22 22 16 19 27 17 22 20 16 13 25 24 16 15 28 19 26 24 26 15 18 24 15 21 21
itemClass_lengthVector 61 26 3 11 2 18 1 8 37 101 78 9 22 14 9 59 16 8 15 8 39 100 9 3 26 8 33 8 19 49 41 7 57 23 53 21 68 3 6 18 26 9 17 40 11 10 55 10 9 71 19 43 6 55 15 20 45 16 20 6 30 18 30 14 61 28 8 65 15 8 45 52 3 12 11 6 82 52 64 5 1 13 40 5 90 5 6 11 3 17 39 7 38 29 49 77 1 32 14 8 70 25 9 1 1 7 3 24 33 5 38 8 9 17 17 115 20 35 35 34 8 90 13 36 3 83 34 25 22 3 9 13 15 9 37 69 28 4 6 28 18 13 3 25 28 6 95 4 63 10 8 11 18 41 16 9 5 13 27 24 3 5 5 36 179 60 60 13 8 5 25 12 4 2 25 28 24 8 25 101 12 87 19 15 18 8 41 52 41 53 4 7 31 3 9 36 5 74 10 76 63 5 11 14 4 68 20 1 1 12 41 15 18 51 28 1 12 2 29 44 8 39 35 71 6 23 77 3 100 1 79 62 9 79 1 101 79 4 25 60 2 3 8 38 3 17 62 9 17 77 4 17 11 21 102 60 18 4 36 78 1 2 3 4 8 10 60 7 78 38 17 36 23 3 101 7 2 22 18 79 26 38 22 8 78 15 60 4 10 8 2 22 61 15 22 13 100 1 79 25 2 22 77 38 38 2 79 13 7 7 1 2 12 14 23 9 10 77 36 7 38 26 8 79 62 15 101 25 78 3 38 15 1 37 10 60 1 17 61 15 26 3 18 101 2 79 17 2 1 77 7 3 2 77 78 60 1 1 3 27 9 3 7 8 101 102 18 3 10 79 4 27 26 10 102 2 18 78 36 61 102 2 2 77 13 25 3 10 23 61 9 25 2 2 9 37 4 23 1 2
itemClass_demand 1 1 1 1 1 1 1 1 1 1 1 1 1 1 1 1 1 1 1 1 1 1 1 1 1 1 1 1 1 1 1 1 1 1 1 1 1 1 1 1 1 1 1 1 1 1 1 1 1 1 1 1 1 1 1 1 1 1 1 1 1 1 1 1 1 1 1 1 1 1 1 1 1 1 1 1 1 1 1 1 1 1 1 1 1 1 1 1 1 1 1 1 1 1 1 1 1 1 1 1 1 1 1 1 1 1 1 1 1 1 1 1 1 1 1 1 1 1 1 1 1 1 1 1 1 1 1 1 1 1 1 1 1 1 1 1 1 1 1 1 1 1 1 1 1 1 1 1 1 1 1 1 1 1 1 1 1 1 1 1 1 1 1 1 1 1 1 1 1 1 1 1 1 1 1 1 1 1 1 1 1 1 1 1 1 1 1 1 1 1 1 1 1 1 1 1 1 1 1 1 1 1 1 1 1 1 1 1 1 1 1 1 1 1 1 1 1 1 1 1 1 1 1 1 1 1 1 1 1 1 1 1 1 1 1 1 1 1 1 1 1 1 1 1 1 1 1 1 1 1 1 1 1 1 1 1 1 1 1 1 1 1 1 1 1 1 1 1 1 1 1 1 1 1 1 1 1 1 1 1 1 1 1 1 1 1 1 1 1 1 1 1 1 1 1 1 1 1 1 1 1 1 1 1 1 1 1 1 1 1 1 1 1 1 1 1 1 1 1 1 1 1 1 1 1 1 1 1 1 1 1 1 1 1 1 1 1 1 1 1 1 1 1 1 1 1 1 1 1 1 1 1 1 1 1 1 1 1 1 1 1 1 1 1 1 1 1 1 1 1 1 1 1 1 1 1 1 1 1 1 1 1 1 1 1 1 1 1 1 1 1 1 1 1 1 1 1 1 1 1
binNumber 10000
binClassNumber 1
binClass_widthVector 400
binClass_lengthVector 400
binClass_disponibility 1000
itemClass_weight 15250 6500 750 2750 500 4500 250 2000 9250 25250 19500 2250 5500 3500 2250 14750 4000 2000 3750 2000 9750 25000 2250 750 6500 2000 8250 2000 4750 12250 11890 2030 16530 6670 15370 6090 19720 870 1740 5220 7540 2610 4930 11600 3190 2700 14850 2700 2430 19170 5130 11610 1620 14850 4050 5400 12150 4320 5400 1620 8100 4860 8100 3780 16470 7560 2160 17550 4050 2160 12150 14040 810 3240 2970 1500 20500 13000 16000 1250 250 3250 10000 1250 22500 1250 1500 2750 750 4250 9750 1750 9500 7250 12250 19250 250 8000 3500 2000 17500 6250 2250 250 250 1960 840 6720 9240 1400 10640 2240 2520 4760 4760 32200 5600 9800 9800 9520 2320 26100 3770 10440 870 24070 9860 7250 6380 870 2610 3770 4350 2610 10730 18630 7560 1080 1620 7560 4860 3510 810 6750 7560 1620 25650 1080 17010 2700 2080 2860 4680 10660 4160 2340 1300 3380 7020 6240 780 1300 1300 9360 46540 16200 16200 3510 2160 1350 6750 3240 1080 540 6750 7560 6480 2160 6750 27270 3120 22620 4940 3900 4680 2080 10660 13520 10660 13780 1040 1820 8060 780 2340 10080 1400 20720 2800 21280 17640 1400 3080 3920 1120 19040 5600 280 280 3360 10660 3900 4680 13260 7280 260 3120 520 7540 11440 2080 10140 9100 18460 1560 5888 20636 762 26400 255 20856 15934 2385 19908 267 25452 21330 1084 6300 15660 536 780 2064 9614 801 4284 17050 2367 4488 20867 1008 4420 2827 5565 27846 15720 4806 1060 9288 21372 258 550 786 1028 2112 2730 15180 1771 19656 9576 4386 9792 5934 792 25755 1785 552 5940 4734 20303 6916 10488 5918 2048 21372 4020 16200 1036 2660 2016 506 5566 16592 3870 5632 3419 26300 262 20856 6500 518 5588 19404 9576 9918 548 19829 3445 1792 1834 276 524 3228 3570 5911 2421 2720 21021 9360 1792 9538 6526 2032 20935 15748 4095 27068 6775 20358 762 10298 3975 267 9990 2670 15540 260 4369 16470 3900 6916 810 4860 26664 506 19908 4590 552 252 20482 1841 774 516 19558 21450 16380 263 276 816 6939 2259 819 1918 2080 27573 27234 4626 771 2740 21330 1100 7128 6812 2600 26418 534 4626 21060 9360 15433 27234 552 538 20713 3419 6825 819 2720 6348 15494 2448 6625 508 514 2259 9916 1104 5980 260 540
