itemNumber 170
itemClassNumber 170
itemClass_widthVector 18 17 16 15 14 13 12 11 10 9 18 17 16 15 14 13 12 11 10 9 17 16 15 14 13 12 11 10 9 8 17 16 15 14 13 12 11 10 9 8 16 15 14 13 12 11 10 9 8 7 16 15 14 13 12 11 10 9 8 7 15 14 13 12 11 10 9 8 7 6 17 16 15 14 13 12 11 10 9 8 18 17 16 15 14 13 12 11 10 9 18 17 16 15 14 13 12 11 10 9 16 19 19 15 15 19 13 16 19 12 18 20 18 18 17 18 18 12 18 11 12 11 12 16 18 15 13 13 13 16 13 14 19 19 17 13 11 12 14 19 17 19 19 13 15 14 18 16 15 12 15 12 17 17 17 17 12 15 12 18 16 17 14 19 15 15 14 19 17 17
itemClass_lengthVector 11 10 23 42 12 18 26 13 3 12 23 30 1 4 11 3 3 27 6 62 1 28 3 19 1 9 48 40 4 17 11 13 14 7 5 52 47 7 8 6 23 6 60 5 22 18 11 5 2 18 23 4 30 13 3 6 5 30 48 8 25 11 8 31 20 1 7 28 13 26 4 12 38 19 3 15 9 16 41 13 37 7 27 28 28 17 7 2 3 14 22 24 6 48 17 5 18 4 8 18 43 11 11 17 19 12 26 41 9 4 10 11 23 10 22 9 10 14 9 4 13 3 13 11 23 11 12 14 25 12 13 18 9 10 24 14 3 3 19 11 41 9 11 27 18 18 22 12 12 13 17 3 24 23 23 43 2 17 13 9 11 24 19 10 13 12 25 11 43 23
itemClass_demand 1 1 1 1 1 1 1 1 1 1 1 1 1 1 1 1 1 1 1 1 1 1 1 1 1 1 1 1 1 1 1 1 1 1 1 1 1 1 1 1 1 1 1 1 1 1 1 1 1 1 1 1 1 1 1 1 1 1 1 1 1 1 1 1 1 1 1 1 1 1 1 1 1 1 1 1 1 1 1 1 1 1 1 1 1 1 1 1 1 1 1 1 1 1 1 1 1 1 1 1 1 1 1 1 1 1 1 1 1 1 1 1 1 1 1 1 1 1 1 1 1 1 1 1 1 1 1 1 1 1 1 1 1 1 1 1 1 1 1 1 1 1 1 1 1 1 1 1 1 1 1 1 1 1 1 1 1 1 1 1 1 1 1 1 1 1 1 1 1 1
binNumber 10000
binClassNumber 1
binClass_widthVector 170
binClass_lengthVector 170
binClass_disponibility 1000
itemClass_weight 1980 1800 4140 7560 2160 3240 4680 2340 540 2160 4140 5400 180 720 1980 540 540 4860 1080 11160 170 4760 510 3230 170 1530 8160 6800 680 2890 1870 2210 2380 1190 850 8840 7990 1190 1360 1020 3680 960 9600 800 3520 2880 1760 800 320 2880 3680 640 4800 2080 480 960 800 4800 7680 1280 3750 1650 1200 4650 3000 150 1050 4200 1950 3900 680 2040 6460 3230 510 2550 1530 2720 6970 2210 6660 1260 4860 5040 5040 3060 1260 360 540 2520 3960 4320 1080 8640 3060 900 3240 720 1440 3240 7912 2145 1991 3196 3572 2184 4758 7503 1764 724 1910 2189 4255 1950 4048 1647 1810 2688 1701 724 2392 567 2366 2002 4163 2101 2292 2702 4725 2388 2418 3438 1782 1920 4584 2618 543 564 3705 2013 7462 1674 2123 5319 3366 3348 3982 2196 2364 2418 3094 543 4680 4554 4531 7783 392 3281 2574 1728 2167 4752 3534 1910 2483 2196 4875 2035 8471 4439
