itemNumber 100
itemClassNumber 100
itemClass_widthVector 12 11 10 9 8 7 6 5 13 12 11 10 9 8 7 6 13 12 11 10 9 8 7 6 12 11 10 9 8 7 6 5 14 13 12 11 10 9 8 7 11 10 9 8 7 6 5 4 13 12 11 10 9 8 7 6 12 11 10 9 8 7 6 5 8 12 12 9 7 9 7 8 9 10 7 13 14 12 12 12 9 7 8 8 14 10 13 14 12 7 13 9 11 9 14 7 7 8 9 13
itemClass_lengthVector 1 1 29 17 17 3 7 25 5 38 14 7 6 9 10 11 20 1 23 8 11 8 23 6 16 3 7 18 6 11 11 28 1 3 8 9 14 29 28 8 14 18 8 3 2 32 21 2 2 19 24 8 10 13 19 5 5 2 1 26 3 1 47 15 4 28 1 17 7 18 8 2 17 17 6 1 2 1 28 29 16 7 4 4 1 18 1 1 30 8 2 18 29 17 1 6 7 4 18 1
itemClass_demand 1 1 1 1 1 1 1 1 1 1 1 1 1 1 1 1 1 1 1 1 1 1 1 1 1 1 1 1 1 1 1 1 1 1 1 1 1 1 1 1 1 1 1 1 1 1 1 1 1 1 1 1 1 1 1 1 1 1 1 1 1 1 1 1 1 1 1 1 1 1 1 1 1 1 1 1 1 1 1 1 1 1 1 1 1 1 1 1 1 1 1 1 1 1 1 1 1 1 1 1
binNumber 10000
binClassNumber 1
binClass_widthVector 100
binClass_lengthVector 100
binClass_disponibility 1000
itemClass_weight 120 120 3480 2040 2040 360 840 3000 650 4940 1820 910 780 1170 1300 1430 2600 130 2990 1040 1430 1040 2990 780 1920 360 840 2160 720 1320 1320 3360 140 420 1120 1260 1960 4060 3920 1120 1540 1980 880 330 220 3520 2310 220 260 2470 3120 1040 1300 1690 2470 650 600 240 120 3120 360 120 5640 1800 484 3388 126 2210 861 2214 1016 250 2210 2261 738 123 266 131 3612 3596 1968 924 520 532 122 2376 132 123 3870 1040 258 2322 3538 2142 122 786 917 512 2286 121
