itemNumber 150
itemClassNumber 150
itemClass_widthVector 17 16 15 14 13 12 11 10 9 16 15 14 13 12 11 10 9 8 18 17 16 15 14 13 12 11 10 15 14 13 12 11 10 9 8 7 14 13 12 11 10 9 8 7 6 19 18 17 16 15 14 13 12 11 15 14 13 12 11 10 9 8 7 17 16 15 14 13 12 11 10 9 19 18 17 16 15 14 13 12 11 13 12 14 14 16 13 14 14 13 15 11 15 14 17 12 11 13 12 17 13 16 17 12 16 16 18 16 12 12 16 18 16 17 11 15 11 11 12 16 15 18 17 18 17 15 18 16 13 13 19 19 14 15 14 17 17 17 13 17 17 19 16 16 16 16 17 14 16 12
itemClass_lengthVector 10 5 3 5 32 53 4 18 20 12 23 2 20 18 33 31 4 7 53 28 12 17 7 3 8 9 13 19 12 8 4 31 14 20 24 18 16 1 1 6 46 10 42 26 2 16 18 22 8 10 27 1 25 23 4 18 17 7 14 32 6 9 43 14 19 68 1 1 14 15 12 6 1 13 13 2 10 3 46 58 4 53 18 31 54 4 52 33 52 54 5 18 32 53 4 17 19 54 5 3 4 2 4 19 2 3 10 6 3 19 4 10 2 6 17 5 19 18 19 6 5 5 6 4 4 31 5 4 4 53 10 10 33 4 31 3 4 5 3 5 5 10 2 3 5 5 3 31 6 17
itemClass_demand 1 1 1 1 1 1 1 1 1 1 1 1 1 1 1 1 1 1 1 1 1 1 1 1 1 1 1 1 1 1 1 1 1 1 1 1 1 1 1 1 1 1 1 1 1 1 1 1 1 1 1 1 1 1 1 1 1 1 1 1 1 1 1 1 1 1 1 1 1 1 1 1 1 1 1 1 1 1 1 1 1 1 1 1 1 1 1 1 1 1 1 1 1 1 1 1 1 1 1 1 1 1 1 1 1 1 1 1 1 1 1 1 1 1 1 1 1 1 1 1 1 1 1 1 1 1 1 1 1 1 1 1 1 1 1 1 1 1 1 1 1 1 1 1 1 1 1 1 1 1
binNumber 10000
binClassNumber 1
binClass_widthVector 150
binClass_lengthVector 150
binClass_disponibility 1000
itemClass_weight 1700 850 510 850 5440 9010 680 3060 3400 1920 3680 320 3200 2880 5280 4960 640 1120 9540 5040 2160 3060 1260 540 1440 1620 2340 2850 1800 1200 600 4650 2100 3000 3600 2700 2240 140 140 840 6440 1400 5880 3640 280 3040 3420 4180 1520 1900 5130 190 4750 4370 600 2700 2550 1050 2100 4800 900 1350 6450 2380 3230 11560 170 170 2380 2550 2040 1020 190 2470 2470 380 1900 570 8740 11020 760 9222 3348 5394 10044 708 9724 5907 9256 9558 885 3078 5664 9646 712 3009 3534 9396 930 519 692 342 700 3325 348 531 1800 1074 546 3553 748 1710 372 1086 3026 870 3287 3222 3553 1128 920 905 1104 696 700 5518 880 748 708 9646 1850 1870 5742 716 5549 549 724 880 513 890 925 1790 348 528 935 935 513 5301 1068 3162
