itemNumber 90
itemClassNumber 90
itemClass_widthVector 13 12 11 10 9 8 7 12 11 10 9 8 7 6 12 11 10 9 8 7 6 14 13 12 11 10 9 8 14 13 12 11 10 9 8 13 12 11 10 9 8 7 12 11 10 9 8 7 6 10 10 12 10 14 14 13 10 9 14 9 14 14 10 12 14 10 14 11 11 12 14 13 10 13 9 15 14 9 14 12 10 9 14 15 9 9 13 11 11 13
itemClass_lengthVector 5 8 20 7 15 18 17 13 33 29 2 5 5 3 9 8 35 14 7 9 8 57 5 2 1 14 5 6 3 26 26 4 3 19 9 18 1 8 2 19 34 8 49 6 3 1 1 28 2 14 15 21 14 9 5 19 14 19 6 17 6 5 15 20 8 15 6 6 7 7 8 7 15 9 18 4 6 19 4 6 15 18 5 6 18 17 9 7 7 8
itemClass_demand 1 1 1 1 1 1 1 1 1 1 1 1 1 1 1 1 1 1 1 1 1 1 1 1 1 1 1 1 1 1 1 1 1 1 1 1 1 1 1 1 1 1 1 1 1 1 1 1 1 1 1 1 1 1 1 1 1 1 1 1 1 1 1 1 1 1 1 1 1 1 1 1 1 1 1 1 1 1 1 1 1 1 1 1 1 1 1 1 1 1
binNumber 10000
binClassNumber 1
binClass_widthVector 90
binClass_lengthVector 90
binClass_disponibility 1000
itemClass_weight 650 1040 2600 910 1950 2340 2210 1560 3960 3480 240 600 600 360 1080 960 4200 1680 840 1080 960 7923 695 278 139 1946 695 834 417 3614 3614 556 417 2641 1251 2340 130 1040 260 2470 4420 1040 5880 720 360 120 120 3360 240 1988 2130 2751 1890 1188 695 2508 1946 2508 816 2295 852 690 2025 2880 1048 2025 816 828 945 1001 1056 931 1995 1278 2502 528 792 2489 528 858 2055 2358 665 792 2520 2261 1215 924 945 1064
