itemNumber 70
itemClassNumber 70
itemClass_widthVector 11 10 9 8 7 6 11 10 9 8 7 6 13 12 11 10 9 8 12 11 10 9 8 7 12 11 10 9 8 7 11 10 9 8 7 6 9 9 9 10 9 9 9 13 9 11 10 13 11 10 12 8 10 12 9 9 10 11 12 13 9 13 13 9 10 11 13 12 11 10
itemClass_lengthVector 24 14 24 1 1 6 22 1 3 5 36 3 1 28 15 8 17 1 19 2 41 2 1 5 13 13 8 10 25 1 11 1 20 14 17 7 1 1 2 24 2 1 1 23 1 13 25 23 15 23 13 1 23 14 2 2 24 14 15 24 2 24 23 2 24 15 24 25 13 23
itemClass_demand 1 1 1 1 1 1 1 1 1 1 1 1 1 1 1 1 1 1 1 1 1 1 1 1 1 1 1 1 1 1 1 1 1 1 1 1 1 1 1 1 1 1 1 1 1 1 1 1 1 1 1 1 1 1 1 1 1 1 1 1 1 1 1 1 1 1 1 1 1 1
binNumber 10000
binClassNumber 1
binClass_widthVector 70
binClass_lengthVector 70
binClass_disponibility 1000
itemClass_weight 2640 1540 2640 110 110 660 2420 110 330 550 3960 330 130 3640 1950 1040 2210 130 2280 240 4920 240 120 600 1560 1560 960 1200 3000 120 1210 110 2200 1540 1870 770 117 122 226 2712 240 120 119 2691 117 1469 2950 2737 1710 2760 1456 116 2668 1666 230 240 2688 1624 1680 2856 228 2712 2737 234 2856 1665 2928 2875 1586 2622
