itemNumber 600
itemClassNumber 600
itemClass_widthVector 36 35 34 33 32 31 30 29 28 27 26 25 24 23 22 21 20 19 33 32 31 30 29 28 27 26 25 24 23 22 21 20 19 18 17 16 34 33 32 31 30 29 28 27 26 25 24 23 22 21 20 19 18 17 32 31 30 29 28 27 26 25 24 23 22 21 20 19 18 17 16 15 35 34 33 32 31 30 29 28 27 26 25 24 23 22 21 20 19 18 29 28 27 26 25 24 23 22 21 20 19 18 17 16 15 14 13 12 35 34 33 32 31 30 29 28 27 26 25 24 23 22 21 20 19 18 36 35 34 33 32 31 30 29 28 27 26 25 24 23 22 21 20 19 33 32 31 30 29 28 27 26 25 24 23 22 21 20 19 18 17 16 36 35 34 33 32 31 30 29 28 27 26 25 24 23 22 21 20 19 32 31 30 29 28 27 26 25 24 23 22 21 20 19 18 17 16 15 30 29 28 27 26 25 24 23 22 21 20 19 18 17 16 15 14 13 31 30 29 28 27 26 25 24 23 22 21 20 19 18 17 16 15 14 36 35 34 33 32 31 30 29 28 27 26 25 24 23 22 21 20 19 34 33 32 31 30 29 28 27 26 25 24 23 22 21 20 19 18 17 32 31 30 29 28 27 26 25 24 23 22 21 20 19 18 17 16 15 34 33 32 31 30 29 28 27 26 25 24 23 22 21 20 19 18 17 32 31 30 29 28 27 26 25 24 23 22 21 20 19 18 17 16 15 34 33 22 36 23 32 30 31 24 21 32 38 28 25 36 38 27 37 31 35 37 27 36 28 27 25 25 27 36 35 28 39 26 36 37 40 27 27 25 37 38 35 26 34 37 33 27 36 39 37 38 25 27 37 30 24 22 39 31 36 40 26 24 24 23 36 29 24 34 21 31 37 40 38 31 31 26 35 23 37 25 27 26 36 36 38 26 38 22 30 25 38 39 35 39 27 26 36 35 36 32 34 30 34 26 33 31 24 31 21 27 23 23 24 28 26 26 28 28 25 24 21 26 38 35 24 25 37 30 23 38 26 22 26 30 25 31 37 27 37 33 37 31 37 26 39 40 24 26 25 25 26 27 33 33 28 34 21 29 26 35 23 38 35 24 25 37 30 28 28 37 34 21 40 38 29 27 23 24 32 32 38 38 31 27 32 31 34 30 36 37 24 23 21 36 34 27 33 27 25 23 34 34 29 34 39 29 32 28 33 26 22 38 27 24 23 28 28 22 29 22 33 29 32 33 22 30 37 24 36 32 35 37 34 29 31 30 23 29 38 37 24 36 23 34 23 38 26 27 36 30 36 22 29 25 33 32 23 33 35 39 26 28 36 29 25 34 38 34 36 27 30 30 30 30 22
itemClass_lengthVector 20 41 2 14 13 4 22 23 66 24 117 69 19 21 67 4 65 9 27 2 5 83 67 44 13 18 85 29 8 10 50 72 11 8 55 13 7 165 12 3 7 32 20 29 14 59 2 23 94 9 12 5 70 37 4 24 2 18 87 85 42 11 12 7 7 39 118 4 68 6 38 28 18 14 7 36 26 27 32 34 11 73 42 42 27 37 78 44 7 45 8 51 41 84 23 8 15 15 42 49 14 19 7 79 13 30 2 100 18 120 2 35 57 26 57 5 10 29 11 119 18 5 46 10 17 15 55 58 28 33 14 23 6 44 14 38 6 49 21 5 16 95 31 64 7 15 7 72 29 29 127 15 64 33 5 22 54 20 19 12 11 59 29 32 29 26 96 22 14 76 21 1 25 30 33 38 15 70 22 21 66 64 70 37 22 14 13 64 1 1 19 24 34 22 98 5 24 22 44 32 28 42 22 89 47 27 6 4 4 14 17 31 122 10 12 49 136 66 43 35 34 34 16 5 30 3 7 43 25 19 1 17 25 61 96 24 5 25 13 35 18 18 18 63 74 1 113 22 17 2 21 35 9 16 55 8 57 223 14 12 16 15 41 51 18 23 2 3 13 24 20 46 52 20 7 4 5 18 10 47 61 72 51 57 46 30 16 38 10 32 17 84 102 61 4 13 3 8 31 178 9 7 10 4 7 20 70 27 42 29 5 23 12 17 120 55 80 3 8 15 21 16 4 53 12 3 5 2 3 24 65 67 22 64 5 19 25 68 3 1 116 1 66 15 15 69 14 117 116 18 67 20 1 5 25 19 20 12 3 20 68 116 20 41 21 13 70 21 1 3 117 13 40 42 20 22 116 13 25 4 4 20 23 1 19 20 20 4 66 13 24 22 15 66 23 14 21 40 22 66 18 13 66 40 19 20 20 13 15 19 22 1 66 22 68 42 19 3 40 117 22 13 13 3 23 14 66 14 20 5 23 67 65 66 116 66 67 5 25 22 21 117 70 66 66 66 68 3 13 20 22 13 66 64 1 21 64 22 22 67 67 15 118 1 5 13 67 20 70 20 20 3 22 18 68 20 70 14 21 23 3 66 66 21 15 65 3 4 5 22 20 24 25 118 2 14 65 20 3 118 118 3 4 4 5 2 2 22 69 4 67 14 24 41 13 4 5 65 3 5 117 14 68 18 5 5 13 25 14 19 25 21 23 5 19 3 21 68 66 64 25 23 64 23 65 4 116 22 14 66 23 42 3 2 4 13 21 4 65 22 65 66 118 3 2 66 15 66 13 67 19 20 19 40 25 1 65 118 19 22 23 3 3 3 20 68 23 15 65 67 22 20 12 1 69 23 67 67 66 64
itemClass_demand 1 1 1 1 1 1 1 1 1 1 1 1 1 1 1 1 1 1 1 1 1 1 1 1 1 1 1 1 1 1 1 1 1 1 1 1 1 1 1 1 1 1 1 1 1 1 1 1 1 1 1 1 1 1 1 1 1 1 1 1 1 1 1 1 1 1 1 1 1 1 1 1 1 1 1 1 1 1 1 1 1 1 1 1 1 1 1 1 1 1 1 1 1 1 1 1 1 1 1 1 1 1 1 1 1 1 1 1 1 1 1 1 1 1 1 1 1 1 1 1 1 1 1 1 1 1 1 1 1 1 1 1 1 1 1 1 1 1 1 1 1 1 1 1 1 1 1 1 1 1 1 1 1 1 1 1 1 1 1 1 1 1 1 1 1 1 1 1 1 1 1 1 1 1 1 1 1 1 1 1 1 1 1 1 1 1 1 1 1 1 1 1 1 1 1 1 1 1 1 1 1 1 1 1 1 1 1 1 1 1 1 1 1 1 1 1 1 1 1 1 1 1 1 1 1 1 1 1 1 1 1 1 1 1 1 1 1 1 1 1 1 1 1 1 1 1 1 1 1 1 1 1 1 1 1 1 1 1 1 1 1 1 1 1 1 1 1 1 1 1 1 1 1 1 1 1 1 1 1 1 1 1 1 1 1 1 1 1 1 1 1 1 1 1 1 1 1 1 1 1 1 1 1 1 1 1 1 1 1 1 1 1 1 1 1 1 1 1 1 1 1 1 1 1 1 1 1 1 1 1 1 1 1 1 1 1 1 1 1 1 1 1 1 1 1 1 1 1 1 1 1 1 1 1 1 1 1 1 1 1 1 1 1 1 1 1 1 1 1 1 1 1 1 1 1 1 1 1 1 1 1 1 1 1 1 1 1 1 1 1 1 1 1 1 1 1 1 1 1 1 1 1 1 1 1 1 1 1 1 1 1 1 1 1 1 1 1 1 1 1 1 1 1 1 1 1 1 1 1 1 1 1 1 1 1 1 1 1 1 1 1 1 1 1 1 1 1 1 1 1 1 1 1 1 1 1 1 1 1 1 1 1 1 1 1 1 1 1 1 1 1 1 1 1 1 1 1 1 1 1 1 1 1 1 1 1 1 1 1 1 1 1 1 1 1 1 1 1 1 1 1 1 1 1 1 1 1 1 1 1 1 1 1 1 1 1 1 1 1 1 1 1 1 1 1 1 1 1 1 1 1 1 1 1 1 1 1 1 1 1 1 1 1 1 1 1 1 1 1 1 1 1 1 1 1 1 1 1 1 1 1 1 1 1 1 1 1 1 1 1 1 1 1 1 1 1 1 1 1 1 1 1 1 1 1 1 1 1 1 1 1 1 1 1 1 1 1 1 1 1
binNumber 10000
binClassNumber 1
binClass_widthVector 600
binClass_lengthVector 600
binClass_disponibility 1000
itemClass_weight 7200 14760 720 5040 4680 1440 7920 8280 23760 8640 42120 24840 6840 7560 24120 1440 23400 3240 8910 660 1650 27390 22110 14520 4290 5940 28050 9570 2640 3300 16500 23760 3630 2640 18150 4290 2380 56100 4080 1020 2380 10880 6800 9860 4760 20060 680 7820 31960 3060 4080 1700 23800 12580 1280 7680 640 5760 27840 27200 13440 3520 3840 2240 2240 12480 37760 1280 21760 1920 12160 8960 6300 4900 2450 12600 9100 9450 11200 11900 3850 25550 14700 14700 9450 12950 27300 15400 2450 15750 2320 14790 11890 24360 6670 2320 4350 4350 12180 14210 4060 5510 2030 22910 3770 8700 580 29000 6300 42000 700 12250 19950 9100 19950 1750 3500 10150 3850 41650 6300 1750 16100 3500 5950 5250 19800 20880 10080 11880 5040 8280 2160 15840 5040 13680 2160 17640 7560 1800 5760 34200 11160 23040 2310 4950 2310 23760 9570 9570 41910 4950 21120 10890 1650 7260 17820 6600 6270 3960 3630 19470 10440 11520 10440 9360 34560 7920 5040 27360 7560 360 9000 10800 11880 13680 5400 25200 7920 7560 21120 20480 22400 11840 7040 4480 4160 20480 320 320 6080 7680 10880 7040 31360 1600 7680 7040 13200 9600 8400 12600 6600 26700 14100 8100 1800 1200 1200 4200 5100 9300 36600 3000 3600 14700 42160 20460 13330 10850 10540 10540 4960 1550 9300 930 2170 13330 7750 5890 310 5270 7750 18910 34560 8640 1800 9000 4680 12600 6480 6480 6480 22680 26640 360 40680 7920 6120 720 7560 12600 3060 5440 18700 2720 19380 75820 4760 4080 5440 5100 13940 17340 6120 7820 680 1020 4420 8160 6400 14720 16640 6400 2240 1280 1600 5760 3200 15040 19520 23040 16320 18240 14720 9600 5120 12160 3400 10880 5780 28560 34680 20740 1360 4420 1020 2720 10540 60520 3060 2380 3400 1360 2380 6800 22400 8640 13440 9280 1600 7360 3840 5440 38400 17600 25600 960 2560 4800 6720 5120 1280 16960 4572 1173 1855 740 1182 9048 24115 24254 8558 24832 1810 7334 9150 26860 1137 362 42572 384 25278 5835 5805 25323 5250 45747 42456 6750 26465 7700 389 1900 9100 7448 7440 4428 1155 7560 25976 44312 7460 15334 7959 4706 26880 7728 391 1176 43524 4784 14560 16002 7900 8030 45472 5044 9775 1504 1492 7420 9062 372 7524 7740 7660 1488 26070 5031 9360 7942 5925 24420 8326 5446 8085 14560 8316 24618 6768 5096 24288 15520 7467 7840 7500 5057 5685 7467 8118 362 25080 7942 26588 15414 7448 1152 15360 46449 8382 5083 4810 1095 8901 5138 26136 5334 7760 1975 8717 24723 24245 24618 46052 24288 25728 1840 9825 8492 8064 44460 25270 24948 26070 25542 25908 1125 5109 7500 8294 5083 24750 24384 368 7623 25088 8470 8712 25929 26331 5775 44132 366 1965 4875 26532 7760 27510 7260 7800 1170 8294 7092 26112 7380 27510 5376 8274 8694 1092 24354 24090 7917 5655 25545 1152 1456 1815 8096 7660 8736 9900 45666 766 5544 23790 7260 1083 44014 43542 1146 1528 1588 1875 728 778 8580 25116 1492 25460 5362 9216 14883 5109 1524 1875 23855 1182 1915 45045 5488 25704 7146 1860 1900 5135 9900 5502 7277 9925 8148 8901 1965 7011 1143 7644 26248 25080 25408 9025 8740 24640 8395 25545 1444 43616 8448 5474 24288 8464 15792 1092 780 1488 4862 8295 1548 23530 8140 23660 23826 46256 1107 766 24486 5700 24948 5044 24321 7163 7880 7524 14520 9775 365 24505 44604 7201 8404 9062 1092 1107 1089 7300 25840 8786 5580 23595 26197 8338 7600 4584 394 25668 8924 24991 25996 24486 24448
