itemNumber 50
itemClassNumber 50
itemClass_widthVector 9 8 7 6 5 4 9 8 7 6 5 4 8 7 6 5 4 3 8 7 6 5 4 3 9 8 7 6 5 4 7 6 5 4 3 2 8 10 7 10 8 6 7 9 9 8 10 7 10 6
itemClass_lengthVector 8 10 17 8 3 4 9 17 15 3 3 3 5 3 27 6 5 4 2 20 2 4 5 17 8 6 2 10 10 14 13 22 1 3 9 2 16 7 9 9 16 4 9 10 9 16 9 8 9 3
itemClass_demand 1 1 1 1 1 1 1 1 1 1 1 1 1 1 1 1 1 1 1 1 1 1 1 1 1 1 1 1 1 1 1 1 1 1 1 1 1 1 1 1 1 1 1 1 1 1 1 1 1 1
binNumber 10000
binClassNumber 1
binClass_widthVector 50
binClass_lengthVector 50
binClass_disponibility 1000
itemClass_weight 720 900 1530 720 270 360 810 1530 1350 270 270 270 400 240 2160 480 400 320 160 1600 160 320 400 1360 720 540 180 900 900 1260 910 1540 70 210 630 140 1536 637 882 855 1456 388 837 920 864 1552 855 792 846 285
