itemNumber 140
itemClassNumber 140
itemClass_widthVector 14 13 12 11 10 9 8 7 6 15 14 13 12 11 10 9 8 7 15 14 13 12 11 10 9 8 7 17 16 15 14 13 12 11 10 9 17 16 15 14 13 12 11 10 9 16 15 14 13 12 11 10 9 8 15 14 13 12 11 10 9 8 7 17 16 15 14 13 12 11 10 9 14 13 12 11 10 9 8 7 6 14 14 16 14 15 12 8 8 12 12 8 8 8 14 12 16 13 13 13 8 12 14 13 8 8 15 16 10 15 14 15 16 8 11 16 14 10 12 9 8 8 14 15 14 9 9 13 16 12 13 9 8 12 10 9 9 14 10 9
itemClass_lengthVector 6 22 24 15 2 11 4 22 34 26 15 36 25 3 4 4 16 11 2 29 86 1 5 4 2 5 6 30 3 35 5 3 28 12 6 18 5 13 8 82 8 3 1 10 10 3 15 11 11 12 58 10 1 19 7 10 34 3 18 4 44 15 5 11 15 4 10 27 51 2 12 8 11 13 58 11 1 12 6 6 22 23 23 7 25 6 15 21 22 15 15 23 22 21 22 2 7 16 14 25 21 2 23 14 21 22 21 6 10 23 21 23 5 22 1 5 23 11 14 4 21 21 25 21 25 3 4 25 5 3 25 5 23 2 10 3 5 23 12 4
itemClass_demand 1 1 1 1 1 1 1 1 1 1 1 1 1 1 1 1 1 1 1 1 1 1 1 1 1 1 1 1 1 1 1 1 1 1 1 1 1 1 1 1 1 1 1 1 1 1 1 1 1 1 1 1 1 1 1 1 1 1 1 1 1 1 1 1 1 1 1 1 1 1 1 1 1 1 1 1 1 1 1 1 1 1 1 1 1 1 1 1 1 1 1 1 1 1 1 1 1 1 1 1 1 1 1 1 1 1 1 1 1 1 1 1 1 1 1 1 1 1 1 1 1 1 1 1 1 1 1 1 1 1 1 1 1 1 1 1 1 1 1 1
binNumber 10000
binClassNumber 1
binClass_widthVector 140
binClass_lengthVector 140
binClass_disponibility 1000
itemClass_weight 840 3080 3360 2100 280 1540 560 3080 4760 3900 2250 5400 3750 450 600 600 2400 1650 300 4350 12900 150 750 600 300 750 900 5100 510 5950 850 510 4760 2040 1020 3060 850 2210 1360 13940 1360 510 170 1700 1700 480 2400 1760 1760 1920 9280 1600 160 3040 1050 1500 5100 450 2700 600 6600 2250 750 1870 2550 680 1700 4590 8670 340 2040 1360 1540 1820 8120 1540 140 1680 840 840 3080 3473 3542 987 3600 858 2250 3192 3300 2265 2190 3427 3300 3150 3234 296 987 2384 2058 3575 2982 300 3496 2016 3045 3146 3213 930 1430 3243 3171 3266 760 3212 150 775 3404 1562 2030 576 3192 3003 3575 2982 3725 450 584 3875 770 444 3800 770 3427 306 1430 456 720 3542 1776 596
