itemNumber 700
itemClassNumber 700
itemClass_widthVector 36 35 34 33 32 31 30 29 28 27 26 25 24 23 22 21 20 19 18 37 36 35 34 33 32 31 30 29 28 27 26 25 24 23 22 21 20 19 34 33 32 31 30 29 28 27 26 25 24 23 22 21 20 19 18 17 16 41 40 39 38 37 36 35 34 33 32 31 30 29 28 27 26 25 24 23 36 35 34 33 32 31 30 29 28 27 26 25 24 23 22 21 20 19 18 35 34 33 32 31 30 29 28 27 26 25 24 23 22 21 20 19 18 17 39 38 37 36 35 34 33 32 31 30 29 28 27 26 25 24 23 22 21 35 34 33 32 31 30 29 28 27 26 25 24 23 22 21 20 19 18 17 37 36 35 34 33 32 31 30 29 28 27 26 25 24 23 22 21 20 19 37 36 35 34 33 32 31 30 29 28 27 26 25 24 23 22 21 20 19 34 33 32 31 30 29 28 27 26 25 24 23 22 21 20 19 18 17 16 39 38 37 36 35 34 33 32 31 30 29 28 27 26 25 24 23 22 21 36 35 34 33 32 31 30 29 28 27 26 25 24 23 22 21 20 19 18 40 39 38 37 36 35 34 33 32 31 30 29 28 27 26 25 24 23 22 34 33 32 31 30 29 28 27 26 25 24 23 22 21 20 19 18 17 16 34 33 32 31 30 29 28 27 26 25 24 23 22 21 20 19 18 17 16 38 37 36 35 34 33 32 31 30 29 28 27 26 25 24 23 22 21 20 38 37 36 35 34 33 32 31 30 29 28 27 26 25 24 23 22 21 20 40 39 38 37 36 35 34 33 32 31 30 29 28 27 26 25 24 23 22 23 21 36 28 38 38 29 30 36 38 39 29 23 32 39 26 32 23 20 20 35 24 22 26 32 28 36 34 30 23 33 32 23 25 27 25 21 23 28 23 26 34 32 34 37 34 25 37 28 21 25 35 34 37 28 29 39 24 37 25 27 34 27 23 27 32 27 36 23 37 36 30 31 39 34 32 27 31 23 36 29 37 38 24 29 23 34 30 38 28 23 36 31 28 25 36 36 27 40 25 32 37 36 31 25 36 36 36 26 30 22 28 23 39 26 31 28 33 32 33 24 34 30 28 30 25 38 24 39 37 31 23 37 37 31 25 27 34 23 23 33 27 30 30 21 37 38 38 29 24 34 26 26 39 26 34 26 35 35 27 30 39 26 34 35 27 37 25 31 26 37 23 36 37 28 35 33 25 23 39 22 26 34 29 29 29 37 26 25 24 30 21 21 23 34 24 27 24 36 38 28 30 37 40 24 27 20 34 27 24 29 28 25 35 35 32 22 30 23 29 36 34 33 31 36 37 35 32 38 29 25 24 37 34 34 28 33 21 40 23 32 34 29 36 26 36 21 30 33 25 29 40 24 30 32 35 38 29 37 29 33 32 33 27 21 33 23 37 22 21 38 23 40 23 35 39 21 25 20 24 37 22 38 25 35 23 31 29 25 32 35 21 35 38 20 37 36 29 25 34 36 24 33 20 29 27 24 25 23 30 39 39 25 30 24 30 37 34 33 21 34 37 34 23 34 26 27 29 30 25 33 30 38 25 29 34 32 35 27
itemClass_lengthVector 63 52 31 39 4 6 70 22 33 15 8 60 125 16 36 17 31 39 33 7 24 29 31 2 6 2 75 23 3 43 120 46 2 30 12 15 55 175 19 49 46 9 16 53 74 26 67 4 122 3 23 2 24 62 25 35 41 34 6 60 21 64 24 2 2 31 109 34 26 69 20 36 57 39 6 60 5 5 21 113 77 18 27 18 67 13 25 52 13 10 35 49 100 30 22 52 4 32 69 9 34 2 40 105 24 18 142 7 2 32 41 59 10 18 4 21 34 47 10 5 43 16 65 4 43 14 17 1 17 84 31 33 211 71 46 19 21 14 41 38 14 71 13 38 4 103 24 56 24 87 7 9 22 144 14 24 42 65 35 62 8 20 24 3 88 19 1 29 1 83 16 48 57 7 18 4 105 29 48 66 24 111 1 4 42 56 45 2 30 3 11 41 20 55 58 49 96 4 38 51 39 81 8 3 38 37 13 11 47 29 47 37 61 44 72 6 74 25 4 36 28 30 83 52 7 23 17 25 77 7 62 10 38 34 49 11 30 49 5 5 23 33 48 91 51 57 20 118 8 12 2 14 87 7 15 3 36 52 3 7 76 53 138 43 25 1 2 20 24 49 45 39 67 25 58 94 6 47 23 28 4 100 19 44 6 58 39 4 14 27 76 36 49 61 2 10 24 31 80 3 14 88 7 77 90 2 24 61 64 3 119 21 58 15 7 15 16 3 8 31 128 6 29 11 26 15 134 30 4 1 35 31 68 1 10 25 7 17 64 17 182 22 51 35 13 69 11 10 12 35 41 13 1 54 116 52 16 20 9 33 109 32 32 5 14 62 30 33 33 31 52 51 9 30 71 52 17 6 18 39 40 7 16 18 17 21 9 5 70 16 16 7 22 30 125 61 125 32 31 9 35 125 71 69 5 63 40 35 30 16 30 126 5 40 62 14 34 64 37 51 17 59 5 59 31 9 6 8 51 31 52 38 33 71 52 3 7 61 32 32 53 9 62 32 16 33 16 38 14 62 7 16 52 23 59 16 3 51 124 62 37 22 31 53 70 124 5 32 31 17 16 31 7 37 64 15 71 60 71 22 3 16 6 14 59 14 17 64 35 53 53 33 36 38 38 23 16 7 7 36 17 70 126 33 34 40 32 53 51 7 18 40 16 16 62 15 69 17 39 5 124 33 64 60 5 39 59 52 125 22 17 62 18 53 62 61 32 6 15 35 62 30 126 38 34 9 9 32 16 15 17 33 39 32 17 39 17 7 15 51 52 60 15 32 63 18 124 39 71 8 36 14 15 15 38 4 21 18 16 17 34 53 7 7 70 53 39 5 23 52 33 35 16 32 40 3 15 70 32 64 32 7 40 16 30 17 31 38 32 5 37 34 64 37 34 22 5 53 15 62 9 4 71 3 9 30 70 37 63 16 30 64 36 64 31 38 63 30 35 39 35 53 32 52 17 3 18 22 7 36 5 5 39 40 51 38 53 4 34 125 71 4 18 5 38 32 126 16 37 30 33 51 62 126 32 17 16 62 7 71 40 7 51 40 16 4 124 124 16 33 126 71 22 52 35 34 4 69 39 9
itemClass_demand 1 1 1 1 1 1 1 1 1 1 1 1 1 1 1 1 1 1 1 1 1 1 1 1 1 1 1 1 1 1 1 1 1 1 1 1 1 1 1 1 1 1 1 1 1 1 1 1 1 1 1 1 1 1 1 1 1 1 1 1 1 1 1 1 1 1 1 1 1 1 1 1 1 1 1 1 1 1 1 1 1 1 1 1 1 1 1 1 1 1 1 1 1 1 1 1 1 1 1 1 1 1 1 1 1 1 1 1 1 1 1 1 1 1 1 1 1 1 1 1 1 1 1 1 1 1 1 1 1 1 1 1 1 1 1 1 1 1 1 1 1 1 1 1 1 1 1 1 1 1 1 1 1 1 1 1 1 1 1 1 1 1 1 1 1 1 1 1 1 1 1 1 1 1 1 1 1 1 1 1 1 1 1 1 1 1 1 1 1 1 1 1 1 1 1 1 1 1 1 1 1 1 1 1 1 1 1 1 1 1 1 1 1 1 1 1 1 1 1 1 1 1 1 1 1 1 1 1 1 1 1 1 1 1 1 1 1 1 1 1 1 1 1 1 1 1 1 1 1 1 1 1 1 1 1 1 1 1 1 1 1 1 1 1 1 1 1 1 1 1 1 1 1 1 1 1 1 1 1 1 1 1 1 1 1 1 1 1 1 1 1 1 1 1 1 1 1 1 1 1 1 1 1 1 1 1 1 1 1 1 1 1 1 1 1 1 1 1 1 1 1 1 1 1 1 1 1 1 1 1 1 1 1 1 1 1 1 1 1 1 1 1 1 1 1 1 1 1 1 1 1 1 1 1 1 1 1 1 1 1 1 1 1 1 1 1 1 1 1 1 1 1 1 1 1 1 1 1 1 1 1 1 1 1 1 1 1 1 1 1 1 1 1 1 1 1 1 1 1 1 1 1 1 1 1 1 1 1 1 1 1 1 1 1 1 1 1 1 1 1 1 1 1 1 1 1 1 1 1 1 1 1 1 1 1 1 1 1 1 1 1 1 1 1 1 1 1 1 1 1 1 1 1 1 1 1 1 1 1 1 1 1 1 1 1 1 1 1 1 1 1 1 1 1 1 1 1 1 1 1 1 1 1 1 1 1 1 1 1 1 1 1 1 1 1 1 1 1 1 1 1 1 1 1 1 1 1 1 1 1 1 1 1 1 1 1 1 1 1 1 1 1 1 1 1 1 1 1 1 1 1 1 1 1 1 1 1 1 1 1 1 1 1 1 1 1 1 1 1 1 1 1 1 1 1 1 1 1 1 1 1 1 1 1 1 1 1 1 1 1 1 1 1 1 1 1 1 1 1 1 1 1 1 1 1 1 1 1 1 1 1 1 1 1 1 1 1 1 1 1 1 1 1 1 1 1 1 1 1 1 1 1 1 1 1 1 1 1 1 1 1 1 1 1 1 1 1 1 1 1 1 1 1 1 1 1 1 1 1 1 1 1 1 1 1 1 1 1 1 1 1 1 1 1 1 1 1 1 1 1 1 1 1 1 1 1 1 1 1 1 1 1 1 1 1 1 1 1 1 1 1 1 1 1 1 1 1 1 1 1 1 1 1 1 1 1 1 1 1 1
binNumber 10000
binClassNumber 1
binClass_widthVector 700
binClass_lengthVector 700
binClass_disponibility 1000
itemClass_weight 22680 18720 11160 14040 1440 2160 25200 7920 11880 5400 2880 21600 45000 5760 12960 6120 11160 14040 11880 2590 8880 10730 11470 740 2220 740 27750 8510 1110 15910 44400 17020 740 11100 4440 5550 20350 64750 6460 16660 15640 3060 5440 18020 25160 8840 22780 1360 41480 1020 7820 680 8160 21080 8500 11900 13940 13940 2460 24600 8610 26240 9840 820 820 12710 44690 13940 10660 28290 8200 14760 23370 15990 2460 24600 1800 1800 7560 40680 27720 6480 9720 6480 24120 4680 9000 18720 4680 3600 12600 17640 36000 10800 7920 18200 1400 11200 24150 3150 11900 700 14000 36750 8400 6300 49700 2450 700 11200 14350 20650 3500 6300 1560 8190 13260 18330 3900 1950 16770 6240 25350 1560 16770 5460 6630 390 6630 32760 12090 12870 82290 24850 16100 6650 7350 4900 14350 13300 4900 24850 4550 13300 1400 36050 8400 19600 8400 30450 2450 3150 8140 53280 5180 8880 15540 24050 12950 22940 2960 7400 8880 1110 32560 7030 370 10730 370 30710 5920 17760 21090 2590 6660 1480 38850 10730 17760 24420 8880 41070 370 1480 15540 20720 16650 740 11100 1110 3740 13940 6800 18700 19720 16660 32640 1360 12920 17340 13260 27540 2720 1020 12920 12580 4420 3740 15980 11310 18330 14430 23790 17160 28080 2340 28860 9750 1560 14040 10920 11700 32370 20280 2730 8970 6630 9750 27720 2520 22320 3600 13680 12240 17640 3960 10800 17640 1800 1800 8280 11880 17280 32760 18360 20520 7200 47200 3200 4800 800 5600 34800 2800 6000 1200 14400 20800 1200 2800 30400 21200 55200 17200 10000 400 680 6800 8160 16660 15300 13260 22780 8500 19720 31960 2040 15980 7820 9520 1360 34000 6460 14960 2040 19720 13260 1360 4760 9180 25840 12240 16660 20740 680 3400 8160 10540 27200 1020 4760 29920 2380 26180 34200 760 9120 23180 24320 1140 45220 7980 22040 5700 2660 5700 6080 1140 3040 11780 48640 2280 11020 4180 9880 5700 50920 11400 1520 380 13300 11780 25840 380 3800 9500 2660 6460 24320 6460 69160 8360 20400 14000 5200 27600 4400 4000 4800 14000 16400 5200 400 21600 46400 20800 6400 8000 3600 13200 43600 12160 12512 1870 5502 23374 11400 12243 13068 11687 20072 18666 3420 11070 27761 19084 6596 2250 6840 14820 15480 2576 6272 6786 6239 7896 3474 1975 25480 6016 5808 2541 8712 10980 48500 23424 48375 11904 12214 3321 13615 45875 27903 25599 1920 24192 15040 13510 11010 5872 11280 46872 1955 15800 24304 5166 13022 24256 14689 18462 6477 21476 1825 23069 11687 3375 2178 2952 19686 11191 20020 13718 12837 25702 19656 1095 2772 23302 12704 11712 19557 3339 23064 12704 6080 12309 6144 13908 5306 24118 2590 6112 20592 8947 21712 6336 1167 19329 45260 24366 14430 8184 12028 20617 27720 45012 1865 12640 11904 6477 5776 12059 2611 14356 24832 5940 26838 22080 27761 8184 1149 6048 2232 5152 21358 5264 6392 23744 13510 20776 20034 12144 13284 14402 14896 8878 6048 2716 2751 14220 6171 25690 48510 12837 12580 15680 11904 20829 18513 2611 6966 15520 5888 6064 22754 5730 27117 6443 14898 1895 48484 12705 25408 22260 1885 15327 22302 19188 46625 8052 6715 24490 6624 20723 24180 22814 12704 2250 5445 12775 22444 11130 48888 14934 12308 3330 3510 11872 6240 5880 6715 12210 14976 11584 6443 14079 6273 2555 5490 19788 20280 22680 5670 12256 24003 6714 45880 15093 26838 3048 13788 5082 5880 5580 14706 1516 8043 6786 6064 6545 12342 19292 2548 2681 26810 19504 14859 1810 8533 19136 12309 13580 6112 12480 15480 1176 5475 27160 11808 24704 11584 2751 14520 6304 11880 6154 11439 15048 11872 1890 13542 12682 24064 13949 13090 7942 1835 20458 5490 23436 3555 1484 25844 1176 3348 11820 25480 13505 23373 6192 11640 24960 13680 23232 11935 14896 23940 10950 13160 15210 13265 19822 11808 19344 6511 1086 7092 8272 2709 13572 1845 1870 14157 15720 19125 14174 20511 1448 12376 46625 26696 1456 6804 1825 14060 11776 47628 6000 14060 11640 12111 18615 23188 48888 12384 6324 6256 24428 2737 26980 15080 2772 18666 15800 5888 1576 44888 45384 5984 12078 46872 28045 8558 20592 13895 13022 1456 26772 15366 3267
