itemNumber 100
itemClassNumber 100
itemClass_widthVector 13 12 11 10 9 8 7 6 13 12 11 10 9 8 7 6 13 12 11 10 9 8 7 6 12 11 10 9 8 7 6 5 12 11 10 9 8 7 6 5 12 11 10 9 8 7 6 5 13 12 11 10 9 8 7 6 12 11 10 9 8 7 6 5 15 12 9 14 14 8 10 14 14 15 14 15 12 15 13 8 13 14 13 10 10 14 9 8 11 12 13 8 11 10 14 11 12 14 15 15
itemClass_lengthVector 4 6 18 10 18 13 27 4 18 12 3 13 17 8 26 3 18 39 14 8 8 7 2 4 17 17 2 15 8 15 4 22 1 49 5 5 21 3 9 7 26 7 12 36 10 4 3 2 24 1 13 6 29 2 19 6 1 11 5 23 4 24 15 17 4 11 12 4 6 26 17 7 7 4 3 5 10 4 5 26 19 4 18 18 18 4 12 28 10 17 7 27 11 17 7 10 18 3 3 4
itemClass_demand 1 1 1 1 1 1 1 1 1 1 1 1 1 1 1 1 1 1 1 1 1 1 1 1 1 1 1 1 1 1 1 1 1 1 1 1 1 1 1 1 1 1 1 1 1 1 1 1 1 1 1 1 1 1 1 1 1 1 1 1 1 1 1 1 1 1 1 1 1 1 1 1 1 1 1 1 1 1 1 1 1 1 1 1 1 1 1 1 1 1 1 1 1 1 1 1 1 1 1 1
binNumber 10000
binClassNumber 1
binClass_widthVector 100
binClass_lengthVector 100
binClass_disponibility 1000
itemClass_weight 520 780 2340 1300 2340 1690 3510 520 2340 1560 390 1690 2210 1040 3380 390 2340 5070 1820 1040 1040 910 260 520 2040 2040 240 1800 960 1800 480 2640 120 5880 600 600 2520 360 1080 840 3120 840 1440 4320 1200 480 360 240 3120 130 1690 780 3770 260 2470 780 120 1320 600 2760 480 2880 1800 2040 532 1474 1716 568 846 3562 2431 959 959 552 420 670 1360 532 680 3510 2565 528 2520 2448 2574 556 1608 3696 1360 2414 973 3780 1584 2380 973 1390 2448 426 432 532
