itemNumber 150
itemClassNumber 150
itemClass_widthVector 17 16 15 14 13 12 11 10 9 17 16 15 14 13 12 11 10 9 19 18 17 16 15 14 13 12 11 16 15 14 13 12 11 10 9 8 17 16 15 14 13 12 11 10 9 15 14 13 12 11 10 9 8 7 16 15 14 13 12 11 10 9 8 16 15 14 13 12 11 10 9 8 17 16 15 14 13 12 11 10 9 16 17 13 15 12 15 13 18 14 14 12 16 14 15 17 13 15 13 16 15 11 17 18 14 12 17 13 13 14 13 12 13 17 15 17 17 16 17 14 17 12 13 13 15 15 13 18 19 12 18 16 19 17 16 14 12 13 14 16 19 12 11 11 14 12 16 14 14 18
itemClass_lengthVector 8 46 46 3 14 1 7 5 20 17 8 5 37 30 1 1 23 28 10 28 12 64 3 9 13 10 1 39 12 22 7 12 37 2 5 14 9 36 21 11 20 5 5 2 41 36 8 16 28 17 7 33 1 4 28 11 1 53 32 5 4 1 15 1 8 7 38 30 10 34 21 1 28 4 8 58 18 6 6 21 1 2 45 1 4 8 15 1 47 2 15 5 3 2 3 45 6 15 6 4 4 4 47 7 13 6 47 1 1 1 1 6 6 47 13 45 45 4 45 1 45 6 8 2 15 14 6 46 8 8 7 46 9 46 47 2 7 1 1 46 8 5 5 5 2 6 45 13 13 8
itemClass_demand 1 1 1 1 1 1 1 1 1 1 1 1 1 1 1 1 1 1 1 1 1 1 1 1 1 1 1 1 1 1 1 1 1 1 1 1 1 1 1 1 1 1 1 1 1 1 1 1 1 1 1 1 1 1 1 1 1 1 1 1 1 1 1 1 1 1 1 1 1 1 1 1 1 1 1 1 1 1 1 1 1 1 1 1 1 1 1 1 1 1 1 1 1 1 1 1 1 1 1 1 1 1 1 1 1 1 1 1 1 1 1 1 1 1 1 1 1 1 1 1 1 1 1 1 1 1 1 1 1 1 1 1 1 1 1 1 1 1 1 1 1 1 1 1 1 1 1 1 1 1
binNumber 10000
binClassNumber 1
binClass_widthVector 150
binClass_lengthVector 150
binClass_disponibility 1000
itemClass_weight 1360 7820 7820 510 2380 170 1190 850 3400 2890 1360 850 6290 5100 170 170 3910 4760 1900 5320 2280 12160 570 1710 2470 1900 190 6240 1920 3520 1120 1920 5920 320 800 2240 1530 6120 3570 1870 3400 850 850 340 6970 5400 1200 2400 4200 2550 1050 4950 150 600 4480 1760 160 8480 5120 800 640 160 2400 160 1280 1120 6080 4800 1600 5440 3360 160 4760 680 1360 9860 3060 1020 1020 3570 170 348 7695 187 724 1368 2595 180 8554 364 2655 900 549 368 537 8055 1080 2685 1068 712 728 732 8648 1239 2405 1038 8131 175 172 182 182 1074 1038 8131 2301 8460 8100 696 8010 176 7740 1104 1488 360 2625 2478 1116 7912 1456 1400 1295 8372 1638 8556 8742 364 1225 178 186 8234 1432 915 930 870 364 1062 7785 2379 2223 1448
