itemNumber 400
itemClassNumber 400
itemClass_widthVector 24 23 22 21 20 19 18 17 16 15 14 13 12 11 10 27 26 25 24 23 22 21 20 19 18 17 16 15 14 13 29 28 27 26 25 24 23 22 21 20 19 18 17 16 15 29 28 27 26 25 24 23 22 21 20 19 18 17 16 15 29 28 27 26 25 24 23 22 21 20 19 18 17 16 15 23 22 21 20 19 18 17 16 15 14 13 12 11 10 9 25 24 23 22 21 20 19 18 17 16 15 14 13 12 11 24 23 22 21 20 19 18 17 16 15 14 13 12 11 10 26 25 24 23 22 21 20 19 18 17 16 15 14 13 12 29 28 27 26 25 24 23 22 21 20 19 18 17 16 15 26 25 24 23 22 21 20 19 18 17 16 15 14 13 12 26 25 24 23 22 21 20 19 18 17 16 15 14 13 12 28 27 26 25 24 23 22 21 20 19 18 17 16 15 14 26 25 24 23 22 21 20 19 18 17 16 15 14 13 12 29 28 27 26 25 24 23 22 21 20 19 18 17 16 15 21 19 14 24 20 16 27 18 15 21 15 17 22 18 18 15 15 26 16 21 15 20 17 26 21 13 13 20 24 26 20 24 27 16 17 23 23 14 18 12 20 13 15 13 18 18 17 19 22 14 16 18 16 17 14 16 18 20 16 15 27 24 12 17 14 17 13 18 18 21 25 15 15 17 21 13 17 23 13 16 17 14 24 22 20 22 15 18 23 25 21 24 15 23 24 13 22 15 15 14 20 19 13 16 15 16 25 21 19 25 18 24 12 17 22 23 24 13 21 15 27 20 17 17 23 14 24 12 16 21 23 16 14 17 13 25 23 21 22 17 21 18 12 14 20 19 25 18 21 14 25 20 22 14 13 18 15 14 23 17 25 16 13 18 25 15 13 12 21 23 20 24 13 27 20
itemClass_lengthVector 2 13 34 59 29 63 22 7 21 62 45 13 21 2 7 12 40 44 17 6 30 28 37 22 49 38 6 18 43 10 45 11 28 104 4 33 36 20 59 6 14 18 20 1 1 3 135 39 4 16 39 27 1 17 15 16 26 36 6 20 15 2 20 10 44 2 25 13 151 1 17 8 18 19 55 13 46 28 53 11 14 68 10 12 16 61 5 23 5 35 19 64 30 106 10 2 29 5 14 44 25 8 5 8 31 5 15 47 15 6 24 18 84 22 52 2 2 11 78 19 10 60 11 22 7 27 8 23 6 32 14 69 25 32 54 54 5 11 51 29 24 1 14 62 32 14 13 57 28 5 7 1 16 23 9 3 83 10 60 23 39 15 26 29 56 6 8 7 31 55 23 22 10 1 82 37 52 31 7 28 42 4 1 47 8 5 20 17 14 27 45 48 56 52 14 6 5 1 25 1 1 86 13 11 57 77 43 48 11 15 17 48 8 19 14 48 8 118 4 36 25 9 16 13 17 29 23 13 33 23 61 1 22 46 63 13 63 58 22 20 13 14 12 62 29 12 23 20 13 30 22 1 21 35 13 21 59 1 61 61 34 59 21 21 1 21 20 12 22 21 22 21 8 30 22 45 20 63 63 13 63 20 22 63 12 2 35 1 61 22 21 2 8 20 62 35 12 13 20 28 3 22 30 3 63 21 21 59 60 22 59 46 8 29 33 63 14 45 59 12 22 60 14 45 12 21 21 2 62 13 61 1 63 21 2 20 33 2 20 28 58 35 1 64 46 3 63 21 21 30 20 12 2 44 62 35 44 13 21 21 2 29 29 28 22 64 6 2 12 23 22 12 21 63 14 12 63 29 13 20 21 14 22 29 22 34 61 21 22 12 46 20 2 63 60 22 59 2 3 23
itemClass_demand 1 1 1 1 1 1 1 1 1 1 1 1 1 1 1 1 1 1 1 1 1 1 1 1 1 1 1 1 1 1 1 1 1 1 1 1 1 1 1 1 1 1 1 1 1 1 1 1 1 1 1 1 1 1 1 1 1 1 1 1 1 1 1 1 1 1 1 1 1 1 1 1 1 1 1 1 1 1 1 1 1 1 1 1 1 1 1 1 1 1 1 1 1 1 1 1 1 1 1 1 1 1 1 1 1 1 1 1 1 1 1 1 1 1 1 1 1 1 1 1 1 1 1 1 1 1 1 1 1 1 1 1 1 1 1 1 1 1 1 1 1 1 1 1 1 1 1 1 1 1 1 1 1 1 1 1 1 1 1 1 1 1 1 1 1 1 1 1 1 1 1 1 1 1 1 1 1 1 1 1 1 1 1 1 1 1 1 1 1 1 1 1 1 1 1 1 1 1 1 1 1 1 1 1 1 1 1 1 1 1 1 1 1 1 1 1 1 1 1 1 1 1 1 1 1 1 1 1 1 1 1 1 1 1 1 1 1 1 1 1 1 1 1 1 1 1 1 1 1 1 1 1 1 1 1 1 1 1 1 1 1 1 1 1 1 1 1 1 1 1 1 1 1 1 1 1 1 1 1 1 1 1 1 1 1 1 1 1 1 1 1 1 1 1 1 1 1 1 1 1 1 1 1 1 1 1 1 1 1 1 1 1 1 1 1 1 1 1 1 1 1 1 1 1 1 1 1 1 1 1 1 1 1 1 1 1 1 1 1 1 1 1 1 1 1 1 1 1 1 1 1 1 1 1 1 1 1 1 1 1 1 1 1 1 1 1 1 1 1 1 1 1 1 1 1 1 1 1 1 1 1 1 1 1 1 1 1 1 1 1 1 1 1 1 1 1 1 1 1 1
binNumber 10000
binClassNumber 1
binClass_widthVector 400
binClass_lengthVector 400
binClass_disponibility 1000
itemClass_weight 480 3120 8160 14160 6960 15120 5280 1680 5040 14880 10800 3120 5040 480 1680 3240 10800 11880 4590 1620 8100 7560 9990 5940 13230 10260 1620 4860 11610 2700 13050 3190 8120 30160 1160 9570 10440 5800 17110 1740 4060 5220 5800 290 290 870 39150 11310 1160 4640 11310 7830 290 4930 4350 4640 7540 10440 1740 5800 4350 580 5800 2900 12760 580 7250 3770 43790 290 4930 2320 5220 5510 15950 2990 10580 6440 12190 2530 3220 15640 2300 2760 3680 14030 1150 5290 1150 8050 4750 16000 7500 26500 2500 500 7250 1250 3500 11000 6250 2000 1250 2000 7750 1200 3600 11280 3600 1440 5760 4320 20160 5280 12480 480 480 2640 18720 4560 2600 15600 2860 5720 1820 7020 2080 5980 1560 8320 3640 17940 6500 8320 14040 15660 1450 3190 14790 8410 6960 290 4060 17980 9280 4060 3770 16530 8120 1450 1820 260 4160 5980 2340 780 21580 2600 15600 5980 10140 3900 6760 7540 14560 1560 2080 1820 8060 14300 5980 5720 2600 260 21320 9620 13520 8060 1820 7280 11760 1120 280 13160 2240 1400 5600 4760 3920 7560 12600 13440 15680 14560 3920 1560 1300 260 6500 260 260 22360 3380 2860 14820 20020 11180 12480 2860 3900 4930 13920 2320 5510 4060 13920 2320 34220 1160 10440 7250 2610 4640 3770 4930 7569 5566 3367 8217 5658 15616 251 5764 11408 15624 3354 16443 15370 5412 5000 3198 3640 3084 15190 7511 3144 5819 5140 3172 7350 5610 254 5355 8645 3354 5229 15222 255 15921 15067 8772 15281 5166 5334 259 5124 5180 3144 5346 5334 5830 5124 2016 7530 5368 11115 5220 16065 16632 3315 15876 5180 5720 16128 3132 522 8715 265 15189 5764 5355 492 1992 4860 14942 8610 3132 3211 5020 7364 765 5412 7890 756 15939 5376 5523 15517 15600 5830 14337 11914 2080 7134 8415 15624 3682 10980 15104 2904 5830 15360 3514 11700 2976 5355 5208 516 15810 3328 14823 256 15561 5061 524 4980 8613 484 4840 6804 15138 9170 253 15936 11408 738 15876 5523 5523 7920 4920 2964 484 11308 15004 8925 11660 3432 5229 5250 528 7105 7598 6944 5522 16576 1566 500 3024 5612 5698 3132 5250 15813 3598 3168 16065 7308 3367 4840 5208 3528 5566 7279 5302 8432 15006 5124 5786 2916 11178 5140 518 15624 14880 5676 14337 494 795 5589
