itemNumber 90
itemClassNumber 90
itemClass_widthVector 14 13 12 11 10 9 8 13 12 11 10 9 8 7 14 13 12 11 10 9 8 13 12 11 10 9 8 7 12 11 10 9 8 7 6 12 11 10 9 8 7 6 12 11 10 9 8 7 6 14 13 11 12 10 13 10 12 14 14 15 12 15 14 12 10 10 12 15 15 14 15 12 13 13 15 14 15 10 14 11 14 14 16 13 11 15 13 10 10 14
itemClass_lengthVector 12 8 2 15 49 2 2 11 22 6 18 7 24 2 9 4 19 8 1 3 46 19 1 22 22 10 10 6 11 7 16 7 40 2 7 24 9 9 5 9 18 16 5 6 1 30 15 1 32 2 3 50 48 2 15 1 15 7 7 11 50 8 7 48 2 2 15 11 8 9 12 14 16 2 11 9 8 3 1 49 3 1 11 15 49 11 3 2 3 7
itemClass_demand 1 1 1 1 1 1 1 1 1 1 1 1 1 1 1 1 1 1 1 1 1 1 1 1 1 1 1 1 1 1 1 1 1 1 1 1 1 1 1 1 1 1 1 1 1 1 1 1 1 1 1 1 1 1 1 1 1 1 1 1 1 1 1 1 1 1 1 1 1 1 1 1 1 1 1 1 1 1 1 1 1 1 1 1 1 1 1 1 1 1
binNumber 10000
binClassNumber 1
binClass_widthVector 90
binClass_lengthVector 90
binClass_disponibility 1000
itemClass_weight 1668 1112 278 2085 6811 278 278 1430 2860 780 2340 910 3120 260 1251 556 2641 1112 139 417 6394 2470 130 2860 2860 1300 1300 780 1320 840 1920 840 4800 240 840 2880 1080 1080 600 1080 2160 1920 600 720 120 3600 1800 120 3840 284 456 7200 7008 288 2175 140 2130 1029 987 1540 7000 1128 1064 7104 300 300 2175 1562 1152 1287 1728 2002 2384 306 1683 1260 1176 435 147 7007 429 145 1617 2205 6860 1672 447 302 435 1036
