itemNumber 130
itemClassNumber 130
itemClass_widthVector 16 15 14 13 12 11 10 9 8 15 14 13 12 11 10 9 8 7 15 14 13 12 11 10 9 8 7 15 14 13 12 11 10 9 8 7 14 13 12 11 10 9 8 7 6 15 14 13 12 11 10 9 8 7 13 12 11 10 9 8 7 6 5 13 12 11 10 9 8 7 6 5 14 13 12 11 10 9 8 7 6 17 17 17 14 11 12 12 15 13 15 15 14 17 11 16 13 15 12 15 13 17 10 11 14 10 14 15 14 12 13 17 10 13 14 15 10 16 16 12 10 11 17 10 18 15 18 18 14 13
itemClass_lengthVector 16 20 29 17 17 4 5 21 1 5 16 16 50 9 9 6 11 8 15 2 33 5 9 5 2 22 37 3 2 8 57 16 4 30 2 8 29 10 8 4 4 10 36 24 5 20 2 36 4 3 3 36 19 7 20 29 7 3 23 12 24 6 6 3 21 4 27 23 14 20 3 15 3 45 7 13 8 9 2 33 10 19 16 17 17 5 3 4 30 17 16 17 18 20 6 30 17 30 6 29 18 17 20 4 16 21 17 29 16 5 17 15 21 17 16 16 22 30 19 4 21 4 16 20 16 16 15 15 18 18
itemClass_demand 1 1 1 1 1 1 1 1 1 1 1 1 1 1 1 1 1 1 1 1 1 1 1 1 1 1 1 1 1 1 1 1 1 1 1 1 1 1 1 1 1 1 1 1 1 1 1 1 1 1 1 1 1 1 1 1 1 1 1 1 1 1 1 1 1 1 1 1 1 1 1 1 1 1 1 1 1 1 1 1 1 1 1 1 1 1 1 1 1 1 1 1 1 1 1 1 1 1 1 1 1 1 1 1 1 1 1 1 1 1 1 1 1 1 1 1 1 1 1 1 1 1 1 1 1 1 1 1 1 1
binNumber 10000
binClassNumber 1
binClass_widthVector 130
binClass_lengthVector 130
binClass_disponibility 1000
itemClass_weight 2560 3200 4640 2720 2720 640 800 3360 160 750 2400 2400 7500 1350 1350 900 1650 1200 2250 300 4950 750 1350 750 300 3300 5550 450 300 1200 8550 2400 600 4500 300 1200 4060 1400 1120 560 560 1400 5040 3360 700 3000 300 5400 600 450 450 5400 2850 1050 2600 3770 910 390 2990 1560 3120 780 780 390 2730 520 3510 2990 1820 2600 390 1950 420 6300 980 1820 1120 1260 280 4620 1400 3192 2784 2839 2924 885 510 684 5280 2873 2720 2805 3060 3540 990 5280 2856 5040 1050 5104 3096 2907 3260 652 2736 3465 2907 4901 2752 815 2907 2580 3549 2958 2752 2608 3784 5250 3306 692 3591 704 2784 3520 2640 2640 2625 2535 3186 2898
