itemNumber 160
itemClassNumber 160
itemClass_widthVector 18 17 16 15 14 13 12 11 10 16 15 14 13 12 11 10 9 8 17 16 15 14 13 12 11 10 9 18 17 16 15 14 13 12 11 10 19 18 17 16 15 14 13 12 11 19 18 17 16 15 14 13 12 11 19 18 17 16 15 14 13 12 11 17 16 15 14 13 12 11 10 9 17 16 15 14 13 12 11 10 9 12 14 15 17 13 15 16 15 16 19 13 16 17 14 18 18 17 13 19 20 17 14 14 17 18 20 16 15 20 18 16 13 13 13 13 15 14 17 12 13 18 16 16 13 19 17 15 20 16 16 18 17 20 19 15 13 15 16 17 16 15 18 19 18 15 16 19 18 19 15 14 13 13 18 18 18 16 16 20
itemClass_lengthVector 4 3 21 29 12 45 3 42 1 45 11 37 2 50 2 4 8 1 22 8 16 5 32 51 3 13 10 28 11 17 11 12 38 22 2 19 4 2 3 6 27 16 43 6 53 10 10 31 17 8 42 2 21 19 4 14 25 45 18 1 7 44 2 21 15 7 21 22 1 24 33 16 8 13 16 8 8 50 6 7 44 42 3 45 21 43 13 29 44 13 4 41 11 22 4 4 4 22 43 3 3 20 46 4 30 21 4 30 45 4 22 29 41 41 41 41 11 3 22 43 3 4 30 12 43 3 22 11 5 12 30 20 21 5 3 46 41 13 29 20 28 13 20 2 4 46 28 5 20 4 12 45 41 3 2 20 21 13 12 4
itemClass_demand 1 1 1 1 1 1 1 1 1 1 1 1 1 1 1 1 1 1 1 1 1 1 1 1 1 1 1 1 1 1 1 1 1 1 1 1 1 1 1 1 1 1 1 1 1 1 1 1 1 1 1 1 1 1 1 1 1 1 1 1 1 1 1 1 1 1 1 1 1 1 1 1 1 1 1 1 1 1 1 1 1 1 1 1 1 1 1 1 1 1 1 1 1 1 1 1 1 1 1 1 1 1 1 1 1 1 1 1 1 1 1 1 1 1 1 1 1 1 1 1 1 1 1 1 1 1 1 1 1 1 1 1 1 1 1 1 1 1 1 1 1 1 1 1 1 1 1 1 1 1 1 1 1 1 1 1 1 1 1 1
binNumber 10000
binClassNumber 1
binClass_widthVector 160
binClass_lengthVector 160
binClass_disponibility 1000
itemClass_weight 720 540 3780 5220 2160 8100 540 7560 180 7200 1760 5920 320 8000 320 640 1280 160 3740 1360 2720 850 5440 8670 510 2210 1700 5040 1980 3060 1980 2160 6840 3960 360 3420 760 380 570 1140 5130 3040 8170 1140 10070 1900 1900 5890 3230 1520 7980 380 3990 3610 760 2660 4750 8550 3420 190 1330 8360 380 3570 2550 1190 3570 3740 170 4080 5610 2720 1360 2210 2720 1360 1360 8500 1020 1190 7480 8190 582 8595 4074 8514 2509 5713 8096 2353 752 7503 2189 4092 760 728 724 4180 8557 573 549 3880 9108 792 5850 3990 768 5610 8190 784 4224 5510 7872 7626 7503 7913 2134 558 4378 7869 570 788 5760 2328 8213 549 4180 2013 910 2172 5550 3640 4053 910 543 8326 7831 2418 5365 3880 5124 2587 3840 382 740 8970 5348 925 3640 744 2340 8730 8118 558 382 3860 3885 2418 2220 792
