itemNumber 600
itemClassNumber 600
itemClass_widthVector 35 34 33 32 31 30 29 28 27 26 25 24 23 22 21 20 19 18 35 34 33 32 31 30 29 28 27 26 25 24 23 22 21 20 19 18 32 31 30 29 28 27 26 25 24 23 22 21 20 19 18 17 16 15 34 33 32 31 30 29 28 27 26 25 24 23 22 21 20 19 18 17 33 32 31 30 29 28 27 26 25 24 23 22 21 20 19 18 17 16 34 33 32 31 30 29 28 27 26 25 24 23 22 21 20 19 18 17 33 32 31 30 29 28 27 26 25 24 23 22 21 20 19 18 17 16 33 32 31 30 29 28 27 26 25 24 23 22 21 20 19 18 17 16 31 30 29 28 27 26 25 24 23 22 21 20 19 18 17 16 15 14 34 33 32 31 30 29 28 27 26 25 24 23 22 21 20 19 18 17 35 34 33 32 31 30 29 28 27 26 25 24 23 22 21 20 19 18 31 30 29 28 27 26 25 24 23 22 21 20 19 18 17 16 15 14 37 36 35 34 33 32 31 30 29 28 27 26 25 24 23 22 21 20 33 32 31 30 29 28 27 26 25 24 23 22 21 20 19 18 17 16 30 29 28 27 26 25 24 23 22 21 20 19 18 17 16 15 14 13 35 34 33 32 31 30 29 28 27 26 25 24 23 22 21 20 19 18 33 32 31 30 29 28 27 26 25 24 23 22 21 20 19 18 17 16 32 31 30 29 28 27 26 25 24 23 22 21 20 19 18 17 16 15 27 23 35 29 27 37 27 37 36 26 29 30 32 29 21 37 35 36 29 37 29 29 34 36 31 26 25 24 23 28 35 27 27 20 31 34 25 32 30 37 21 28 33 34 26 34 24 37 34 23 22 36 37 37 27 21 38 25 23 28 38 24 23 38 38 29 34 31 37 35 36 36 29 23 29 29 32 38 20 33 25 30 24 32 22 34 22 30 34 28 25 31 24 33 28 36 21 32 24 32 23 31 21 24 32 20 25 30 29 37 35 22 33 31 27 38 24 35 21 37 24 34 21 28 30 24 34 27 26 29 34 20 36 36 34 26 26 37 23 32 35 22 28 25 33 38 38 22 28 38 27 37 32 34 23 35 27 34 23 23 25 34 25 29 28 30 23 30 34 35 34 29 22 37 23 34 28 35 22 31 32 31 31 27 31 26 33 24 33 26 35 31 34 34 26 24 34 24 26 28 21 21 28 34 26 35 23 24 32 24 36 23 21 38 30 27 34 24 27 27 36 24 20 29 37 25 34 32 28 26 39 32 35 25 29 29 20 35 32 34 37 28 37 26 28 37 27 32 28 35 27 23 30 22 24 20 33 25 23 28 24 26 28 35 28 26 31 37 34 30 33 34 32 27 28 26
itemClass_lengthVector 121 22 97 23 6 1 52 33 10 8 67 1 7 14 37 64 15 22 3 42 31 59 11 54 31 11 18 116 24 35 6 15 19 35 69 21 4 36 31 24 20 10 5 42 59 88 33 88 11 89 17 12 1 30 40 110 11 48 12 21 9 14 30 30 35 5 43 28 3 33 42 86 35 10 58 29 29 63 74 13 5 40 4 10 28 47 8 50 95 2 54 2 63 22 12 47 45 62 73 23 4 45 81 14 12 2 27 12 4 26 124 1 111 9 8 26 7 24 57 3 16 45 22 56 6 55 6 17 5 29 26 23 23 8 47 36 95 124 70 4 21 11 40 15 14 82 7 4 22 8 15 31 50 9 22 27 63 7 17 100 45 77 4 23 36 19 68 71 36 51 25 66 22 4 34 31 4 52 32 22 54 2 1 26 32 44 20 4 54 121 62 28 51 27 6 2 46 20 48 55 3 1 34 13 71 14 74 27 33 58 22 37 15 54 31 10 59 51 17 25 12 10 24 139 21 8 5 50 17 5 61 61 12 23 28 16 1 1 101 46 54 33 79 76 10 19 47 14 25 19 3 28 14 48 22 5 47 267 9 46 1 6 37 3 12 4 4 13 10 52 2 16 49 1 1 1 50 53 9 17 56 47 95 82 9 18 73 21 7 14 89 80 33 18 11 19 12 11 23 137 9 6 7 75 23 26 1 18 63 5 94 167 6 20 43 61 1 19 26 43 17 2 4 10 7 36 22 7 66 122 66 121 22 2 9 51 1 8 16 122 98 23 8 98 33 32 23 98 32 66 14 7 15 9 98 2 67 15 53 24 7 52 10 121 64 9 1 5 1 2 14 121 96 13 38 24 96 22 8 65 22 1 38 10 21 15 15 22 122 7 98 34 98 6 120 23 7 36 32 11 1 122 14 1 1 33 6 53 65 96 63 10 6 8 14 1 36 7 66 24 16 51 15 6 15 1 65 13 53 16 13 33 7 22 24 37 6 52 68 22 8 21 63 98 37 22 65 9 9 6 1 67 1 33 23 16 21 22 98 68 67 22 63 6 97 64 68 2 23 22 120 65 7 22 68 121 53 23 64 6 7 97 65 63 6 1 7 34 11 32 64 33 5 96 7 11 65 23 38 6 68 23 36 2 2 2 51 67 52 7 1 15 5 66 21 53 2 2 1 36 98 6 7 8 15 14 67 1 68 6 36 8 52 38 22 65 64 21 34 1 22 37 1 1 23 8 16 34 122 1 1 1 10 1 121 52 5 1 10 34 16 98 7 22 120 8 22 7 10 23 67 6 7 24 67 65 51 38 14 14 1 1 13 9 36 2 66 97 8 8 53 97 7 51 5 5 52 7 7 6
itemClass_demand 1 1 1 1 1 1 1 1 1 1 1 1 1 1 1 1 1 1 1 1 1 1 1 1 1 1 1 1 1 1 1 1 1 1 1 1 1 1 1 1 1 1 1 1 1 1 1 1 1 1 1 1 1 1 1 1 1 1 1 1 1 1 1 1 1 1 1 1 1 1 1 1 1 1 1 1 1 1 1 1 1 1 1 1 1 1 1 1 1 1 1 1 1 1 1 1 1 1 1 1 1 1 1 1 1 1 1 1 1 1 1 1 1 1 1 1 1 1 1 1 1 1 1 1 1 1 1 1 1 1 1 1 1 1 1 1 1 1 1 1 1 1 1 1 1 1 1 1 1 1 1 1 1 1 1 1 1 1 1 1 1 1 1 1 1 1 1 1 1 1 1 1 1 1 1 1 1 1 1 1 1 1 1 1 1 1 1 1 1 1 1 1 1 1 1 1 1 1 1 1 1 1 1 1 1 1 1 1 1 1 1 1 1 1 1 1 1 1 1 1 1 1 1 1 1 1 1 1 1 1 1 1 1 1 1 1 1 1 1 1 1 1 1 1 1 1 1 1 1 1 1 1 1 1 1 1 1 1 1 1 1 1 1 1 1 1 1 1 1 1 1 1 1 1 1 1 1 1 1 1 1 1 1 1 1 1 1 1 1 1 1 1 1 1 1 1 1 1 1 1 1 1 1 1 1 1 1 1 1 1 1 1 1 1 1 1 1 1 1 1 1 1 1 1 1 1 1 1 1 1 1 1 1 1 1 1 1 1 1 1 1 1 1 1 1 1 1 1 1 1 1 1 1 1 1 1 1 1 1 1 1 1 1 1 1 1 1 1 1 1 1 1 1 1 1 1 1 1 1 1 1 1 1 1 1 1 1 1 1 1 1 1 1 1 1 1 1 1 1 1 1 1 1 1 1 1 1 1 1 1 1 1 1 1 1 1 1 1 1 1 1 1 1 1 1 1 1 1 1 1 1 1 1 1 1 1 1 1 1 1 1 1 1 1 1 1 1 1 1 1 1 1 1 1 1 1 1 1 1 1 1 1 1 1 1 1 1 1 1 1 1 1 1 1 1 1 1 1 1 1 1 1 1 1 1 1 1 1 1 1 1 1 1 1 1 1 1 1 1 1 1 1 1 1 1 1 1 1 1 1 1 1 1 1 1 1 1 1 1 1 1 1 1 1 1 1 1 1 1 1 1 1 1 1 1 1 1 1 1 1 1 1 1 1 1 1 1 1 1 1 1 1 1 1 1 1 1 1 1 1 1 1 1 1 1 1 1 1 1 1 1 1 1 1 1 1 1 1 1 1 1 1 1 1 1 1 1 1 1 1 1 1 1 1 1 1 1 1 1 1
binNumber 10000
binClassNumber 1
binClass_widthVector 600
binClass_lengthVector 600
binClass_disponibility 1000
itemClass_weight 42350 7700 33950 8050 2100 350 18200 11550 3500 2800 23450 350 2450 4900 12950 22400 5250 7700 1050 14700 10850 20650 3850 18900 10850 3850 6300 40600 8400 12250 2100 5250 6650 12250 24150 7350 1280 11520 9920 7680 6400 3200 1600 13440 18880 28160 10560 28160 3520 28480 5440 3840 320 9600 13600 37400 3740 16320 4080 7140 3060 4760 10200 10200 11900 1700 14620 9520 1020 11220 14280 29240 11550 3300 19140 9570 9570 20790 24420 4290 1650 13200 1320 3300 9240 15510 2640 16500 31350 660 18360 680 21420 7480 4080 15980 15300 21080 24820 7820 1360 15300 27540 4760 4080 680 9180 4080 1320 8580 40920 330 36630 2970 2640 8580 2310 7920 18810 990 5280 14850 7260 18480 1980 18150 1980 5610 1650 9570 8580 7590 7590 2640 15510 11880 31350 40920 23100 1320 6930 3630 13200 4950 4340 25420 2170 1240 6820 2480 4650 9610 15500 2790 6820 8370 19530 2170 5270 31000 13950 23870 1360 7820 12240 6460 23120 24140 12240 17340 8500 22440 7480 1360 11560 10540 1360 17680 10880 7480 18900 700 350 9100 11200 15400 7000 1400 18900 42350 21700 9800 17850 9450 2100 700 16100 7000 14880 17050 930 310 10540 4030 22010 4340 22940 8370 10230 17980 6820 11470 4650 16740 9610 3100 21830 18870 6290 9250 4440 3700 8880 51430 7770 2960 1850 18500 6290 1850 22570 22570 4440 8510 9240 5280 330 330 33330 15180 17820 10890 26070 25080 3300 6270 15510 4620 8250 6270 990 9240 4200 14400 6600 1500 14100 80100 2700 13800 300 1800 11100 900 3600 1200 1200 3900 3000 15600 700 5600 17150 350 350 350 17500 18550 3150 5950 19600 16450 33250 28700 3150 6300 25550 7350 2310 4620 29370 26400 10890 5940 3630 6270 3960 3630 7590 45210 2970 1980 2310 24750 7590 8580 320 5760 20160 1600 30080 53440 1920 6400 13760 19520 320 6080 8320 13760 5440 640 1280 3200 2590 12636 8382 2506 25146 46848 24948 45738 7942 732 3429 18921 365 3008 5616 44774 35182 8717 2936 36162 12573 11648 8303 36848 12256 24486 5278 2618 5505 3429 34790 702 25259 5355 20299 8592 2688 18460 3790 44649 23936 3303 356 1845 356 760 4998 44286 34272 4732 14136 9216 36096 7810 2864 24700 7942 367 14098 3710 7644 5595 5625 8426 44896 2646 36260 12376 34496 2184 43440 8487 2653 13500 12224 4224 357 46970 5152 375 369 11715 2154 20140 22945 35328 23499 3520 2172 2984 5264 361 13608 2471 24552 8928 5616 19584 5625 2124 5565 358 23335 4771 20352 5648 4940 12672 2674 8426 8904 13727 2202 18824 25840 8228 3056 8064 22239 34888 13616 8184 25025 3222 3231 2172 363 23986 354 11616 8096 5904 7602 8184 36750 26248 25795 8030 22302 2136 36278 23040 24412 758 8602 8096 42480 24700 2681 7920 24820 43439 18974 8188 23680 2250 2604 35017 23270 22932 2196 351 2576 12036 3883 11904 24576 12738 1845 36768 2583 4224 23400 8188 14326 2250 25500 8717 12636 736 718 708 19329 23584 18772 2506 379 5760 1890 24420 7455 18656 770 762 353 12888 36260 2232 2499 3064 5610 5124 25661 352 24820 2112 13356 3072 18564 14592 8096 24765 23616 8064 13056 386 7854 13542 351 386 8694 2904 5728 12682 44896 380 370 365 3520 368 43923 18512 1865 366 3680 11934 5952 37828 2590 7920 46320 2944 7744 2618 3520 8694 25192 2106 2534 8424 25192 24765 18054 13338 4998 4970 362 376 4940 3249 12708 772 25278 35793 2864 2928 20087 36375 2674 19482 1910 1855 19500 2646 2457 2220
