itemNumber 200
itemClassNumber 200
itemClass_widthVector 18 17 16 15 14 13 12 11 10 9 8 17 16 15 14 13 12 11 10 9 8 7 16 15 14 13 12 11 10 9 8 7 6 20 19 18 17 16 15 14 13 12 11 10 18 17 16 15 14 13 12 11 10 9 8 19 18 17 16 15 14 13 12 11 10 9 19 18 17 16 15 14 13 12 11 10 9 20 19 18 17 16 15 14 13 12 11 10 18 17 16 15 14 13 12 11 10 9 8 18 17 16 15 14 13 12 11 10 9 8 17 16 15 14 13 12 11 10 9 8 7 13 19 20 17 14 10 17 18 20 16 15 20 18 16 13 10 10 13 13 15 14 17 11 13 18 10 16 13 19 17 15 20 12 10 18 16 16 10 19 15 13 15 16 17 11 11 15 18 19 18 15 16 19 18 19 15 14 13 13 10 19 14 16 12 10 18 12 14 18 19 13 15 17 15 14 13 14 19 19
itemClass_lengthVector 4 3 15 6 29 12 45 3 42 23 18 22 51 8 12 2 50 2 23 19 6 5 10 16 2 43 1 13 25 36 1 5 48 9 17 11 6 42 14 17 24 12 39 9 5 5 10 30 18 21 8 23 6 15 59 4 39 45 18 1 7 44 11 8 19 4 21 22 21 22 1 24 33 26 7 10 13 8 13 24 8 55 1 7 52 7 16 9 75 3 4 8 15 1 11 38 18 2 25 29 2 7 18 12 4 23 24 10 30 41 24 14 9 5 41 9 29 14 15 29 11 4 3 3 14 13 23 7 15 4 7 12 4 16 6 2 23 24 2 2 28 45 16 42 45 4 22 29 4 3 16 28 5 42 23 4 6 28 24 3 13 2 30 6 14 41 43 30 14 2 4 13 5 5 14 4 29 12 2 45 24 4 12 28 43 23 14 41 13 3 5 44 29 16 13 13 46 13 3 3
itemClass_demand 1 1 1 1 1 1 1 1 1 1 1 1 1 1 1 1 1 1 1 1 1 1 1 1 1 1 1 1 1 1 1 1 1 1 1 1 1 1 1 1 1 1 1 1 1 1 1 1 1 1 1 1 1 1 1 1 1 1 1 1 1 1 1 1 1 1 1 1 1 1 1 1 1 1 1 1 1 1 1 1 1 1 1 1 1 1 1 1 1 1 1 1 1 1 1 1 1 1 1 1 1 1 1 1 1 1 1 1 1 1 1 1 1 1 1 1 1 1 1 1 1 1 1 1 1 1 1 1 1 1 1 1 1 1 1 1 1 1 1 1 1 1 1 1 1 1 1 1 1 1 1 1 1 1 1 1 1 1 1 1 1 1 1 1 1 1 1 1 1 1 1 1 1 1 1 1 1 1 1 1 1 1 1 1 1 1 1 1 1 1 1 1 1 1 1 1 1 1 1 1
binNumber 10000
binClassNumber 1
binClass_widthVector 200
binClass_lengthVector 200
binClass_disponibility 1000
itemClass_weight 720 540 2700 1080 5220 2160 8100 540 7560 4140 3240 3740 8670 1360 2040 340 8500 340 3910 3230 1020 850 1600 2560 320 6880 160 2080 4000 5760 160 800 7680 1800 3400 2200 1200 8400 2800 3400 4800 2400 7800 1800 900 900 1800 5400 3240 3780 1440 4140 1080 2700 10620 760 7410 8550 3420 190 1330 8360 2090 1520 3610 760 3990 4180 3990 4180 190 4560 6270 4940 1330 1900 2470 1600 2600 4800 1600 11000 200 1400 10400 1400 3200 1800 13500 540 720 1440 2700 180 1980 6840 3240 360 4500 5220 360 1260 3240 2160 720 4140 4320 1800 5400 7380 4080 2380 1530 850 6970 1530 4930 2380 2550 4930 1870 796 573 549 2716 2574 4554 1365 2850 768 1309 2184 784 3072 1140 384 4554 4464 366 386 5432 8370 3184 7686 8550 788 4224 5626 764 549 3040 5124 910 8316 4301 744 1110 5096 4368 543 2353 382 5580 1110 2716 8077 7869 5970 2688 382 740 2535 955 925 2548 744 5655 2328 396 8370 4344 736 2328 5516 7998 4393 2660 8036 2522 552 960 8668 5423 3136 2483 2587 8878 2379 558 555
