itemNumber 130
itemClassNumber 130
itemClass_widthVector 14 13 12 11 10 9 8 7 6 13 12 11 10 9 8 7 6 5 14 13 12 11 10 9 8 7 6 13 12 11 10 9 8 7 6 5 16 15 14 13 12 11 10 9 8 15 14 13 12 11 10 9 8 7 16 15 14 13 12 11 10 9 8 15 14 13 12 11 10 9 8 7 14 13 12 11 10 9 8 7 6 14 15 13 15 15 12 9 10 11 10 9 15 8 15 13 10 10 13 14 14 13 9 15 11 11 11 9 13 14 12 9 12 15 16 10 9 10 12 10 12 10 8 9 14 10 12 14 14 10
itemClass_lengthVector 1 7 17 44 31 11 4 10 5 8 49 3 29 20 4 5 9 3 9 40 14 10 5 23 22 5 2 8 4 32 35 16 6 20 5 4 2 13 19 19 16 30 11 14 6 8 1 15 22 1 12 7 52 12 18 23 2 1 4 18 9 14 41 28 21 5 11 2 21 11 9 22 8 8 41 1 25 19 8 6 14 17 2 45 1 6 44 4 12 30 12 3 7 11 1 18 12 11 45 7 7 17 3 7 32 30 30 3 45 7 43 5 32 6 1 11 3 12 30 11 44 10 9 4 17 10 43 7 6 11
itemClass_demand 1 1 1 1 1 1 1 1 1 1 1 1 1 1 1 1 1 1 1 1 1 1 1 1 1 1 1 1 1 1 1 1 1 1 1 1 1 1 1 1 1 1 1 1 1 1 1 1 1 1 1 1 1 1 1 1 1 1 1 1 1 1 1 1 1 1 1 1 1 1 1 1 1 1 1 1 1 1 1 1 1 1 1 1 1 1 1 1 1 1 1 1 1 1 1 1 1 1 1 1 1 1 1 1 1 1 1 1 1 1 1 1 1 1 1 1 1 1 1 1 1 1 1 1 1 1 1 1 1 1
binNumber 10000
binClassNumber 1
binClass_widthVector 130
binClass_lengthVector 130
binClass_disponibility 1000
itemClass_weight 140 980 2380 6160 4340 1540 560 1400 700 1040 6370 390 3770 2600 520 650 1170 390 1260 5600 1960 1400 700 3220 3080 700 280 1040 520 4160 4550 2080 780 2600 650 520 320 2080 3040 3040 2560 4800 1760 2240 960 1200 150 2250 3300 150 1800 1050 7800 1800 2880 3680 320 160 640 2880 1440 2240 6560 4200 3150 750 1650 300 3150 1650 1350 3300 1120 1120 5740 140 3500 2660 1120 840 1960 2431 300 6435 146 900 6644 564 1860 4320 1752 453 1085 1562 143 2610 1752 1595 6435 1029 1078 2550 450 1085 4736 4620 4260 432 6435 1057 6321 745 4672 846 152 1606 465 1704 4530 1639 6336 1420 1296 584 2448 1440 6321 1064 870 1694
