itemNumber 150
itemClassNumber 150
itemClass_widthVector 15 14 13 12 11 10 9 8 7 18 17 16 15 14 13 12 11 10 14 13 12 11 10 9 8 7 6 19 18 17 16 15 14 13 12 11 15 14 13 12 11 10 9 8 7 18 17 16 15 14 13 12 11 10 16 15 14 13 12 11 10 9 8 19 18 17 16 15 14 13 12 11 16 15 14 13 12 11 10 9 8 13 14 17 15 16 13 15 10 15 15 9 15 15 11 16 14 14 9 13 16 13 10 16 10 12 16 15 9 10 12 15 11 9 15 15 17 17 14 14 12 10 11 14 17 10 10 13 10 9 17 13 15 16 14 15 14 12 13 16 14 17 12 12 9 11 13 10 11 9
itemClass_lengthVector 6 22 10 29 2 11 4 22 44 5 21 51 25 7 4 34 2 1 2 25 4 86 1 5 4 14 9 30 3 35 5 24 19 4 2 28 18 2 6 28 26 28 11 1 30 18 11 23 22 36 1 9 1 29 7 9 1 34 3 18 10 49 19 11 5 10 4 10 18 60 14 18 11 13 1 57 11 13 10 20 14 29 10 7 11 6 29 9 5 23 10 22 21 10 11 7 28 11 21 2 7 1 4 5 3 10 23 21 21 5 11 23 10 22 23 10 5 7 9 11 1 3 12 11 7 4 5 3 5 21 7 28 10 23 11 10 10 11 3 5 9 7 12 12 22 11 1 4 11 22
itemClass_demand 1 1 1 1 1 1 1 1 1 1 1 1 1 1 1 1 1 1 1 1 1 1 1 1 1 1 1 1 1 1 1 1 1 1 1 1 1 1 1 1 1 1 1 1 1 1 1 1 1 1 1 1 1 1 1 1 1 1 1 1 1 1 1 1 1 1 1 1 1 1 1 1 1 1 1 1 1 1 1 1 1 1 1 1 1 1 1 1 1 1 1 1 1 1 1 1 1 1 1 1 1 1 1 1 1 1 1 1 1 1 1 1 1 1 1 1 1 1 1 1 1 1 1 1 1 1 1 1 1 1 1 1 1 1 1 1 1 1 1 1 1 1 1 1 1 1 1 1 1 1
binNumber 10000
binClassNumber 1
binClass_widthVector 150
binClass_lengthVector 150
binClass_disponibility 1000
itemClass_weight 900 3300 1500 4350 300 1650 600 3300 6600 900 3780 9180 4500 1260 720 6120 360 180 280 3500 560 12040 140 700 560 1960 1260 5700 570 6650 950 4560 3610 760 380 5320 2700 300 900 4200 3900 4200 1650 150 4500 3240 1980 4140 3960 6480 180 1620 180 5220 1120 1440 160 5440 480 2880 1600 7840 3040 2090 950 1900 760 1900 3420 11400 2660 3420 1760 2080 160 9120 1760 2080 1600 3200 2240 4524 1530 1064 1738 930 4785 1440 810 3657 1580 3630 3486 1660 1804 1120 4592 1705 3213 306 1071 156 656 780 498 1560 3473 3213 3213 800 1705 3496 1610 3630 3496 1610 765 1106 1467 1727 166 492 1932 1661 1120 612 825 495 770 3255 1099 4536 1620 3496 1826 1650 1600 1793 489 810 1395 1071 1992 1968 3366 1727 159 624 1804 3630
