itemNumber 130
itemClassNumber 130
itemClass_widthVector 13 12 11 10 9 8 7 6 5 15 14 13 12 11 10 9 8 7 16 15 14 13 12 11 10 9 8 13 12 11 10 9 8 7 6 5 13 12 11 10 9 8 7 6 5 16 15 14 13 12 11 10 9 8 16 15 14 13 12 11 10 9 8 14 13 12 11 10 9 8 7 6 14 13 12 11 10 9 8 7 6 8 10 12 15 8 8 10 12 10 10 9 7 9 13 14 9 8 12 13 13 7 11 9 9 12 9 9 9 7 7 13 9 12 12 12 9 15 14 9 15 9 13 9 13 8 13 10 14 12
itemClass_lengthVector 9 3 8 44 20 9 15 18 4 2 10 23 27 31 4 16 4 13 17 24 17 4 22 22 15 8 1 25 4 10 4 6 41 21 3 16 43 2 1 32 6 5 23 11 7 41 21 8 30 4 20 3 1 2 1 9 7 9 17 64 6 13 4 67 18 3 21 3 3 3 11 1 12 11 5 14 22 10 1 37 18 14 20 44 8 15 14 20 45 21 20 9 18 10 9 4 10 16 7 4 3 19 44 8 9 7 8 8 8 19 19 8 10 43 7 45 10 8 10 8 9 8 8 8 9 14 2 21 3 45
itemClass_demand 1 1 1 1 1 1 1 1 1 1 1 1 1 1 1 1 1 1 1 1 1 1 1 1 1 1 1 1 1 1 1 1 1 1 1 1 1 1 1 1 1 1 1 1 1 1 1 1 1 1 1 1 1 1 1 1 1 1 1 1 1 1 1 1 1 1 1 1 1 1 1 1 1 1 1 1 1 1 1 1 1 1 1 1 1 1 1 1 1 1 1 1 1 1 1 1 1 1 1 1 1 1 1 1 1 1 1 1 1 1 1 1 1 1 1 1 1 1 1 1 1 1 1 1 1 1 1 1 1 1
binNumber 10000
binClassNumber 1
binClass_widthVector 130
binClass_lengthVector 130
binClass_disponibility 1000
itemClass_weight 1170 390 1040 5720 2600 1170 1950 2340 520 300 1500 3450 4050 4650 600 2400 600 1950 2720 3840 2720 640 3520 3520 2400 1280 160 3250 520 1300 520 780 5330 2730 390 2080 5590 260 130 4160 780 650 2990 1430 910 6560 3360 1280 4800 640 3200 480 160 320 160 1440 1120 1440 2720 10240 960 2080 640 9380 2520 420 2940 420 420 420 1540 140 1680 1540 700 1960 3080 1400 140 5180 2520 1974 2760 5808 1120 1980 1904 2740 6210 2919 2820 1242 2376 1430 1278 524 1320 2160 945 536 420 2603 6116 1048 1260 980 1136 1104 1152 2660 2660 1152 1370 6063 987 6435 1310 1072 1320 1152 1188 1064 1144 1152 1197 2016 274 2919 420 5895
