itemNumber 150
itemClassNumber 150
itemClass_widthVector 16 15 14 13 12 11 10 9 8 18 17 16 15 14 13 12 11 10 15 14 13 12 11 10 9 8 7 16 15 14 13 12 11 10 9 8 15 14 13 12 11 10 9 8 7 17 16 15 14 13 12 11 10 9 18 17 16 15 14 13 12 11 10 17 16 15 14 13 12 11 10 9 18 17 16 15 14 13 12 11 10 10 10 13 13 13 13 13 15 17 17 10 10 13 12 12 12 14 15 14 12 15 16 16 13 14 12 13 17 11 15 16 15 12 10 12 14 12 17 14 13 15 14 13 17 14 16 14 16 18 10 12 16 17 14 15 15 17 14 18 13 18 16 12 17 16 10 13 12 18
itemClass_lengthVector 1 7 17 29 46 11 4 10 25 8 48 1 52 4 14 9 6 8 31 17 1 27 10 23 20 1 20 23 5 17 49 2 17 18 10 9 4 40 8 7 1 69 10 2 9 15 37 42 16 14 6 12 4 4 9 15 22 1 12 7 75 1 8 18 23 2 5 18 9 14 47 14 28 21 16 2 13 8 11 9 42 11 9 12 45 45 47 45 30 1 6 9 9 45 12 3 5 28 16 46 11 30 7 7 10 30 11 45 2 3 30 7 18 5 10 10 47 4 7 45 45 28 45 10 1 45 6 29 8 1 9 10 16 8 28 28 16 8 47 1 46 1 16 5 6 18 11 11 4 1
itemClass_demand 1 1 1 1 1 1 1 1 1 1 1 1 1 1 1 1 1 1 1 1 1 1 1 1 1 1 1 1 1 1 1 1 1 1 1 1 1 1 1 1 1 1 1 1 1 1 1 1 1 1 1 1 1 1 1 1 1 1 1 1 1 1 1 1 1 1 1 1 1 1 1 1 1 1 1 1 1 1 1 1 1 1 1 1 1 1 1 1 1 1 1 1 1 1 1 1 1 1 1 1 1 1 1 1 1 1 1 1 1 1 1 1 1 1 1 1 1 1 1 1 1 1 1 1 1 1 1 1 1 1 1 1 1 1 1 1 1 1 1 1 1 1 1 1 1 1 1 1 1 1
binNumber 10000
binClassNumber 1
binClass_widthVector 150
binClass_lengthVector 150
binClass_disponibility 1000
itemClass_weight 160 1120 2720 4640 7360 1760 640 1600 4000 1440 8640 180 9360 720 2520 1620 1080 1440 4650 2550 150 4050 1500 3450 3000 150 3000 3680 800 2720 7840 320 2720 2880 1600 1440 600 6000 1200 1050 150 10350 1500 300 1350 2550 6290 7140 2720 2380 1020 2040 680 680 1620 2700 3960 180 2160 1260 13500 180 1440 3060 3910 340 850 3060 1530 2380 7990 2380 5040 3780 2880 360 2340 1440 1980 1620 7560 1848 1557 1944 7290 7650 8178 7290 4980 172 1002 1530 1557 7515 2052 492 880 4564 2672 7912 1870 4950 1218 1155 1630 5070 1925 7650 326 501 4980 1176 3132 845 1670 1610 8225 652 1148 7740 7650 4564 7335 1700 171 7380 966 4901 1288 176 1593 1660 2720 1320 4788 4872 2704 1392 8225 166 8004 165 2704 830 966 3186 1848 1848 672 166
