itemNumber 190
itemClassNumber 190
itemClass_widthVector 21 20 19 18 17 16 15 14 13 12 20 19 18 17 16 15 14 13 12 11 19 18 17 16 15 14 13 12 11 10 21 20 19 18 17 16 15 14 13 12 18 17 16 15 14 13 12 11 10 9 20 19 18 17 16 15 14 13 12 11 18 17 16 15 14 13 12 11 10 9 17 16 15 14 13 12 11 10 9 8 19 18 17 16 15 14 13 12 11 10 17 16 15 14 13 12 11 10 9 8 16 20 18 17 15 20 20 22 22 20 23 16 20 18 23 24 23 18 21 15 21 15 23 17 15 17 16 17 16 18 20 16 20 15 15 19 16 21 19 18 17 24 23 23 16 20 19 19 21 15 14 18 24 23 22 21 15 20 19 16 24 16 17 16 17 21 14 21 18 18 20 17 23 20 17 16 19 15 16 18 17 19 14 16 22 23 18 19 15 20
itemClass_lengthVector 4 23 37 32 2 23 19 7 41 2 1 1 32 9 8 3 2 19 6 109 1 16 51 10 7 66 2 2 19 16 5 1 9 31 20 26 12 37 40 9 28 37 24 2 4 24 13 3 16 39 21 3 22 33 1 2 58 36 4 10 9 6 23 27 43 9 10 37 3 23 16 21 7 32 32 9 8 9 25 31 23 24 23 17 39 2 4 9 20 29 3 43 19 19 4 34 19 8 18 23 7 38 23 18 42 31 36 4 3 37 4 20 31 23 24 5 23 24 37 41 38 6 23 18 40 19 7 18 7 23 37 6 37 42 6 1 8 22 3 3 23 4 24 4 7 32 1 3 36 7 40 1 4 23 3 24 6 37 31 20 5 20 18 7 22 38 42 24 3 23 38 22 24 32 22 18 33 6 19 24 18 3 40 18 3 4 22 3 7 38
itemClass_demand 1 1 1 1 1 1 1 1 1 1 1 1 1 1 1 1 1 1 1 1 1 1 1 1 1 1 1 1 1 1 1 1 1 1 1 1 1 1 1 1 1 1 1 1 1 1 1 1 1 1 1 1 1 1 1 1 1 1 1 1 1 1 1 1 1 1 1 1 1 1 1 1 1 1 1 1 1 1 1 1 1 1 1 1 1 1 1 1 1 1 1 1 1 1 1 1 1 1 1 1 1 1 1 1 1 1 1 1 1 1 1 1 1 1 1 1 1 1 1 1 1 1 1 1 1 1 1 1 1 1 1 1 1 1 1 1 1 1 1 1 1 1 1 1 1 1 1 1 1 1 1 1 1 1 1 1 1 1 1 1 1 1 1 1 1 1 1 1 1 1 1 1 1 1 1 1 1 1 1 1 1 1 1 1 1 1 1 1 1 1
binNumber 10000
binClassNumber 1
binClass_widthVector 190
binClass_lengthVector 190
binClass_disponibility 1000
itemClass_weight 840 4830 7770 6720 420 4830 3990 1470 8610 420 200 200 6400 1800 1600 600 400 3800 1200 21800 190 3040 9690 1900 1330 12540 380 380 3610 3040 1050 210 1890 6510 4200 5460 2520 7770 8400 1890 5040 6660 4320 360 720 4320 2340 540 2880 7020 4200 600 4400 6600 200 400 11600 7200 800 2000 1620 1080 4140 4860 7740 1620 1800 6660 540 4140 2720 3570 1190 5440 5440 1530 1360 1530 4250 5270 4370 4560 4370 3230 7410 380 760 1710 3800 5510 510 7310 3230 3230 680 5780 3230 1360 3060 3910 1589 8246 4899 3960 8862 7130 8316 864 663 8436 888 4580 6541 5152 5328 1100 5221 5328 8473 8815 8702 1380 4853 4122 9240 4142 1561 3960 1477 5060 7918 1272 8362 9156 1356 220 1816 4840 690 675 4876 900 5208 920 1561 6816 229 660 8208 1568 8720 232 896 5198 654 5280 1380 7881 7192 4380 1070 4220 4176 1617 4840 8664 9198 5256 654 4968 8778 4686 5400 7232 5016 4032 7029 1380 4180 5352 4158 666 8640 3816 651 928 4972 663 1519 8094
