itemNumber 120
itemClassNumber 120
itemClass_widthVector 15 14 13 12 11 10 9 8 16 15 14 13 12 11 10 9 16 15 14 13 12 11 10 9 14 13 12 11 10 9 8 7 16 15 14 13 12 11 10 9 14 13 12 11 10 9 8 7 16 15 14 13 12 11 10 9 13 12 11 10 9 8 7 6 14 12 12 16 17 10 16 14 10 11 15 10 16 12 12 16 12 17 14 15 11 13 14 11 16 12 13 11 15 11 16 15 16 16 11 14 12 17 15 14 10 13 10 13 12 15 14 11 15 13 16 14 14 13 11 15
itemClass_lengthVector 31 3 19 29 3 7 18 10 3 17 9 4 45 24 13 5 12 33 9 1 9 3 34 19 9 11 19 1 1 18 4 57 3 8 48 5 15 5 23 13 62 4 18 2 2 13 4 15 6 9 36 30 14 13 10 2 14 1 4 13 36 15 35 2 18 6 3 31 31 18 3 28 17 7 20 17 4 3 2 31 6 32 19 3 6 30 20 6 4 4 3 7 2 7 30 18 2 32 8 28 7 32 20 28 17 28 19 3 6 18 28 6 4 4 30 20 28 4 6 19
itemClass_demand 1 1 1 1 1 1 1 1 1 1 1 1 1 1 1 1 1 1 1 1 1 1 1 1 1 1 1 1 1 1 1 1 1 1 1 1 1 1 1 1 1 1 1 1 1 1 1 1 1 1 1 1 1 1 1 1 1 1 1 1 1 1 1 1 1 1 1 1 1 1 1 1 1 1 1 1 1 1 1 1 1 1 1 1 1 1 1 1 1 1 1 1 1 1 1 1 1 1 1 1 1 1 1 1 1 1 1 1 1 1 1 1 1 1 1 1 1 1 1 1
binNumber 10000
binClassNumber 1
binClass_widthVector 120
binClass_lengthVector 120
binClass_disponibility 1000
itemClass_weight 4650 450 2850 4350 450 1050 2700 1500 480 2720 1440 640 7200 3840 2080 800 1920 5280 1440 160 1440 480 5440 3040 1260 1540 2660 140 140 2520 560 7980 480 1280 7680 800 2400 800 3680 2080 8680 560 2520 280 280 1820 560 2100 960 1440 5760 4800 2240 2080 1600 320 1820 130 520 1690 4680 1950 4550 260 2718 954 471 4960 4805 2790 474 4648 2669 1162 3080 2822 628 498 322 5146 936 5216 3002 453 966 4560 3260 948 604 664 465 1078 324 1085 4740 2754 306 4960 1256 4312 1113 5024 3240 4396 2771 4592 2888 453 948 2736 4620 906 640 604 4650 3200 4480 612 960 3059
