itemNumber 80
itemClassNumber 80
itemClass_widthVector 10 9 8 7 6 5 4 12 11 10 9 8 7 6 12 11 10 9 8 7 6 13 12 11 10 9 8 7 12 11 10 9 8 7 6 10 9 8 7 6 5 4 11 10 9 8 7 6 5 9 10 11 10 7 9 10 9 10 6 7 6 8 7 12 9 10 10 10 12 8 10 10 6 8 9 6 8 10 9 7
itemClass_lengthVector 10 23 5 1 19 2 20 20 1 13 13 20 4 9 11 16 9 13 3 23 5 25 3 7 23 5 3 14 4 11 1 5 32 15 12 13 41 2 3 4 14 3 19 16 22 6 10 1 6 5 22 10 23 20 5 22 6 22 2 20 1 1 19 9 4 22 23 24 10 1 22 22 2 1 4 3 1 22 4 18
itemClass_demand 1 1 1 1 1 1 1 1 1 1 1 1 1 1 1 1 1 1 1 1 1 1 1 1 1 1 1 1 1 1 1 1 1 1 1 1 1 1 1 1 1 1 1 1 1 1 1 1 1 1 1 1 1 1 1 1 1 1 1 1 1 1 1 1 1 1 1 1 1 1 1 1 1 1 1 1 1 1 1 1
binNumber 10000
binClassNumber 1
binClass_widthVector 80
binClass_lengthVector 80
binClass_disponibility 1000
itemClass_weight 1000 2300 500 100 1900 200 2000 2400 120 1560 1560 2400 480 1080 1320 1920 1080 1560 360 2760 600 3250 390 910 2990 650 390 1820 480 1320 120 600 3840 1800 1440 1300 4100 200 300 400 1400 300 2090 1760 2420 660 1100 110 660 545 2310 1010 2323 2180 505 2288 618 2310 218 2180 108 109 2090 972 408 2266 2484 2424 1090 108 2266 2442 220 108 404 306 111 2442 428 1944
