itemNumber 80
itemClassNumber 80
itemClass_widthVector 11 10 9 8 7 6 5 10 9 8 7 6 5 4 11 10 9 8 7 6 5 12 11 10 9 8 7 6 11 10 9 8 7 6 5 12 11 10 9 8 7 6 13 12 11 10 9 8 7 7 11 7 12 12 10 9 9 12 12 8 10 10 12 12 11 7 12 10 8 7 12 9 7 12 12 7 8 7 8 8
itemClass_lengthVector 5 23 5 7 35 3 2 4 37 6 2 6 5 20 18 5 1 23 19 6 8 32 4 16 8 3 5 12 22 7 6 7 20 17 1 2 6 2 4 11 19 36 5 3 15 4 20 8 25 2 22 2 4 5 5 8 8 22 5 35 4 6 6 5 22 2 24 4 36 3 4 6 2 4 4 3 36 2 34 36
itemClass_demand 1 1 1 1 1 1 1 1 1 1 1 1 1 1 1 1 1 1 1 1 1 1 1 1 1 1 1 1 1 1 1 1 1 1 1 1 1 1 1 1 1 1 1 1 1 1 1 1 1 1 1 1 1 1 1 1 1 1 1 1 1 1 1 1 1 1 1 1 1 1 1 1 1 1 1 1 1 1 1 1
binNumber 10000
binClassNumber 1
binClass_widthVector 80
binClass_lengthVector 80
binClass_disponibility 1000
itemClass_weight 550 2530 550 770 3850 330 220 400 3700 600 200 600 500 2000 1980 550 110 2530 2090 660 880 3840 480 1920 960 360 600 1440 2420 770 660 770 2200 1870 110 240 720 240 480 1320 2280 4320 650 390 1950 520 2600 1040 3250 230 2618 240 444 575 575 920 944 2464 595 4165 460 726 726 565 2596 228 2688 480 4140 357 468 714 224 456 476 345 4104 234 3978 4032
