itemNumber 80
itemClassNumber 80
itemClass_widthVector 11 10 9 8 7 6 5 11 10 9 8 7 6 5 13 12 11 10 9 8 7 11 10 9 8 7 6 5 12 11 10 9 8 7 6 11 10 9 8 7 6 5 11 10 9 8 7 6 5 13 7 8 11 7 13 7 10 7 13 10 10 7 8 9 10 11 12 13 9 7 11 10 8 10 7 13 12 11 7 12
itemClass_lengthVector 24 14 21 3 1 1 16 22 4 5 16 18 9 6 29 16 7 17 5 2 4 17 4 4 2 29 8 16 11 1 7 1 42 1 17 12 12 26 2 2 8 18 3 14 22 17 14 9 1 25 1 1 13 2 23 1 20 1 25 21 21 1 2 4 21 14 15 24 4 1 15 22 1 21 1 24 25 13 1 15
itemClass_demand 1 1 1 1 1 1 1 1 1 1 1 1 1 1 1 1 1 1 1 1 1 1 1 1 1 1 1 1 1 1 1 1 1 1 1 1 1 1 1 1 1 1 1 1 1 1 1 1 1 1 1 1 1 1 1 1 1 1 1 1 1 1 1 1 1 1 1 1 1 1 1 1 1 1 1 1 1 1 1 1
binNumber 10000
binClassNumber 1
binClass_widthVector 80
binClass_lengthVector 80
binClass_disponibility 1000
itemClass_weight 2640 1540 2310 330 110 110 1760 2420 440 550 1760 1980 990 660 3770 2080 910 2210 650 260 520 1870 440 440 220 3190 880 1760 1320 120 840 120 5040 120 2040 1320 1320 2860 220 220 880 1980 330 1540 2420 1870 1540 990 110 2925 120 113 1508 236 2737 114 2400 115 2800 2520 2457 122 230 480 2352 1624 1680 2856 456 116 1710 2618 121 2499 111 2928 2875 1586 113 1725
