itemNumber 70
itemClassNumber 70
itemClass_widthVector 12 11 10 9 8 7 13 12 11 10 9 8 11 10 9 8 7 6 11 10 9 8 7 6 12 11 10 9 8 7 11 10 9 8 7 6 13 12 10 9 9 12 13 9 11 14 10 9 9 11 9 12 9 13 13 12 11 11 10 13 12 9 12 12 13 9 11 10 12 13
itemClass_lengthVector 10 7 7 4 41 1 11 8 15 22 2 12 16 25 4 2 9 14 23 3 12 8 21 3 17 8 6 16 16 7 6 13 10 26 9 6 8 8 3 40 41 6 6 42 8 9 4 42 41 7 42 7 42 7 7 7 7 7 4 11 6 41 8 6 6 41 6 4 8 10
itemClass_demand 1 1 1 1 1 1 1 1 1 1 1 1 1 1 1 1 1 1 1 1 1 1 1 1 1 1 1 1 1 1 1 1 1 1 1 1 1 1 1 1 1 1 1 1 1 1 1 1 1 1 1 1 1 1 1 1 1 1 1 1 1 1 1 1 1 1 1 1 1 1
binNumber 10000
binClassNumber 1
binClass_widthVector 70
binClass_lengthVector 70
binClass_disponibility 1000
itemClass_weight 1200 840 840 480 4920 120 1430 1040 1950 2860 260 1560 1760 2750 440 220 990 1540 2530 330 1320 880 2310 330 2040 960 720 1920 1920 840 660 1430 1100 2860 990 660 1032 1056 390 5200 5125 744 786 5376 1032 1098 520 5376 4961 896 5208 889 5544 917 910 910 917 882 488 1441 768 4961 984 756 750 4961 756 484 984 1290
