itemNumber 110
itemClassNumber 110
itemClass_widthVector 14 13 12 11 10 9 8 7 14 13 12 11 10 9 8 7 13 12 11 10 9 8 7 6 14 13 12 11 10 9 8 7 14 13 12 11 10 9 8 7 14 13 12 11 10 9 8 7 13 12 11 10 9 8 7 6 14 13 12 11 10 9 8 7 16 12 14 13 12 16 14 14 10 9 14 12 15 9 14 12 12 10 10 9 13 13 12 16 10 10 14 9 14 9 15 12 16 12 16 10 12 16 13 13 10 10 13 15 9 16
itemClass_lengthVector 15 16 13 4 12 29 2 19 29 11 1 13 12 28 9 7 41 11 6 15 10 6 11 10 7 6 2 5 31 13 4 42 22 9 9 1 9 31 25 4 2 32 15 1 14 23 21 2 6 2 54 2 1 8 33 4 8 35 6 7 28 13 10 3 16 5 12 13 12 16 16 17 30 1 13 13 15 1 17 13 3 29 30 3 13 13 5 16 30 29 16 1 16 3 16 4 15 5 15 28 11 15 5 4 30 29 4 14 3 16
itemClass_demand 1 1 1 1 1 1 1 1 1 1 1 1 1 1 1 1 1 1 1 1 1 1 1 1 1 1 1 1 1 1 1 1 1 1 1 1 1 1 1 1 1 1 1 1 1 1 1 1 1 1 1 1 1 1 1 1 1 1 1 1 1 1 1 1 1 1 1 1 1 1 1 1 1 1 1 1 1 1 1 1 1 1 1 1 1 1 1 1 1 1 1 1 1 1 1 1 1 1 1 1 1 1 1 1 1 1 1 1 1 1
binNumber 10000
binClassNumber 1
binClass_widthVector 110
binClass_lengthVector 110
binClass_disponibility 1000
itemClass_weight 2100 2240 1820 560 1680 4060 280 2660 4060 1540 140 1820 1680 3920 1260 980 5330 1430 780 1950 1300 780 1430 1300 980 840 280 700 4340 1820 560 5880 3080 1260 1260 140 1260 4340 3500 560 280 4480 2100 140 1960 3220 2940 280 780 260 7020 260 130 1040 4290 520 1120 4900 840 980 3920 1820 1400 420 2400 715 1788 1963 1752 2432 2464 2618 4380 142 1976 1950 2130 154 2550 1898 447 4466 4440 423 1989 1833 710 2304 4590 4495 2400 147 2336 447 2480 588 2325 755 2205 4228 1628 2325 735 608 4290 4495 596 2002 453 2416
