itemNumber 50
itemClassNumber 50
itemClass_widthVector 9 8 7 6 5 4 7 6 5 4 3 2 9 8 7 6 5 4 8 7 6 5 4 3 8 7 6 5 4 3 9 8 7 6 5 4 10 10 7 10 9 8 8 8 10 6 8 8 9 9
itemClass_lengthVector 2 14 14 4 8 8 7 9 9 10 2 13 5 4 2 29 9 1 11 2 1 5 2 29 10 1 6 7 3 23 20 1 2 8 14 5 3 3 5 3 13 15 14 14 1 8 15 14 15 15
itemClass_demand 1 1 1 1 1 1 1 1 1 1 1 1 1 1 1 1 1 1 1 1 1 1 1 1 1 1 1 1 1 1 1 1 1 1 1 1 1 1 1 1 1 1 1 1 1 1 1 1 1 1
binNumber 10000
binClassNumber 1
binClass_widthVector 50
binClass_lengthVector 50
binClass_disponibility 1000
itemClass_weight 180 1260 1260 360 720 720 490 630 630 700 140 910 450 360 180 2610 810 90 880 160 80 400 160 2320 800 80 480 560 240 1840 1800 90 180 720 1260 450 291 288 490 300 1274 1485 1400 1358 99 768 1425 1288 1470 1380
