itemNumber 90
itemClassNumber 90
itemClass_widthVector 12 11 10 9 8 7 6 12 11 10 9 8 7 6 12 11 10 9 8 7 6 15 14 13 12 11 10 9 13 12 11 10 9 8 7 12 11 10 9 8 7 6 14 13 12 11 10 9 8 14 9 8 14 14 14 13 8 11 12 9 13 14 13 8 12 13 8 11 11 8 10 10 14 13 12 14 8 9 9 11 9 9 12 8 12 11 9 11 11 8
itemClass_lengthVector 11 5 14 5 10 39 6 15 9 1 15 14 21 15 19 16 1 30 18 2 4 37 14 2 12 2 18 5 12 34 9 2 11 19 3 1 3 9 9 3 34 31 5 4 9 8 43 14 7 10 9 39 12 12 10 11 40 13 5 10 4 12 5 40 5 5 40 13 13 39 4 6 10 5 14 12 38 11 10 15 10 9 13 40 4 13 9 15 13 38
itemClass_demand 1 1 1 1 1 1 1 1 1 1 1 1 1 1 1 1 1 1 1 1 1 1 1 1 1 1 1 1 1 1 1 1 1 1 1 1 1 1 1 1 1 1 1 1 1 1 1 1 1 1 1 1 1 1 1 1 1 1 1 1 1 1 1 1 1 1 1 1 1 1 1 1 1 1 1 1 1 1 1 1 1 1 1 1 1 1 1 1 1 1
binNumber 10000
binClassNumber 1
binClass_widthVector 90
binClass_lengthVector 90
binClass_disponibility 1000
itemClass_weight 1320 600 1680 600 1200 4680 720 1800 1080 120 1800 1680 2520 1800 2280 1920 120 3600 2160 240 480 5550 2100 300 1800 300 2700 750 1560 4420 1170 260 1430 2470 390 120 360 1080 1080 360 4080 3720 695 556 1251 1112 5977 1946 973 1320 1179 5148 1596 1464 1310 1353 5280 1586 620 1220 532 1560 610 4840 620 605 5120 1586 1599 4719 484 750 1310 615 1848 1560 5054 1375 1250 1890 1230 1143 1703 5280 508 1677 1161 1935 1677 4636
