itemNumber 70
itemClassNumber 70
itemClass_widthVector 12 11 10 9 8 7 11 10 9 8 7 6 11 10 9 8 7 6 14 13 12 11 10 9 11 10 9 8 7 6 11 10 9 8 7 6 9 11 13 12 12 9 10 12 14 14 14 13 9 13 14 13 14 13 9 10 13 10 13 9 11 13 10 14 13 12 14 14 9 11
itemClass_lengthVector 7 4 19 5 10 25 15 9 1 15 14 16 19 16 1 4 26 4 33 4 16 12 2 3 12 27 16 1 12 2 8 18 5 21 14 4 10 19 6 5 4 10 6 20 8 8 6 7 10 6 6 6 8 4 9 6 4 5 3 9 18 5 6 6 4 19 8 6 10 20
itemClass_demand 1 1 1 1 1 1 1 1 1 1 1 1 1 1 1 1 1 1 1 1 1 1 1 1 1 1 1 1 1 1 1 1 1 1 1 1 1 1 1 1 1 1 1 1 1 1 1 1 1 1 1 1 1 1 1 1 1 1 1 1 1 1 1 1 1 1 1 1 1 1
binNumber 10000
binClassNumber 1
binClass_widthVector 70
binClass_lengthVector 70
binClass_disponibility 1000
itemClass_weight 840 480 2280 600 1200 3000 1650 990 110 1650 1540 1760 2090 1760 110 440 2860 440 4620 560 2240 1680 280 420 1320 2970 1760 110 1320 220 880 1980 550 2310 1540 440 1230 2432 798 605 492 1220 780 2560 1064 976 786 861 1230 756 768 750 1040 488 1116 744 484 620 366 1179 2304 605 750 786 492 2508 1040 750 1250 2520
