itemNumber 140
itemClassNumber 140
itemClass_widthVector 15 14 13 12 11 10 9 8 7 14 13 12 11 10 9 8 7 6 15 14 13 12 11 10 9 8 7 17 16 15 14 13 12 11 10 9 15 14 13 12 11 10 9 8 7 17 16 15 14 13 12 11 10 9 17 16 15 14 13 12 11 10 9 15 14 13 12 11 10 9 8 7 15 14 13 12 11 10 9 8 7 13 16 10 13 14 17 13 14 16 15 16 13 17 15 9 9 13 16 16 9 15 16 13 9 11 13 9 14 10 15 10 15 11 16 11 15 10 9 14 13 9 13 10 9 16 10 13 15 12 14 9 12 17 10 15 12 9 10 12
itemClass_lengthVector 41 28 27 5 10 3 15 2 9 7 28 10 1 14 1 23 47 9 64 8 31 16 7 2 1 7 4 54 15 9 2 25 18 7 3 7 28 7 19 5 4 6 1 64 6 6 1 4 7 4 8 36 30 44 2 6 21 45 5 8 2 37 14 7 20 6 68 14 10 7 1 7 9 16 9 8 2 16 5 52 23 11 40 14 4 26 42 11 6 42 26 42 11 42 28 1 1 9 27 29 1 28 29 6 1 3 10 3 4 16 28 14 27 3 27 4 26 15 3 27 10 2 6 16 3 27 14 5 26 11 4 3 3 40 15 27 9 1 16 10
itemClass_demand 1 1 1 1 1 1 1 1 1 1 1 1 1 1 1 1 1 1 1 1 1 1 1 1 1 1 1 1 1 1 1 1 1 1 1 1 1 1 1 1 1 1 1 1 1 1 1 1 1 1 1 1 1 1 1 1 1 1 1 1 1 1 1 1 1 1 1 1 1 1 1 1 1 1 1 1 1 1 1 1 1 1 1 1 1 1 1 1 1 1 1 1 1 1 1 1 1 1 1 1 1 1 1 1 1 1 1 1 1 1 1 1 1 1 1 1 1 1 1 1 1 1 1 1 1 1 1 1 1 1 1 1 1 1 1 1 1 1 1 1
binNumber 10000
binClassNumber 1
binClass_widthVector 140
binClass_lengthVector 140
binClass_disponibility 1000
itemClass_weight 6150 4200 4050 750 1500 450 2250 300 1350 980 3920 1400 140 1960 140 3220 6580 1260 9600 1200 4650 2400 1050 300 150 1050 600 9180 2550 1530 340 4250 3060 1190 510 1190 4200 1050 2850 750 600 900 150 9600 900 1020 170 680 1190 680 1360 6120 5100 7480 340 1020 3570 7650 850 1360 340 6290 2380 1050 3000 900 10200 2100 1500 1050 150 1050 1350 2400 1350 1200 300 2400 750 7800 3450 1749 6520 2142 604 4082 6930 1727 984 6888 4212 6804 1760 6468 4228 166 151 1440 4239 4727 163 4312 4727 906 160 486 1640 489 636 2464 4340 2128 4266 480 4158 636 4108 2475 489 4482 1640 306 978 2576 468 4239 2282 830 4316 1815 604 498 495 6240 2280 4455 1440 152 2512 1660
