itemNumber 600
itemClassNumber 600
itemClass_widthVector 37 36 35 34 33 32 31 30 29 28 27 26 25 24 23 22 21 20 36 35 34 33 32 31 30 29 28 27 26 25 24 23 22 21 20 19 37 36 35 34 33 32 31 30 29 28 27 26 25 24 23 22 21 20 32 31 30 29 28 27 26 25 24 23 22 21 20 19 18 17 16 15 32 31 30 29 28 27 26 25 24 23 22 21 20 19 18 17 16 15 37 36 35 34 33 32 31 30 29 28 27 26 25 24 23 22 21 20 31 30 29 28 27 26 25 24 23 22 21 20 19 18 17 16 15 14 31 30 29 28 27 26 25 24 23 22 21 20 19 18 17 16 15 14 37 36 35 34 33 32 31 30 29 28 27 26 25 24 23 22 21 20 33 32 31 30 29 28 27 26 25 24 23 22 21 20 19 18 17 16 32 31 30 29 28 27 26 25 24 23 22 21 20 19 18 17 16 15 31 30 29 28 27 26 25 24 23 22 21 20 19 18 17 16 15 14 30 29 28 27 26 25 24 23 22 21 20 19 18 17 16 15 14 13 35 34 33 32 31 30 29 28 27 26 25 24 23 22 21 20 19 18 37 36 35 34 33 32 31 30 29 28 27 26 25 24 23 22 21 20 31 30 29 28 27 26 25 24 23 22 21 20 19 18 17 16 15 14 30 29 28 27 26 25 24 23 22 21 20 19 18 17 16 15 14 13 31 30 29 28 27 26 25 24 23 22 21 20 19 18 17 16 15 14 32 34 33 39 27 37 37 33 23 30 39 26 27 30 26 37 39 29 32 25 29 28 26 25 29 33 41 28 29 33 29 38 31 38 36 35 37 33 27 37 36 28 26 24 38 32 34 26 39 29 37 24 34 34 32 27 24 30 24 35 22 40 34 26 30 22 34 36 23 38 33 24 26 30 38 36 38 38 28 31 39 30 30 37 26 31 29 35 34 37 32 25 25 37 30 28 31 29 26 34 36 29 22 33 39 37 26 38 36 38 28 40 27 36 34 28 36 40 27 35 30 37 24 26 25 37 23 29 27 36 34 23 33 33 25 25 36 25 30 39 27 33 25 24 32 29 34 31 30 25 24 31 32 23 29 23 32 25 36 30 38 33 39 25 23 29 39 24 36 25 32 23 40 30 25 30 34 40 30 31 23 34 40 27 35 26 41 37 30 38 32 25 28 40 39 36 26 25 34 35 24 25 25 29 24 24 31 36 31 29 27 40 23 22 35 25 24 29 36 24 22 30 34 40 34 29 36 24 29 34 24 24 26 32 38 38 28 24 36 30 30 27 39 40 36 25 36 24 35 32 24 41 38 27 35 33 24 26 25 29 22 38 26 40 39 24 32 29 34 37 30 28 32 25 31 32
itemClass_lengthVector 5 26 6 24 27 107 6 39 8 37 17 33 117 17 7 36 20 68 16 38 21 15 31 17 66 73 42 22 4 40 22 13 10 52 98 20 10 11 23 59 47 42 24 3 46 12 27 8 25 59 8 49 138 9 40 9 32 26 5 51 32 7 43 17 2 134 4 30 63 30 43 32 36 12 14 33 40 7 2 37 108 50 32 7 84 73 9 42 13 1 13 2 16 43 6 3 4 6 257 11 28 3 36 57 27 75 10 3 12 135 27 30 4 40 9 5 47 26 16 26 38 27 11 58 20 69 33 10 34 143 65 3 29 6 6 34 29 32 40 42 27 45 7 15 12 26 52 74 19 1 46 2 31 16 76 48 81 29 20 15 5 47 17 13 9 46 139 45 13 36 11 22 6 75 20 48 17 33 14 36 6 23 89 27 61 8 66 32 75 34 89 6 21 12 3 6 29 13 13 11 7 6 75 21 27 37 2 34 34 24 34 5 34 66 108 62 91 9 30 6 2 48 14 6 18 22 20 57 1 74 34 14 111 43 64 16 18 2 18 20 24 15 32 81 45 66 36 37 5 49 66 6 87 33 17 27 32 69 22 51 12 29 36 1 27 74 35 32 15 1 24 55 32 7 5 64 32 24 20 136 6 50 55 18 18 38 5 11 60 114 103 15 1 27 55 34 22 9 44 11 12 1 32 4 11 45 47 5 2 47 17 3 27 61 41 2 5 109 62 39 13 56 5 59 8 7 5 25 16 23 7 40 36 17 5 7 116 17 18 24 6 36 7 37 36 17 8 8 16 38 5 116 33 106 36 27 36 7 6 24 26 39 117 27 7 32 8 20 24 40 107 18 26 38 26 35 5 40 39 116 36 18 35 5 20 5 40 16 9 21 106 26 19 7 6 6 18 37 7 6 25 25 118 39 6 38 37 6 118 37 17 23 106 26 38 17 18 28 17 118 40 16 6 7 25 38 21 7 6 26 18 6 24 7 18 5 32 6 108 118 106 25 116 27 16 27 36 17 17 25 20 16 118 5 40 37 40 38 18 18 25 6 36 6 116 38 7 35 6 17 108 38 38 18 7 39 7 21 34 19 39 6 7 38 5 38 4 8 35 33 27 21 106 8 8 36 27 16 36 7 108 26 18 9 19 38 26 34 27 8 4 26 37 27 7 17 33 25 27 107 117 17 107 7 36 35 16 33 19 20 7 28 40 17 117 26 35 21 6 37 21 18 26 7 20 37 26 6 7 32 6 35 17 38 35 19 16 9 5 6 117 37 5 17 9 118 6 27 6 7 28 36 28 39 19 4 7 32 7 5 37 17 35 33 21 5 8 25 26 21 9 34 107 28 7 118 40 37 9 9
itemClass_demand 1 1 1 1 1 1 1 1 1 1 1 1 1 1 1 1 1 1 1 1 1 1 1 1 1 1 1 1 1 1 1 1 1 1 1 1 1 1 1 1 1 1 1 1 1 1 1 1 1 1 1 1 1 1 1 1 1 1 1 1 1 1 1 1 1 1 1 1 1 1 1 1 1 1 1 1 1 1 1 1 1 1 1 1 1 1 1 1 1 1 1 1 1 1 1 1 1 1 1 1 1 1 1 1 1 1 1 1 1 1 1 1 1 1 1 1 1 1 1 1 1 1 1 1 1 1 1 1 1 1 1 1 1 1 1 1 1 1 1 1 1 1 1 1 1 1 1 1 1 1 1 1 1 1 1 1 1 1 1 1 1 1 1 1 1 1 1 1 1 1 1 1 1 1 1 1 1 1 1 1 1 1 1 1 1 1 1 1 1 1 1 1 1 1 1 1 1 1 1 1 1 1 1 1 1 1 1 1 1 1 1 1 1 1 1 1 1 1 1 1 1 1 1 1 1 1 1 1 1 1 1 1 1 1 1 1 1 1 1 1 1 1 1 1 1 1 1 1 1 1 1 1 1 1 1 1 1 1 1 1 1 1 1 1 1 1 1 1 1 1 1 1 1 1 1 1 1 1 1 1 1 1 1 1 1 1 1 1 1 1 1 1 1 1 1 1 1 1 1 1 1 1 1 1 1 1 1 1 1 1 1 1 1 1 1 1 1 1 1 1 1 1 1 1 1 1 1 1 1 1 1 1 1 1 1 1 1 1 1 1 1 1 1 1 1 1 1 1 1 1 1 1 1 1 1 1 1 1 1 1 1 1 1 1 1 1 1 1 1 1 1 1 1 1 1 1 1 1 1 1 1 1 1 1 1 1 1 1 1 1 1 1 1 1 1 1 1 1 1 1 1 1 1 1 1 1 1 1 1 1 1 1 1 1 1 1 1 1 1 1 1 1 1 1 1 1 1 1 1 1 1 1 1 1 1 1 1 1 1 1 1 1 1 1 1 1 1 1 1 1 1 1 1 1 1 1 1 1 1 1 1 1 1 1 1 1 1 1 1 1 1 1 1 1 1 1 1 1 1 1 1 1 1 1 1 1 1 1 1 1 1 1 1 1 1 1 1 1 1 1 1 1 1 1 1 1 1 1 1 1 1 1 1 1 1 1 1 1 1 1 1 1 1 1 1 1 1 1 1 1 1 1 1 1 1 1 1 1 1 1 1 1 1 1 1 1 1 1 1 1 1 1 1 1 1 1 1 1 1 1 1 1 1 1 1 1 1 1 1 1 1 1 1 1 1 1 1 1 1 1 1 1 1 1 1 1 1 1 1 1 1 1 1 1 1 1 1 1 1 1
binNumber 10000
binClassNumber 1
binClass_widthVector 600
binClass_lengthVector 600
binClass_disponibility 1000
itemClass_weight 1850 9620 2220 8880 9990 39590 2220 14430 2960 13690 6290 12210 43290 6290 2590 13320 7400 25160 5760 13680 7560 5400 11160 6120 23760 26280 15120 7920 1440 14400 7920 4680 3600 18720 35280 7200 3700 4070 8510 21830 17390 15540 8880 1110 17020 4440 9990 2960 9250 21830 2960 18130 51060 3330 12800 2880 10240 8320 1600 16320 10240 2240 13760 5440 640 42880 1280 9600 20160 9600 13760 10240 11520 3840 4480 10560 12800 2240 640 11840 34560 16000 10240 2240 26880 23360 2880 13440 4160 320 4810 740 5920 15910 2220 1110 1480 2220 95090 4070 10360 1110 13320 21090 9990 27750 3700 1110 3720 41850 8370 9300 1240 12400 2790 1550 14570 8060 4960 8060 11780 8370 3410 17980 6200 21390 10230 3100 10540 44330 20150 930 8990 1860 1860 10540 8990 9920 12400 13020 8370 13950 2170 4650 4440 9620 19240 27380 7030 370 17020 740 11470 5920 28120 17760 29970 10730 7400 5550 1850 17390 5610 4290 2970 15180 45870 14850 4290 11880 3630 7260 1980 24750 6600 15840 5610 10890 4620 11880 1920 7360 28480 8640 19520 2560 21120 10240 24000 10880 28480 1920 6720 3840 960 1920 9280 4160 4030 3410 2170 1860 23250 6510 8370 11470 620 10540 10540 7440 10540 1550 10540 20460 33480 19220 27300 2700 9000 1800 600 14400 4200 1800 5400 6600 6000 17100 300 22200 10200 4200 33300 12900 22400 5600 6300 700 6300 7000 8400 5250 11200 28350 15750 23100 12600 12950 1750 17150 23100 2100 32190 12210 6290 9990 11840 25530 8140 18870 4440 10730 13320 370 9990 27380 12950 11840 5550 370 7440 17050 9920 2170 1550 19840 9920 7440 6200 42160 1860 15500 17050 5580 5580 11780 1550 3410 18000 34200 30900 4500 300 8100 16500 10200 6600 2700 13200 3300 3600 300 9600 1200 3300 13500 14570 1550 620 14570 5270 930 8370 18910 12710 620 1550 33790 19220 12090 4030 17360 1550 18290 3256 2702 1865 9675 5968 8625 2842 16040 14112 6443 1920 2709 44080 6494 7344 9024 2400 14040 2730 14467 14148 6647 3104 3200 6464 14972 2040 47212 12540 42400 14544 10989 14328 2835 2328 8928 10036 15600 45864 10935 2779 12032 2976 7420 9120 15800 42265 6984 9828 14516 10608 13195 1920 16120 15132 47096 14256 6768 13090 2020 7720 1995 15240 6080 3492 7980 40280 10088 7600 2604 2256 2430 6858 14652 2800 2274 10000 9275 47318 15600 2280 15390 15022 2298 46256 14837 6392 8717 41976 9802 14364 6664 6912 11228 6307 46138 15480 6240 2370 2723 9675 14934 8547 2849 2256 10582 7056 2400 9264 2667 6804 1930 12992 2376 42120 43896 42400 9450 46864 10989 5968 10179 14652 6800 6919 10100 7440 6368 46020 1995 14960 14948 15840 15390 6930 6750 9450 2316 13752 2424 47328 14136 2737 13440 2298 6324 43740 14326 14744 7056 2667 14937 2702 8148 12852 7258 14664 2424 2597 15124 1915 15428 1492 2968 13125 13233 10881 8022 40916 3088 3080 13788 10314 5952 14364 2646 41040 9698 7272 3384 7353 15200 10400 12682 10260 2984 1616 10556 13875 10503 2702 6545 12672 10200 10989 41088 44928 6494 42372 2730 13752 13825 6208 12276 7353 7680 2618 10612 14880 6392 47268 10036 13300 7833 2388 14023 8127 7110 10530 2765 7540 14208 10426 2250 2646 12384 2376 13825 6596 14554 13510 7448 6528 3510 1970 2244 45630 14319 1965 6630 3609 46492 2250 10719 2400 2611 10920 13392 10864 15054 7524 1624 2709 12512 2667 1960 14578 6885 13510 12606 7875 1890 3208 10025 10296 8316 3483 13294 43549 10612 2681 45902 14840 14023 3573 3564
