itemNumber 110
itemClassNumber 110
itemClass_widthVector 12 11 10 9 8 7 6 5 13 12 11 10 9 8 7 6 13 12 11 10 9 8 7 6 16 15 14 13 12 11 10 9 14 13 12 11 10 9 8 7 14 13 12 11 10 9 8 7 14 13 12 11 10 9 8 7 14 13 12 11 10 9 8 7 12 11 11 13 9 9 8 9 13 10 8 12 10 8 9 12 9 12 12 12 9 9 8 9 12 14 14 9 8 13 13 14 12 13 11 10 11 7 12 10 12 13 13 10 10 14
itemClass_lengthVector 14 20 1 7 11 46 8 3 3 7 3 37 4 40 9 7 14 13 43 4 20 6 3 7 16 43 3 3 2 10 29 4 15 34 9 2 24 3 4 19 6 33 1 17 3 27 11 12 3 20 33 2 7 19 1 25 15 11 35 19 8 16 3 3 1 1 2 20 10 11 47 12 13 6 46 1 7 47 10 1 12 1 20 20 12 11 45 12 19 15 15 11 45 20 21 15 21 20 1 6 2 8 21 6 1 15 19 6 7 13
itemClass_demand 1 1 1 1 1 1 1 1 1 1 1 1 1 1 1 1 1 1 1 1 1 1 1 1 1 1 1 1 1 1 1 1 1 1 1 1 1 1 1 1 1 1 1 1 1 1 1 1 1 1 1 1 1 1 1 1 1 1 1 1 1 1 1 1 1 1 1 1 1 1 1 1 1 1 1 1 1 1 1 1 1 1 1 1 1 1 1 1 1 1 1 1 1 1 1 1 1 1 1 1 1 1 1 1 1 1 1 1 1 1
binNumber 10000
binClassNumber 1
binClass_widthVector 110
binClass_lengthVector 110
binClass_disponibility 1000
itemClass_weight 1680 2400 120 840 1320 5520 960 360 390 910 390 4810 520 5200 1170 910 1820 1690 5590 520 2600 780 390 910 2560 6880 480 480 320 1600 4640 640 2100 4760 1260 280 3360 420 560 2660 840 4620 140 2380 420 3780 1540 1680 420 2800 4620 280 980 2660 140 3500 2100 1540 4900 2660 1120 2240 420 420 129 133 244 2660 1330 1441 6157 1536 1573 750 6026 123 917 5969 1220 128 1452 122 2460 2640 1452 1452 5580 1500 2375 1845 1875 1386 5625 2580 2625 1830 2688 2560 129 786 244 1048 2583 732 130 1980 2356 750 861 1729
