itemNumber 60
itemClassNumber 60
itemClass_widthVector 9 8 7 6 5 4 11 10 9 8 7 6 8 7 6 5 4 3 11 10 9 8 7 6 12 11 10 9 8 7 9 8 7 6 5 4 9 9 8 10 6 8 10 8 8 7 6 9 9 10 8 9 10 6 10 9 6 7 7 7
itemClass_lengthVector 2 3 1 20 10 24 2 5 7 3 36 7 41 6 8 1 1 3 6 10 2 13 22 7 11 8 9 1 10 21 18 12 4 1 6 19 4 3 2 1 11 1 1 2 1 21 9 3 3 2 1 3 1 11 3 3 10 19 20 20
itemClass_demand 1 1 1 1 1 1 1 1 1 1 1 1 1 1 1 1 1 1 1 1 1 1 1 1 1 1 1 1 1 1 1 1 1 1 1 1 1 1 1 1 1 1 1 1 1 1 1 1 1 1 1 1 1 1 1 1 1 1 1 1
binNumber 10000
binClassNumber 1
binClass_widthVector 60
binClass_lengthVector 60
binClass_disponibility 1000
itemClass_weight 180 270 90 1800 900 2160 220 550 770 330 3960 770 3280 480 640 80 80 240 660 1100 220 1430 2420 770 1320 960 1080 120 1200 2520 1620 1080 360 90 540 1710 380 300 192 95 1012 98 92 182 93 1995 855 300 288 192 98 276 93 1100 300 276 940 1862 1880 1940
