itemNumber 130
itemClassNumber 130
itemClass_widthVector 15 14 13 12 11 10 9 8 7 13 12 11 10 9 8 7 6 5 13 12 11 10 9 8 7 6 5 15 14 13 12 11 10 9 8 7 16 15 14 13 12 11 10 9 8 15 14 13 12 11 10 9 8 7 15 14 13 12 11 10 9 8 7 14 13 12 11 10 9 8 7 6 14 13 12 11 10 9 8 7 6 14 9 15 15 9 17 14 10 11 15 12 15 14 9 16 17 14 11 11 9 10 10 14 17 9 13 9 9 9 9 12 10 14 16 15 16 12 10 16 14 12 17 13 13 15 14 17 16 12
itemClass_lengthVector 4 3 15 6 29 12 45 3 13 22 23 11 17 8 12 2 27 8 10 12 4 2 43 1 13 25 20 26 11 6 18 24 14 17 11 3 5 10 9 26 39 8 17 12 4 4 22 1 16 1 18 3 43 22 7 7 14 8 37 4 9 19 25 2 5 30 16 17 17 10 6 27 5 11 7 35 10 9 20 31 2 15 4 3 16 2 3 7 44 13 16 28 4 16 4 5 3 14 13 13 4 45 45 6 3 2 6 2 2 2 2 28 45 16 2 16 5 12 45 3 16 28 5 29 7 14 15 5 3 13
itemClass_demand 1 1 1 1 1 1 1 1 1 1 1 1 1 1 1 1 1 1 1 1 1 1 1 1 1 1 1 1 1 1 1 1 1 1 1 1 1 1 1 1 1 1 1 1 1 1 1 1 1 1 1 1 1 1 1 1 1 1 1 1 1 1 1 1 1 1 1 1 1 1 1 1 1 1 1 1 1 1 1 1 1 1 1 1 1 1 1 1 1 1 1 1 1 1 1 1 1 1 1 1 1 1 1 1 1 1 1 1 1 1 1 1 1 1 1 1 1 1 1 1 1 1 1 1 1 1 1 1 1 1
binNumber 10000
binClassNumber 1
binClass_widthVector 130
binClass_lengthVector 130
binClass_disponibility 1000
itemClass_weight 600 450 2250 900 4350 1800 6750 450 1950 2860 2990 1430 2210 1040 1560 260 3510 1040 1300 1560 520 260 5590 130 1690 3250 2600 3900 1650 900 2700 3600 2100 2550 1650 450 800 1600 1440 4160 6240 1280 2720 1920 640 600 3300 150 2400 150 2700 450 6450 3300 1050 1050 2100 1200 5550 600 1350 2850 3750 280 700 4200 2240 2380 2380 1400 840 3780 700 1540 980 4900 1400 1260 2800 4340 280 2460 636 477 2464 330 462 1064 6908 1989 2592 4256 604 2560 608 805 459 2296 2132 2080 648 7470 7020 984 492 324 960 324 312 306 326 4592 7020 2640 332 2464 785 1920 7245 459 2560 4284 760 4379 1085 2128 2445 760 453 1963
