itemNumber 70
itemClassNumber 70
itemClass_widthVector 10 9 8 7 6 5 13 12 11 10 9 8 13 12 11 10 9 8 10 9 8 7 6 5 11 10 9 8 7 6 13 12 11 10 9 8 7 9 10 9 7 9 8 8 9 8 8 7 8 8 11 9 7 8 9 9 9 10 12 9 7 8 8 11 10 7 7 9 8 10
itemClass_lengthVector 5 16 15 27 4 3 18 19 9 3 5 16 6 25 18 8 2 11 31 10 15 2 3 9 5 5 29 25 5 1 13 9 3 20 12 13 5 15 15 15 5 14 27 28 16 26 27 5 27 26 5 14 4 27 16 16 16 17 5 14 3 26 26 6 15 5 3 14 28 15
itemClass_demand 1 1 1 1 1 1 1 1 1 1 1 1 1 1 1 1 1 1 1 1 1 1 1 1 1 1 1 1 1 1 1 1 1 1 1 1 1 1 1 1 1 1 1 1 1 1 1 1 1 1 1 1 1 1 1 1 1 1 1 1 1 1 1 1 1 1 1 1 1 1
binNumber 10000
binClassNumber 1
binClass_widthVector 70
binClass_lengthVector 70
binClass_disponibility 1000
itemClass_weight 500 1600 1500 2700 400 300 2340 2470 1170 390 650 2080 780 3250 2340 1040 260 1430 3100 1000 1500 200 300 900 550 550 3190 2750 550 110 1690 1170 390 2600 1560 1690 510 1545 1590 1515 530 1470 2889 3052 1760 2808 2889 545 2943 2626 505 1428 412 2862 1712 1664 1776 1717 520 1540 309 2860 2678 642 1620 540 330 1456 2996 1530
