itemNumber 60
itemClassNumber 60
itemClass_widthVector 9 8 7 6 5 4 11 10 9 8 7 6 10 9 8 7 6 5 10 9 8 7 6 5 11 10 9 8 7 6 9 8 7 6 5 4 7 10 7 6 9 8 10 7 6 9 7 9 7 8 10 7 9 8 9 6 7 6 7 8
itemClass_lengthVector 12 19 2 18 1 8 10 5 34 2 8 1 8 14 10 3 10 15 11 11 8 6 11 13 5 11 34 3 3 4 10 3 9 13 22 3 18 11 17 1 20 3 11 18 2 20 19 18 19 1 12 17 20 1 19 1 18 1 19 3
itemClass_demand 1 1 1 1 1 1 1 1 1 1 1 1 1 1 1 1 1 1 1 1 1 1 1 1 1 1 1 1 1 1 1 1 1 1 1 1 1 1 1 1 1 1 1 1 1 1 1 1 1 1 1 1 1 1 1 1 1 1 1 1
binNumber 10000
binClassNumber 1
binClass_widthVector 60
binClass_lengthVector 60
binClass_disponibility 1000
itemClass_weight 1080 1710 180 1620 90 720 1100 550 3740 220 880 110 800 1400 1000 300 1000 1500 1100 1100 800 600 1100 1300 550 1210 3740 330 330 440 900 270 810 1170 1980 270 1638 1001 1700 93 1920 282 1023 1638 194 1920 1786 1764 1729 95 1116 1581 1820 91 1824 100 1782 91 1729 282
