itemNumber 80
itemClassNumber 80
itemClass_widthVector 12 11 10 9 8 7 6 10 9 8 7 6 5 4 12 11 10 9 8 7 6 12 11 10 9 8 7 6 11 10 9 8 7 6 5 10 9 8 7 6 5 4 13 12 11 10 9 8 7 12 14 8 10 10 10 10 12 12 10 11 9 8 8 10 8 14 13 13 13 13 8 11 10 11 8 8 9 9 14 12
itemClass_lengthVector 8 5 15 19 18 10 5 8 8 13 26 16 2 7 16 3 21 14 16 4 6 27 14 14 5 4 5 11 39 5 14 6 4 6 6 6 4 44 9 9 2 6 8 1 26 5 21 13 6 6 7 9 18 20 20 19 4 6 20 14 18 11 11 19 10 7 8 9 8 6 10 15 19 14 10 9 18 17 9 14
itemClass_demand 1 1 1 1 1 1 1 1 1 1 1 1 1 1 1 1 1 1 1 1 1 1 1 1 1 1 1 1 1 1 1 1 1 1 1 1 1 1 1 1 1 1 1 1 1 1 1 1 1 1 1 1 1 1 1 1 1 1 1 1 1 1 1 1 1 1 1 1 1 1 1 1 1 1 1 1 1 1 1 1
binNumber 10000
binClassNumber 1
binClass_widthVector 80
binClass_lengthVector 80
binClass_disponibility 1000
itemClass_weight 960 600 1800 2280 2160 1200 600 800 800 1300 2600 1600 200 700 1920 360 2520 1680 1920 480 720 3240 1680 1680 600 480 600 1320 4290 550 1540 660 440 660 660 600 400 4400 900 900 200 600 1040 130 3380 650 2730 1690 780 768 861 1143 2304 2460 2640 2356 492 726 2500 1778 2214 1408 1397 2432 1240 861 976 1161 976 738 1300 1830 2432 1708 1280 1116 2376 2227 1161 1862
