itemNumber 90
itemClassNumber 90
itemClass_widthVector 12 11 10 9 8 7 6 13 12 11 10 9 8 7 12 11 10 9 8 7 6 15 14 13 12 11 10 9 13 12 11 10 9 8 7 13 12 11 10 9 8 7 12 11 10 9 8 7 6 11 8 9 13 12 13 11 12 13 12 14 12 9 12 10 13 8 12 11 13 12 14 8 10 9 8 9 10 8 10 11 8 10 12 14 10 13 9 10 8 9
itemClass_lengthVector 3 6 3 26 14 19 19 4 21 3 6 1 48 7 12 11 9 4 25 4 25 21 9 7 19 2 19 13 19 25 17 6 2 14 7 42 4 10 16 4 6 8 4 12 7 15 5 16 31 3 19 13 6 6 3 3 6 2 7 4 6 14 6 26 6 19 5 2 6 2 4 20 25 13 19 13 26 20 27 4 20 27 5 4 26 2 14 25 20 14
itemClass_demand 1 1 1 1 1 1 1 1 1 1 1 1 1 1 1 1 1 1 1 1 1 1 1 1 1 1 1 1 1 1 1 1 1 1 1 1 1 1 1 1 1 1 1 1 1 1 1 1 1 1 1 1 1 1 1 1 1 1 1 1 1 1 1 1 1 1 1 1 1 1 1 1 1 1 1 1 1 1 1 1 1 1 1 1 1 1 1 1 1 1
binNumber 10000
binClassNumber 1
binClass_widthVector 90
binClass_lengthVector 90
binClass_disponibility 1000
itemClass_weight 360 720 360 3120 1680 2280 2280 520 2730 390 780 130 6240 910 1440 1320 1080 480 3000 480 3000 3150 1350 1050 2850 300 2850 1950 2470 3250 2210 780 260 1820 910 5460 520 1300 2080 520 780 1040 480 1440 840 1800 600 1920 3720 399 2375 1625 780 756 378 384 732 264 910 520 732 1834 744 3146 744 2432 625 266 738 260 524 2560 3100 1625 2413 1638 3250 2420 3591 492 2600 3429 615 488 3354 262 1806 3025 2560 1694
