itemNumber 180
itemClassNumber 180
itemClass_widthVector 18 17 16 15 14 13 12 11 10 9 17 16 15 14 13 12 11 10 9 8 19 18 17 16 15 14 13 12 11 10 19 18 17 16 15 14 13 12 11 10 17 16 15 14 13 12 11 10 9 8 17 16 15 14 13 12 11 10 9 8 19 18 17 16 15 14 13 12 11 10 19 18 17 16 15 14 13 12 11 10 17 16 15 14 13 12 11 10 9 8 18 17 16 15 14 13 12 11 10 9 15 14 13 13 17 16 19 16 16 12 11 12 18 11 16 18 18 14 16 12 17 18 12 17 14 16 14 12 18 11 20 14 19 15 16 15 12 13 11 18 11 18 20 15 11 11 20 17 17 15 11 12 14 13 13 12 15 11 16 16 16 18 14 12 12 13 16 15 17 18 13 19 15 20 13 12 15 14 16 13
itemClass_lengthVector 39 21 42 19 1 17 2 22 1 16 25 10 59 6 2 8 4 34 5 27 8 52 12 15 18 32 13 6 19 5 6 12 5 16 37 13 17 1 3 70 9 11 8 23 24 30 33 16 3 23 27 72 31 4 10 9 6 6 10 5 6 10 19 46 16 52 2 7 4 18 46 19 12 5 12 23 35 2 7 19 48 9 5 7 15 28 17 39 6 6 9 22 18 9 12 11 35 20 10 34 18 3 1 23 18 2 22 18 19 23 1 2 21 1 18 20 41 1 2 22 41 21 2 42 3 1 17 1 41 1 39 3 38 2 19 17 23 3 1 41 1 41 38 1 2 2 40 41 19 18 1 1 3 1 23 23 1 1 2 1 1 43 17 23 1 3 18 1 41 41 1 21 17 39 2 22 16 1 1 22
itemClass_demand 1 1 1 1 1 1 1 1 1 1 1 1 1 1 1 1 1 1 1 1 1 1 1 1 1 1 1 1 1 1 1 1 1 1 1 1 1 1 1 1 1 1 1 1 1 1 1 1 1 1 1 1 1 1 1 1 1 1 1 1 1 1 1 1 1 1 1 1 1 1 1 1 1 1 1 1 1 1 1 1 1 1 1 1 1 1 1 1 1 1 1 1 1 1 1 1 1 1 1 1 1 1 1 1 1 1 1 1 1 1 1 1 1 1 1 1 1 1 1 1 1 1 1 1 1 1 1 1 1 1 1 1 1 1 1 1 1 1 1 1 1 1 1 1 1 1 1 1 1 1 1 1 1 1 1 1 1 1 1 1 1 1 1 1 1 1 1 1 1 1 1 1 1 1 1 1 1 1 1 1
binNumber 10000
binClassNumber 1
binClass_widthVector 180
binClass_lengthVector 180
binClass_disponibility 1000
itemClass_weight 7020 3780 7560 3420 180 3060 360 3960 180 2880 4250 1700 10030 1020 340 1360 680 5780 850 4590 1520 9880 2280 2850 3420 6080 2470 1140 3610 950 1140 2280 950 3040 7030 2470 3230 190 570 13300 1530 1870 1360 3910 4080 5100 5610 2720 510 3910 4590 12240 5270 680 1700 1530 1020 1020 1700 850 1140 1900 3610 8740 3040 9880 380 1330 760 3420 8740 3610 2280 950 2280 4370 6650 380 1330 3610 8160 1530 850 1190 2550 4760 2890 6630 1020 1020 1620 3960 3240 1620 2160 1980 6300 3600 1800 6120 3420 546 181 4554 3546 376 4048 3546 3439 4278 181 364 3969 192 3564 3780 8159 188 364 4004 7462 3843 382 8064 597 187 3145 183 7995 194 7449 585 7524 388 3439 3128 4531 573 196 7462 193 7544 7220 199 368 396 7960 7626 3591 3456 193 186 555 184 4531 4255 199 198 398 181 187 8084 3298 4485 183 585 3366 189 7749 7626 184 3822 3077 7566 374 4356 2928 197 192 4048
