itemNumber 150
itemClassNumber 150
itemClass_widthVector 17 16 15 14 13 12 11 10 9 17 16 15 14 13 12 11 10 9 16 15 14 13 12 11 10 9 8 18 17 16 15 14 13 12 11 10 19 18 17 16 15 14 13 12 11 16 15 14 13 12 11 10 9 8 16 15 14 13 12 11 10 9 8 15 14 13 12 11 10 9 8 7 16 15 14 13 12 11 10 9 8 15 13 19 12 15 12 14 14 12 19 12 15 18 18 12 17 14 13 13 11 13 17 13 16 12 16 12 18 14 11 16 15 14 12 17 16 17 13 12 13 18 17 17 18 15 11 14 12 15 15 14 16 14 14 17 14 13 15 18 15 17 18 17 16 17 15 15 13 14
itemClass_lengthVector 16 41 18 18 10 31 4 3 9 23 20 32 5 7 9 4 30 20 50 24 6 26 3 2 20 16 3 18 20 13 21 16 33 12 4 13 16 10 6 27 2 11 11 2 65 5 15 20 10 24 2 7 23 44 12 13 19 31 18 1 23 30 3 10 1 21 7 25 19 43 14 10 10 46 1 7 44 2 4 14 22 9 32 16 3 11 5 31 11 5 15 4 17 41 15 4 40 11 30 30 3 3 40 4 19 3 17 3 17 9 4 18 17 32 4 18 18 18 32 5 31 17 41 19 40 11 4 30 3 10 9 31 19 32 10 40 9 5 17 16 9 19 42 19 18 41 11 10 3 11
itemClass_demand 1 1 1 1 1 1 1 1 1 1 1 1 1 1 1 1 1 1 1 1 1 1 1 1 1 1 1 1 1 1 1 1 1 1 1 1 1 1 1 1 1 1 1 1 1 1 1 1 1 1 1 1 1 1 1 1 1 1 1 1 1 1 1 1 1 1 1 1 1 1 1 1 1 1 1 1 1 1 1 1 1 1 1 1 1 1 1 1 1 1 1 1 1 1 1 1 1 1 1 1 1 1 1 1 1 1 1 1 1 1 1 1 1 1 1 1 1 1 1 1 1 1 1 1 1 1 1 1 1 1 1 1 1 1 1 1 1 1 1 1 1 1 1 1 1 1 1 1 1 1
binNumber 10000
binClassNumber 1
binClass_widthVector 150
binClass_lengthVector 150
binClass_disponibility 1000
itemClass_weight 2720 6970 3060 3060 1700 5270 680 510 1530 3910 3400 5440 850 1190 1530 680 5100 3400 8000 3840 960 4160 480 320 3200 2560 480 3240 3600 2340 3780 2880 5940 2160 720 2340 3040 1900 1140 5130 380 2090 2090 380 12350 800 2400 3200 1600 3840 320 1120 3680 7040 1920 2080 3040 4960 2880 160 3680 4800 480 1500 150 3150 1050 3750 2850 6450 2100 1500 1600 7360 160 1120 7040 320 640 2240 3520 1548 5856 2768 543 1991 895 5363 1892 895 2790 684 3043 7298 2715 684 7440 1892 5400 5640 540 549 7280 692 3534 546 3077 564 2907 1674 748 3276 2924 5760 732 3258 3150 3186 5536 905 5580 3179 7216 3287 7120 1958 720 5640 543 1710 1692 5301 3515 5536 1860 6920 1584 855 3009 2784 1584 3325 7182 3325 3366 7216 2068 1760 513 1980
