itemNumber 80
itemClassNumber 80
itemClass_widthVector 11 10 9 8 7 6 5 10 9 8 7 6 5 4 11 10 9 8 7 6 5 13 12 11 10 9 8 7 12 11 10 9 8 7 6 10 9 8 7 6 5 4 13 12 11 10 9 8 7 9 7 10 8 13 10 11 8 12 8 10 11 12 7 10 10 7 9 9 13 12 10 13 7 8 8 10 8 8 10 7
itemClass_lengthVector 7 4 5 14 5 10 35 15 9 1 29 14 7 5 19 5 11 1 20 10 14 24 16 8 3 22 2 5 8 5 13 20 6 4 24 4 19 20 2 4 21 10 7 6 3 3 6 28 27 15 10 4 5 6 4 4 5 3 5 4 4 4 11 4 4 10 13 15 6 4 5 8 9 6 5 6 5 4 4 11
itemClass_demand 1 1 1 1 1 1 1 1 1 1 1 1 1 1 1 1 1 1 1 1 1 1 1 1 1 1 1 1 1 1 1 1 1 1 1 1 1 1 1 1 1 1 1 1 1 1 1 1 1 1 1 1 1 1 1 1 1 1 1 1 1 1 1 1 1 1 1 1 1 1 1 1 1 1 1 1 1 1 1 1
binNumber 10000
binClassNumber 1
binClass_widthVector 80
binClass_lengthVector 80
binClass_disponibility 1000
itemClass_weight 770 440 550 1540 550 1100 3850 1500 900 100 2900 1400 700 500 2090 550 1210 110 2200 1100 1540 3120 2080 1040 390 2860 260 650 960 600 1560 2400 720 480 2880 400 1900 2000 200 400 2100 1000 910 780 390 390 780 3640 3510 1815 1200 452 580 732 448 456 560 336 585 444 456 444 1298 448 452 1110 1443 1725 726 452 610 960 1080 690 575 696 565 468 484 1342
