itemNumber 130
itemClassNumber 130
itemClass_widthVector 16 15 14 13 12 11 10 9 8 13 12 11 10 9 8 7 6 5 14 13 12 11 10 9 8 7 6 15 14 13 12 11 10 9 8 7 16 15 14 13 12 11 10 9 8 13 12 11 10 9 8 7 6 5 15 14 13 12 11 10 9 8 7 13 12 11 10 9 8 7 6 5 15 14 13 12 11 10 9 8 7 13 12 17 16 10 16 18 14 12 14 15 15 15 16 12 13 12 10 17 11 13 12 10 13 18 16 17 17 12 15 17 12 17 18 14 16 15 18 13 12 10 18 15 12 16 11 17 10 13
itemClass_lengthVector 25 7 15 4 30 11 17 12 9 11 7 1 1 13 12 12 47 26 5 8 31 13 40 8 13 5 7 38 5 11 3 21 17 1 20 14 5 3 21 30 9 14 25 22 1 21 5 7 7 5 37 13 10 25 20 4 8 11 16 9 7 54 1 1 10 7 19 34 3 5 33 18 18 22 21 18 2 12 14 8 15 31 10 8 6 11 15 24 3 16 4 4 3 15 14 11 11 10 13 26 17 11 10 12 30 24 6 25 8 17 16 25 16 7 24 30 8 5 24 12 18 13 24 4 17 8 17 26 12 29
itemClass_demand 1 1 1 1 1 1 1 1 1 1 1 1 1 1 1 1 1 1 1 1 1 1 1 1 1 1 1 1 1 1 1 1 1 1 1 1 1 1 1 1 1 1 1 1 1 1 1 1 1 1 1 1 1 1 1 1 1 1 1 1 1 1 1 1 1 1 1 1 1 1 1 1 1 1 1 1 1 1 1 1 1 1 1 1 1 1 1 1 1 1 1 1 1 1 1 1 1 1 1 1 1 1 1 1 1 1 1 1 1 1 1 1 1 1 1 1 1 1 1 1 1 1 1 1 1 1 1 1 1 1
binNumber 10000
binClassNumber 1
binClass_widthVector 130
binClass_lengthVector 130
binClass_disponibility 1000
itemClass_weight 4000 1120 2400 640 4800 1760 2720 1920 1440 1430 910 130 130 1690 1560 1560 6110 3380 700 1120 4340 1820 5600 1120 1820 700 980 5700 750 1650 450 3150 2550 150 3000 2100 800 480 3360 4800 1440 2240 4000 3520 160 2730 650 910 910 650 4810 1690 1300 3250 3000 600 1200 1650 2400 1350 1050 8100 150 130 1300 910 2470 4420 390 650 4290 2340 2700 3300 3150 2700 300 1800 2100 1200 2250 5053 1620 1296 978 1859 2460 4248 531 2608 660 696 519 2580 2268 1837 1925 1720 2301 4264 2737 1859 1740 1944 5220 4008 984 4100 1312 3009 2832 4325 2640 1183 4200 4860 1328 885 3960 2028 2952 2236 3864 656 2737 1296 2805 4186 2016 4669
