itemNumber 160
itemClassNumber 160
itemClass_widthVector 19 18 17 16 15 14 13 12 11 18 17 16 15 14 13 12 11 10 17 16 15 14 13 12 11 10 9 17 16 15 14 13 12 11 10 9 19 18 17 16 15 14 13 12 11 16 15 14 13 12 11 10 9 8 17 16 15 14 13 12 11 10 9 19 18 17 16 15 14 13 12 11 18 17 16 15 14 13 12 11 10 16 18 21 17 18 13 14 15 15 16 15 14 19 17 21 18 17 16 18 18 13 16 14 18 19 15 17 18 15 17 14 19 16 17 21 20 18 18 20 17 20 14 16 21 19 15 15 20 19 20 18 14 16 16 17 19 17 15 16 16 18 19 17 20 15 17 16 13 15 16 17 21 19 18 18 19 17 19 19
itemClass_lengthVector 1 37 21 36 18 5 25 11 6 5 11 8 5 29 51 5 17 29 8 14 77 22 2 16 14 3 4 8 38 40 8 2 33 2 16 13 10 10 7 19 11 14 70 15 4 43 19 11 44 2 3 2 17 19 3 8 19 34 29 36 11 19 1 12 30 26 4 3 39 1 43 2 36 16 10 7 39 4 9 22 17 6 20 1 36 36 12 26 25 4 19 4 12 20 36 1 37 37 4 36 36 12 18 11 21 21 25 18 21 25 18 11 20 19 17 2 1 37 21 37 36 2 12 6 2 21 26 4 1 36 1 37 11 4 4 17 22 35 26 5 4 36 22 18 38 6 18 5 10 24 6 18 2 38 21 21 38 36 21 21
itemClass_demand 1 1 1 1 1 1 1 1 1 1 1 1 1 1 1 1 1 1 1 1 1 1 1 1 1 1 1 1 1 1 1 1 1 1 1 1 1 1 1 1 1 1 1 1 1 1 1 1 1 1 1 1 1 1 1 1 1 1 1 1 1 1 1 1 1 1 1 1 1 1 1 1 1 1 1 1 1 1 1 1 1 1 1 1 1 1 1 1 1 1 1 1 1 1 1 1 1 1 1 1 1 1 1 1 1 1 1 1 1 1 1 1 1 1 1 1 1 1 1 1 1 1 1 1 1 1 1 1 1 1 1 1 1 1 1 1 1 1 1 1 1 1 1 1 1 1 1 1 1 1 1 1 1 1 1 1 1 1 1 1
binNumber 10000
binClassNumber 1
binClass_widthVector 160
binClass_lengthVector 160
binClass_disponibility 1000
itemClass_weight 190 7030 3990 6840 3420 950 4750 2090 1140 900 1980 1440 900 5220 9180 900 3060 5220 1360 2380 13090 3740 340 2720 2380 510 680 1360 6460 6800 1360 340 5610 340 2720 2210 1900 1900 1330 3610 2090 2660 13300 2850 760 6880 3040 1760 7040 320 480 320 2720 3040 510 1360 3230 5780 4930 6120 1870 3230 170 2280 5700 4940 760 570 7410 190 8170 380 6480 2880 1800 1260 7020 720 1620 3960 3060 1254 3820 208 7272 7488 2364 5018 4825 800 3876 788 2472 4100 7128 199 7400 7659 812 6912 7452 2328 3618 2156 4368 4032 5100 3510 4410 5250 3654 2156 3880 3838 3349 384 196 7289 4410 7696 7452 406 2460 1224 382 4074 5460 808 204 7128 209 7289 2288 772 780 3570 4202 7210 5278 1030 772 7164 4378 3492 7448 1260 3600 1035 2100 5040 1170 3654 416 7562 4200 4200 7486 7092 4305 4305
