itemNumber 140
itemClassNumber 140
itemClass_widthVector 17 16 15 14 13 12 11 10 9 16 15 14 13 12 11 10 9 8 16 15 14 13 12 11 10 9 8 15 14 13 12 11 10 9 8 7 15 14 13 12 11 10 9 8 7 14 13 12 11 10 9 8 7 6 16 15 14 13 12 11 10 9 8 17 16 15 14 13 12 11 10 9 14 13 12 11 10 9 8 7 6 17 12 12 17 14 14 18 18 14 14 18 12 15 18 11 17 11 11 15 15 17 17 15 18 11 13 13 15 17 14 12 12 12 15 11 13 16 16 18 16 19 16 17 15 13 13 13 17 15 16 18 12 14 11 14 14 17 15 15
itemClass_lengthVector 11 30 3 17 25 12 11 7 24 12 11 31 15 3 16 14 6 32 1 2 26 3 19 1 33 24 31 11 3 10 14 1 6 5 20 70 5 24 22 3 35 5 9 13 24 7 8 8 4 46 6 5 49 7 36 8 23 8 20 1 7 28 9 4 12 38 19 3 15 9 16 24 26 11 7 27 19 9 17 11 13 3 10 8 31 26 24 29 11 11 13 12 11 16 29 6 30 8 6 17 16 29 31 17 11 7 10 13 24 3 24 6 8 10 25 7 10 3 18 30 18 12 18 30 16 11 11 12 4 24 4 11 8 25 7 11 25 30 18 18
itemClass_demand 1 1 1 1 1 1 1 1 1 1 1 1 1 1 1 1 1 1 1 1 1 1 1 1 1 1 1 1 1 1 1 1 1 1 1 1 1 1 1 1 1 1 1 1 1 1 1 1 1 1 1 1 1 1 1 1 1 1 1 1 1 1 1 1 1 1 1 1 1 1 1 1 1 1 1 1 1 1 1 1 1 1 1 1 1 1 1 1 1 1 1 1 1 1 1 1 1 1 1 1 1 1 1 1 1 1 1 1 1 1 1 1 1 1 1 1 1 1 1 1 1 1 1 1 1 1 1 1 1 1 1 1 1 1 1 1 1 1 1 1
binNumber 10000
binClassNumber 1
binClass_widthVector 140
binClass_lengthVector 140
binClass_disponibility 1000
itemClass_weight 1870 5100 510 2890 4250 2040 1870 1190 4080 1920 1760 4960 2400 480 2560 2240 960 5120 160 320 4160 480 3040 160 5280 3840 4960 1650 450 1500 2100 150 900 750 3000 10500 750 3600 3300 450 5250 750 1350 1950 3600 980 1120 1120 560 6440 840 700 6860 980 5760 1280 3680 1280 3200 160 1120 4480 1440 680 2040 6460 3230 510 2550 1530 2720 4080 3640 1540 980 3780 2660 1260 2380 1540 1820 564 1880 1504 5704 4888 4200 5365 1881 1958 2314 2064 1903 2768 5394 1086 5550 1464 1092 3009 2752 5278 5735 3026 1881 1218 1860 2236 4128 513 4344 1086 1464 1790 4625 1267 1730 531 3150 5490 3114 2232 3366 5400 2736 1925 2057 2196 728 4392 704 1969 1384 4675 1232 1892 4400 5430 3312 3312
