itemNumber 300
itemClassNumber 300
itemClass_widthVector 23 22 21 20 19 18 17 16 15 14 13 12 11 22 21 20 19 18 17 16 15 14 13 12 11 10 26 25 24 23 22 21 20 19 18 17 16 15 14 22 21 20 19 18 17 16 15 14 13 12 11 10 23 22 21 20 19 18 17 16 15 14 13 12 11 23 22 21 20 19 18 17 16 15 14 13 12 11 23 22 21 20 19 18 17 16 15 14 13 12 11 22 21 20 19 18 17 16 15 14 13 12 11 10 23 22 21 20 19 18 17 16 15 14 13 12 11 24 23 22 21 20 19 18 17 16 15 14 13 12 23 22 21 20 19 18 17 16 15 14 13 12 11 22 21 20 19 18 17 16 15 14 13 12 11 10 24 23 22 21 20 19 18 17 16 15 14 13 12 26 16 16 16 13 15 22 14 17 20 22 20 20 16 14 19 24 14 16 15 26 15 24 24 17 18 15 14 19 24 15 24 20 23 14 13 14 24 23 17 14 25 21 19 23 17 17 20 18 20 24 25 22 24 24 15 24 14 15 24 14 22 16 16 16 16 23 18 16 20 15 16 24 16 14 14 21 20 20 20 17 14 17 21 20 20 15 23 19 22 15 17 25 22 19 16 15 24 23 16 13 22 17 15 17 19 18 16 26 13 17 13 17 14 16 22 23 20 18 24 19 23 23 20 25 20 17 18 17 25 23
itemClass_lengthVector 106 9 3 17 9 13 4 16 5 1 18 38 61 9 1 42 20 6 11 12 46 105 2 18 2 26 38 22 13 12 55 20 3 10 26 28 16 1 56 23 9 10 77 111 7 6 4 9 1 33 2 8 2 6 66 54 1 50 19 1 22 35 7 3 34 51 12 3 96 10 4 29 30 13 33 12 2 5 15 16 36 14 15 44 33 1 9 26 27 55 9 76 12 1 27 73 2 24 25 3 3 11 35 8 2 14 2 117 38 27 27 1 3 2 3 2 62 56 6 29 22 18 8 17 10 4 35 8 18 69 114 2 31 18 11 5 13 2 11 2 11 21 59 83 12 15 11 8 61 59 4 2 11 7 14 13 5 29 52 31 68 11 18 2 8 20 40 8 8 106 6 4 1 37 1 18 18 4 9 4 9 10 5 37 12 8 17 1 1 105 17 9 4 4 17 1 38 5 8 1 8 12 16 37 38 17 8 4 17 37 105 10 13 3 5 4 8 5 14 105 107 18 105 2 1 10 17 2 10 37 4 1 4 5 5 17 3 6 10 17 4 8 2 39 38 17 10 10 13 5 18 5 9 13 10 19 8 14 18 18 16 8 18 13 5 1 107 3 1 39 3 4 1 17 5 16 5 106 39 4 39 15 18 1 2 3 10 17 9 5 17 16 13 106 10 17 17 15 105 16
itemClass_demand 1 1 1 1 1 1 1 1 1 1 1 1 1 1 1 1 1 1 1 1 1 1 1 1 1 1 1 1 1 1 1 1 1 1 1 1 1 1 1 1 1 1 1 1 1 1 1 1 1 1 1 1 1 1 1 1 1 1 1 1 1 1 1 1 1 1 1 1 1 1 1 1 1 1 1 1 1 1 1 1 1 1 1 1 1 1 1 1 1 1 1 1 1 1 1 1 1 1 1 1 1 1 1 1 1 1 1 1 1 1 1 1 1 1 1 1 1 1 1 1 1 1 1 1 1 1 1 1 1 1 1 1 1 1 1 1 1 1 1 1 1 1 1 1 1 1 1 1 1 1 1 1 1 1 1 1 1 1 1 1 1 1 1 1 1 1 1 1 1 1 1 1 1 1 1 1 1 1 1 1 1 1 1 1 1 1 1 1 1 1 1 1 1 1 1 1 1 1 1 1 1 1 1 1 1 1 1 1 1 1 1 1 1 1 1 1 1 1 1 1 1 1 1 1 1 1 1 1 1 1 1 1 1 1 1 1 1 1 1 1 1 1 1 1 1 1 1 1 1 1 1 1 1 1 1 1 1 1 1 1 1 1 1 1 1 1 1 1 1 1 1 1 1 1 1 1 1 1 1 1 1 1 1 1 1 1 1 1 1 1 1 1 1 1 1 1 1 1 1 1
binNumber 10000
binClassNumber 1
binClass_widthVector 300
binClass_lengthVector 300
binClass_disponibility 1000
itemClass_weight 24380 2070 690 3910 2070 2990 920 3680 1150 230 4140 8740 14030 1980 220 9240 4400 1320 2420 2640 10120 23100 440 3960 440 5720 9880 5720 3380 3120 14300 5200 780 2600 6760 7280 4160 260 14560 5060 1980 2200 16940 24420 1540 1320 880 1980 220 7260 440 1760 460 1380 15180 12420 230 11500 4370 230 5060 8050 1610 690 7820 11730 2760 690 22080 2300 920 6670 6900 2990 7590 2760 460 1150 3450 3680 8280 3220 3450 10120 7590 230 2070 5980 6210 12650 2070 16720 2640 220 5940 16060 440 5280 5500 660 660 2420 7700 1760 460 3220 460 26910 8740 6210 6210 230 690 460 690 460 14260 13440 1440 6960 5280 4320 1920 4080 2400 960 8400 1920 4320 16560 26220 460 7130 4140 2530 1150 2990 460 2530 460 2530 4830 13570 18260 2640 3300 2420 1760 13420 12980 880 440 2420 1540 3080 2860 1200 6960 12480 7440 16320 2640 4320 480 1920 4800 9600 1920 1920 25334 1470 924 238 9139 254 4338 4212 996 2151 952 2187 2500 1260 9250 2844 1936 3995 235 253 26355 4148 2250 968 928 4250 243 9462 1215 2016 234 1896 2904 3888 9176 9462 3995 1928 1012 3978 8695 25200 2410 3029 723 1195 980 1936 1215 3262 25410 26429 4158 26670 500 241 2500 4046 472 2370 8880 940 249 924 1165 1240 3978 696 1428 2490 4012 976 1984 466 9282 9044 4080 2400 2460 3172 1230 4266 1210 2097 3185 2540 4693 1944 3430 4464 4266 3808 2032 4500 3068 1230 245 25466 714 251 9204 702 964 231 3944 1175 3840 1165 24698 9087 932 9321 3690 4356 247 502 729 2430 4063 2106 1180 4012 3840 3211 25228 2540 3927 3961 3540 25725 4000
