itemNumber 170
itemClassNumber 170
itemClass_widthVector 17 16 15 14 13 12 11 10 9 8 15 14 13 12 11 10 9 8 7 6 15 14 13 12 11 10 9 8 7 6 19 18 17 16 15 14 13 12 11 10 17 16 15 14 13 12 11 10 9 8 17 16 15 14 13 12 11 10 9 8 18 17 16 15 14 13 12 11 10 9 19 18 17 16 15 14 13 12 11 10 17 16 15 14 13 12 11 10 9 8 16 15 14 13 12 11 10 9 8 7 10 18 18 12 15 18 14 17 16 12 18 19 16 13 13 16 17 19 15 14 19 17 15 12 12 12 12 14 13 16 11 12 17 15 15 12 18 16 14 19 10 12 17 15 15 12 17 10 18 18 17 18 15 14 18 18 17 14 15 18 17 18 14 13 12 12 17 17 17 10
itemClass_lengthVector 4 3 21 22 7 12 45 3 42 11 45 11 17 20 2 50 2 12 10 1 10 12 4 4 21 59 24 12 4 20 28 3 6 2 22 24 42 13 19 11 4 1 10 9 33 1 31 25 24 32 24 3 17 12 6 74 4 3 24 3 18 44 14 1 28 4 31 3 21 6 2 28 31 9 17 29 5 18 5 26 21 25 25 37 15 12 4 4 10 17 42 29 4 3 4 6 2 10 5 65 42 3 4 2 6 2 6 4 22 4 5 3 20 13 46 23 21 4 23 12 4 22 22 2 2 2 2 6 45 22 4 45 4 23 7 4 3 22 6 5 42 46 4 22 6 44 20 42 3 3 2 4 21 8 4 2 4 13 21 5 20 4 7 12 2 45 2 20 21 42
itemClass_demand 1 1 1 1 1 1 1 1 1 1 1 1 1 1 1 1 1 1 1 1 1 1 1 1 1 1 1 1 1 1 1 1 1 1 1 1 1 1 1 1 1 1 1 1 1 1 1 1 1 1 1 1 1 1 1 1 1 1 1 1 1 1 1 1 1 1 1 1 1 1 1 1 1 1 1 1 1 1 1 1 1 1 1 1 1 1 1 1 1 1 1 1 1 1 1 1 1 1 1 1 1 1 1 1 1 1 1 1 1 1 1 1 1 1 1 1 1 1 1 1 1 1 1 1 1 1 1 1 1 1 1 1 1 1 1 1 1 1 1 1 1 1 1 1 1 1 1 1 1 1 1 1 1 1 1 1 1 1 1 1 1 1 1 1 1 1 1 1 1 1
binNumber 10000
binClassNumber 1
binClass_widthVector 170
binClass_lengthVector 170
binClass_disponibility 1000
itemClass_weight 680 510 3570 3740 1190 2040 7650 510 7140 1870 6750 1650 2550 3000 300 7500 300 1800 1500 150 1500 1800 600 600 3150 8850 3600 1800 600 3000 5320 570 1140 380 4180 4560 7980 2470 3610 2090 680 170 1700 1530 5610 170 5270 4250 4080 5440 4080 510 2890 2040 1020 12580 680 510 4080 510 3240 7920 2520 180 5040 720 5580 540 3780 1080 380 5320 5890 1710 3230 5510 950 3420 950 4940 3570 4250 4250 6290 2550 2040 680 680 1700 2890 6720 4640 640 480 640 960 320 1600 800 10400 7770 513 712 346 1050 364 1032 684 3960 688 905 519 3680 2444 8648 4255 3780 728 4071 2064 744 4004 3960 364 352 346 366 1104 7920 4114 692 8100 748 4186 1288 724 519 3960 1038 860 7896 8142 704 3850 1032 7700 3740 7812 540 540 350 748 3633 1400 728 362 700 2405 3801 875 3440 704 1295 2208 376 7920 362 3660 3675 7392
