itemNumber 180
itemClassNumber 180
itemClass_widthVector 18 17 16 15 14 13 12 11 10 9 19 18 17 16 15 14 13 12 11 10 16 15 14 13 12 11 10 9 8 7 19 18 17 16 15 14 13 12 11 10 18 17 16 15 14 13 12 11 10 9 17 16 15 14 13 12 11 10 9 8 20 19 18 17 16 15 14 13 12 11 19 18 17 16 15 14 13 12 11 10 17 16 15 14 13 12 11 10 9 8 17 16 15 14 13 12 11 10 9 8 12 18 11 14 14 15 15 16 14 19 12 17 17 19 14 19 19 12 12 16 13 17 19 13 18 17 13 16 14 14 11 18 15 17 13 18 15 16 12 14 19 19 15 13 19 16 13 14 16 18 18 17 16 20 14 12 20 18 17 12 18 18 14 19 16 15 19 16 13 14 11 14 14 19 19 17 18 17 12 18
itemClass_lengthVector 33 19 2 28 24 10 6 27 12 19 22 3 24 3 13 8 6 98 1 2 36 36 5 9 29 39 5 7 12 2 14 7 9 15 5 8 54 21 23 24 4 15 5 4 38 20 57 4 18 15 26 2 5 23 6 9 9 20 8 72 1 24 21 3 4 23 4 24 59 17 3 15 8 29 47 17 2 15 12 32 21 32 20 20 11 46 4 5 18 3 52 7 16 7 5 11 18 10 23 31 11 3 11 7 6 25 24 28 11 20 11 29 1 34 10 18 18 26 27 25 27 1 18 26 18 29 26 29 10 10 13 18 24 29 7 1 23 27 13 9 33 33 10 7 32 29 5 7 24 19 20 3 28 32 7 11 32 1 2 12 18 3 11 33 25 23 18 24 7 5 13 11 5 34 34 28 20 28 26 18
itemClass_demand 1 1 1 1 1 1 1 1 1 1 1 1 1 1 1 1 1 1 1 1 1 1 1 1 1 1 1 1 1 1 1 1 1 1 1 1 1 1 1 1 1 1 1 1 1 1 1 1 1 1 1 1 1 1 1 1 1 1 1 1 1 1 1 1 1 1 1 1 1 1 1 1 1 1 1 1 1 1 1 1 1 1 1 1 1 1 1 1 1 1 1 1 1 1 1 1 1 1 1 1 1 1 1 1 1 1 1 1 1 1 1 1 1 1 1 1 1 1 1 1 1 1 1 1 1 1 1 1 1 1 1 1 1 1 1 1 1 1 1 1 1 1 1 1 1 1 1 1 1 1 1 1 1 1 1 1 1 1 1 1 1 1 1 1 1 1 1 1 1 1 1 1 1 1 1 1 1 1 1 1
binNumber 10000
binClassNumber 1
binClass_widthVector 180
binClass_lengthVector 180
binClass_disponibility 1000
itemClass_weight 5940 3420 360 5040 4320 1800 1080 4860 2160 3420 4180 570 4560 570 2470 1520 1140 18620 190 380 5760 5760 800 1440 4640 6240 800 1120 1920 320 2660 1330 1710 2850 950 1520 10260 3990 4370 4560 720 2700 900 720 6840 3600 10260 720 3240 2700 4420 340 850 3910 1020 1530 1530 3400 1360 12240 200 4800 4200 600 800 4600 800 4800 11800 3400 570 2850 1520 5510 8930 3230 380 2850 2280 6080 3570 5440 3400 3400 1870 7820 680 850 3060 510 8840 1190 2720 1190 850 1870 3060 1700 3910 5270 1991 576 2068 1316 1182 4900 4680 5376 2178 3640 2123 5684 189 6324 1910 3402 3294 5096 4995 4650 4995 190 3474 5148 3420 5626 5122 5742 1810 1900 2561 3312 4752 5655 1302 199 4347 5346 2522 1773 6501 6237 1980 1344 5952 5655 935 1281 4584 3515 3840 558 5152 6304 1337 2002 5952 185 372 2244 3258 570 2079 6303 4875 4186 3492 4392 1267 905 2353 2156 985 6256 6630 5544 3660 5460 5070 3582
