itemNumber 600
itemClassNumber 600
itemClass_widthVector 32 31 30 29 28 27 26 25 24 23 22 21 20 19 18 17 16 15 35 34 33 32 31 30 29 28 27 26 25 24 23 22 21 20 19 18 35 34 33 32 31 30 29 28 27 26 25 24 23 22 21 20 19 18 32 31 30 29 28 27 26 25 24 23 22 21 20 19 18 17 16 15 32 31 30 29 28 27 26 25 24 23 22 21 20 19 18 17 16 15 30 29 28 27 26 25 24 23 22 21 20 19 18 17 16 15 14 13 30 29 28 27 26 25 24 23 22 21 20 19 18 17 16 15 14 13 32 31 30 29 28 27 26 25 24 23 22 21 20 19 18 17 16 15 32 31 30 29 28 27 26 25 24 23 22 21 20 19 18 17 16 15 32 31 30 29 28 27 26 25 24 23 22 21 20 19 18 17 16 15 36 35 34 33 32 31 30 29 28 27 26 25 24 23 22 21 20 19 29 28 27 26 25 24 23 22 21 20 19 18 17 16 15 14 13 12 37 36 35 34 33 32 31 30 29 28 27 26 25 24 23 22 21 20 36 35 34 33 32 31 30 29 28 27 26 25 24 23 22 21 20 19 36 35 34 33 32 31 30 29 28 27 26 25 24 23 22 21 20 19 35 34 33 32 31 30 29 28 27 26 25 24 23 22 21 20 19 18 37 36 35 34 33 32 31 30 29 28 27 26 25 24 23 22 21 20 32 31 30 29 28 27 26 25 24 23 22 21 20 19 18 17 16 15 33 24 33 26 19 20 22 25 26 35 35 33 18 30 24 32 26 33 20 25 23 25 30 33 31 33 23 23 23 18 27 26 25 23 33 34 23 19 18 32 21 29 22 26 34 22 24 28 26 17 25 19 18 31 31 27 28 20 26 20 30 33 17 25 25 33 26 18 19 25 33 26 26 19 21 32 21 23 18 22 25 27 32 30 19 25 19 25 26 34 27 31 19 26 33 31 31 34 20 25 31 20 18 25 23 21 24 18 20 23 18 28 31 27 33 23 28 21 21 26 35 24 30 33 31 35 30 23 34 28 23 21 35 31 32 30 29 31 33 33 29 19 24 30 29 21 17 31 26 32 27 28 24 22 17 29 33 22 20 23 31 29 36 23 19 34 30 31 26 30 29 19 30 18 32 29 32 18 23 34 29 35 24 25 35 25 29 29 34 27 23 33 32 36 26 25 28 32 21 30 17 36 34 23 25 23 30 32 17 26 21 22 34 25 18 34 22 26 22 17 32 18 27 26 23 28 27 32 24 31 28 27 21 18 32 21 21 22 29 23 35 24 18 35 25 30 19 31 24 21 25 29 24 23 26 24 17 27 26 17 33 28 28 32 32 23 20 17 21 17 18 30 32 24 32 32
itemClass_lengthVector 21 44 27 8 11 6 123 25 9 113 2 7 17 5 68 11 36 67 74 26 54 9 40 89 25 5 43 1 141 9 4 3 19 3 14 41 14 13 93 23 22 10 32 31 70 43 39 27 3 27 10 121 5 17 4 30 29 61 53 6 33 91 27 12 14 15 67 11 58 77 6 6 5 19 27 2 43 15 4 88 3 11 14 142 70 14 58 26 42 17 112 89 10 87 5 17 45 6 8 9 5 14 31 59 5 35 5 58 47 40 22 6 26 34 26 39 16 121 21 40 31 40 8 21 43 19 38 30 49 36 8 3 64 9 25 42 23 8 22 10 32 46 88 67 63 22 29 22 3 2 33 5 45 7 64 40 83 7 26 9 117 23 15 14 4 3 46 49 16 43 109 5 52 25 4 19 56 59 75 6 24 10 6 23 80 2 33 61 34 36 12 49 6 112 8 27 52 25 36 55 59 1 27 31 14 37 59 74 18 71 35 19 24 2 25 13 1 76 19 3 16 35 2 56 33 84 100 7 4 58 25 5 5 71 23 62 30 45 34 20 3 28 39 39 32 61 30 61 12 16 28 37 11 11 99 1 23 98 75 5 9 33 31 12 1 13 34 2 128 14 60 1 1 15 86 90 29 39 23 9 41 86 9 10 4 51 45 1 65 3 2 3 31 82 9 58 29 10 8 105 44 35 5 73 4 34 29 74 5 1 21 4 64 63 76 24 16 23 35 24 2 38 83 18 26 112 22 24 11 69 17 2 112 22 22 45 10 8 7 26 25 20 5 8 8 3 5 22 11 20 7 8 7 37 10 113 8 18 22 44 18 11 37 8 5 122 17 10 21 18 1 6 24 35 9 10 37 12 8 8 6 68 26 68 11 26 36 112 9 21 26 12 68 9 27 113 24 68 6 7 6 17 35 17 113 24 43 9 68 114 10 9 112 22 124 7 67 113 20 7 8 43 5 1 11 67 37 2 1 17 113 11 4 2 35 6 26 10 44 8 122 6 4 8 45 1 11 26 28 43 12 6 45 124 3 17 22 10 9 7 11 9 44 22 6 12 6 11 10 18 36 10 112 28 123 24 113 16 36 122 26 8 4 17 12 5 22 16 67 21 12 28 113 6 124 11 11 35 7 6 7 11 16 26 11 21 3 9 22 112 124 12 28 124 7 21 44 22 113 10 25 27 5 7 37 22 45 18 3 17 7 26 37 26 17 8 28 113 36 45 16 25 18 35 43 35 123 10 6 6 122 9 1 9 7 25 6 37 27 4 16 18 12 1 21 112 37 21 112 8 11 9 2 5 114 12 8 16 24 6 37 25 24 35 28 24 123 27 28 18 4 37 6 35 10 5 45 3 43 8
itemClass_demand 1 1 1 1 1 1 1 1 1 1 1 1 1 1 1 1 1 1 1 1 1 1 1 1 1 1 1 1 1 1 1 1 1 1 1 1 1 1 1 1 1 1 1 1 1 1 1 1 1 1 1 1 1 1 1 1 1 1 1 1 1 1 1 1 1 1 1 1 1 1 1 1 1 1 1 1 1 1 1 1 1 1 1 1 1 1 1 1 1 1 1 1 1 1 1 1 1 1 1 1 1 1 1 1 1 1 1 1 1 1 1 1 1 1 1 1 1 1 1 1 1 1 1 1 1 1 1 1 1 1 1 1 1 1 1 1 1 1 1 1 1 1 1 1 1 1 1 1 1 1 1 1 1 1 1 1 1 1 1 1 1 1 1 1 1 1 1 1 1 1 1 1 1 1 1 1 1 1 1 1 1 1 1 1 1 1 1 1 1 1 1 1 1 1 1 1 1 1 1 1 1 1 1 1 1 1 1 1 1 1 1 1 1 1 1 1 1 1 1 1 1 1 1 1 1 1 1 1 1 1 1 1 1 1 1 1 1 1 1 1 1 1 1 1 1 1 1 1 1 1 1 1 1 1 1 1 1 1 1 1 1 1 1 1 1 1 1 1 1 1 1 1 1 1 1 1 1 1 1 1 1 1 1 1 1 1 1 1 1 1 1 1 1 1 1 1 1 1 1 1 1 1 1 1 1 1 1 1 1 1 1 1 1 1 1 1 1 1 1 1 1 1 1 1 1 1 1 1 1 1 1 1 1 1 1 1 1 1 1 1 1 1 1 1 1 1 1 1 1 1 1 1 1 1 1 1 1 1 1 1 1 1 1 1 1 1 1 1 1 1 1 1 1 1 1 1 1 1 1 1 1 1 1 1 1 1 1 1 1 1 1 1 1 1 1 1 1 1 1 1 1 1 1 1 1 1 1 1 1 1 1 1 1 1 1 1 1 1 1 1 1 1 1 1 1 1 1 1 1 1 1 1 1 1 1 1 1 1 1 1 1 1 1 1 1 1 1 1 1 1 1 1 1 1 1 1 1 1 1 1 1 1 1 1 1 1 1 1 1 1 1 1 1 1 1 1 1 1 1 1 1 1 1 1 1 1 1 1 1 1 1 1 1 1 1 1 1 1 1 1 1 1 1 1 1 1 1 1 1 1 1 1 1 1 1 1 1 1 1 1 1 1 1 1 1 1 1 1 1 1 1 1 1 1 1 1 1 1 1 1 1 1 1 1 1 1 1 1 1 1 1 1 1 1 1 1 1 1 1 1 1 1 1 1 1 1 1 1 1 1 1 1 1 1 1 1 1 1 1 1 1 1 1 1 1 1 1 1 1 1 1 1 1 1 1 1 1 1 1 1
binNumber 10000
binClassNumber 1
binClass_widthVector 600
binClass_lengthVector 600
binClass_disponibility 1000
itemClass_weight 6720 14080 8640 2560 3520 1920 39360 8000 2880 36160 640 2240 5440 1600 21760 3520 11520 21440 25900 9100 18900 3150 14000 31150 8750 1750 15050 350 49350 3150 1400 1050 6650 1050 4900 14350 4900 4550 32550 8050 7700 3500 11200 10850 24500 15050 13650 9450 1050 9450 3500 42350 1750 5950 1280 9600 9280 19520 16960 1920 10560 29120 8640 3840 4480 4800 21440 3520 18560 24640 1920 1920 1600 6080 8640 640 13760 4800 1280 28160 960 3520 4480 45440 22400 4480 18560 8320 13440 5440 33600 26700 3000 26100 1500 5100 13500 1800 2400 2700 1500 4200 9300 17700 1500 10500 1500 17400 14100 12000 6600 1800 7800 10200 7800 11700 4800 36300 6300 12000 9300 12000 2400 6300 12900 5700 12160 9600 15680 11520 2560 960 20480 2880 8000 13440 7360 2560 7040 3200 10240 14720 28160 21440 20160 7040 9280 7040 960 640 10560 1600 14400 2240 20480 12800 26560 2240 8320 2880 37440 7360 4800 4480 1280 960 14720 15680 5120 13760 34880 1600 16640 8000 1280 6080 17920 18880 24000 1920 8640 3600 2160 8280 28800 720 11880 21960 12240 12960 4320 17640 2160 40320 2880 9720 18720 9000 10440 15950 17110 290 7830 8990 4060 10730 17110 21460 5220 20590 10150 5510 6960 580 7250 3770 370 28120 7030 1110 5920 12950 740 20720 12210 31080 37000 2590 1480 21460 9250 1850 1850 26270 8280 22320 10800 16200 12240 7200 1080 10080 14040 14040 11520 21960 10800 21960 4320 5760 10080 13320 3960 3960 35640 360 8280 35280 27000 1800 3240 11880 11160 4320 360 4680 12240 720 46080 5040 21000 350 350 5250 30100 31500 10150 13650 8050 3150 14350 30100 3150 3500 1400 17850 15750 350 24050 1110 740 1110 11470 30340 3330 21460 10730 3700 2960 38850 16280 12950 1850 27010 1480 12580 9280 23680 1600 320 6720 1280 20480 20160 24320 7680 5120 7360 11200 7680 640 12160 26560 5760 9022 38640 7260 7920 3586 22425 5916 670 36624 7656 7568 14625 3240 2688 2401 9178 8675 6560 1765 2728 2648 1020 1690 7458 3674 6580 2359 2632 2345 12062 3210 37064 2800 5994 7238 14740 6012 3806 13024 2728 1620 40382 5712 3530 7287 6318 335 1986 8280 11515 2970 3270 12136 3888 2744 2592 1932 23528 8944 23596 3575 8658 12564 38192 2889 6993 8476 3984 21896 3087 9531 37855 8040 22304 2082 2387 2112 5984 11970 5780 36273 7800 13803 3168 22168 38760 3430 3114 36736 7634 40796 2450 23115 39211 7000 2443 2616 14276 1735 321 3619 23517 12506 678 331 5542 37403 3839 1388 676 12355 2004 8554 3340 15488 2776 42456 1932 1400 2624 14940 329 3641 9100 9604 14276 3972 2064 14625 43648 990 5882 7546 3530 3132 2324 3729 2889 14916 7700 2028 4092 2106 3817 3490 6228 11664 3270 38528 9800 41328 8472 37403 5312 12456 42334 8554 2760 1348 5712 4128 1690 7722 5392 23182 7035 3900 9856 38985 2046 43152 3531 3729 11865 2331 2022 2324 3652 5376 8606 3718 6783 1014 2907 7326 36400 42160 4236 9268 40796 2282 7266 15268 7568 37855 3270 8300 9531 1650 2310 12395 7414 15075 6192 1041 5746 2338 8372 12173 8580 6001 2720 9156 37177 12600 15120 5232 8050 5868 12355 14706 11725 42066 3260 2082 2076 39284 2979 322 3033 2247 8575 2088 12062 9072 1344 5168 6012 4224 322 6993 36624 12247 7077 37520 2792 3586 3069 652 1675 38304 3924 2696 5552 8448 2016 12432 8725 8448 11760 9632 8184 41697 8775 9856 6102 1324 12432 2034 12040 3460 1625 14580 1014 15050 2728
