itemNumber 110
itemClassNumber 110
itemClass_widthVector 13 12 11 10 9 8 7 6 15 14 13 12 11 10 9 8 12 11 10 9 8 7 6 5 14 13 12 11 10 9 8 7 13 12 11 10 9 8 7 6 13 12 11 10 9 8 7 6 15 14 13 12 11 10 9 8 15 14 13 12 11 10 9 8 13 14 9 14 9 14 10 9 15 13 15 14 10 15 10 13 11 8 14 12 13 10 8 12 14 9 14 13 9 13 10 12 10 8 12 9 14 10 12 14 10 11 13 9 13 14
itemClass_lengthVector 10 4 3 24 17 3 14 35 11 41 11 4 14 23 4 2 21 12 4 3 40 9 9 12 18 18 3 41 3 6 14 7 16 1 38 20 14 2 9 10 1 10 4 23 63 3 4 2 2 8 2 2 29 31 22 14 4 14 3 19 28 18 10 14 3 5 2 9 3 10 17 2 10 3 9 11 18 9 16 5 25 14 11 25 2 17 13 3 10 3 10 4 3 3 17 25 18 13 4 4 4 16 4 4 18 25 4 2 2 4
itemClass_demand 1 1 1 1 1 1 1 1 1 1 1 1 1 1 1 1 1 1 1 1 1 1 1 1 1 1 1 1 1 1 1 1 1 1 1 1 1 1 1 1 1 1 1 1 1 1 1 1 1 1 1 1 1 1 1 1 1 1 1 1 1 1 1 1 1 1 1 1 1 1 1 1 1 1 1 1 1 1 1 1 1 1 1 1 1 1 1 1 1 1 1 1 1 1 1 1 1 1 1 1 1 1 1 1 1 1 1 1 1 1
binNumber 10000
binClassNumber 1
binClass_widthVector 110
binClass_lengthVector 110
binClass_disponibility 1000
itemClass_weight 1300 520 390 3120 2210 390 1820 4550 1650 6150 1650 600 2100 3450 600 300 2520 1440 480 360 4800 1080 1080 1440 2520 2520 420 5740 420 840 1960 980 2080 130 4940 2600 1820 260 1170 1300 130 1300 520 2990 8190 390 520 260 300 1200 300 300 4350 4650 3300 2100 600 2100 450 2850 4200 2700 1500 2100 405 665 276 1296 432 1360 2397 270 1420 429 1206 1573 2556 1215 2096 700 3500 1932 1540 3425 264 2278 1794 420 1320 429 1390 532 417 411 2329 3475 2520 1755 552 552 564 2272 556 536 2592 3325 560 272 264 528
