itemNumber 70
itemClassNumber 70
itemClass_widthVector 11 10 9 8 7 6 13 12 11 10 9 8 13 12 11 10 9 8 11 10 9 8 7 6 12 11 10 9 8 7 10 9 8 7 6 5 10 9 9 11 11 9 9 8 12 12 13 8 12 10 10 13 12 12 9 8 11 8 12 13 9 12 12 12 10 8 12 8 10 10
itemClass_lengthVector 11 7 9 5 33 5 12 13 27 11 1 6 9 4 2 19 16 20 9 10 8 37 3 3 18 3 16 9 9 15 20 17 9 20 2 2 8 5 4 8 7 5 4 33 12 10 12 33 10 9 9 12 12 6 4 32 7 34 8 12 5 10 10 12 9 34 7 34 10 9
itemClass_demand 1 1 1 1 1 1 1 1 1 1 1 1 1 1 1 1 1 1 1 1 1 1 1 1 1 1 1 1 1 1 1 1 1 1 1 1 1 1 1 1 1 1 1 1 1 1 1 1 1 1 1 1 1 1 1 1 1 1 1 1 1 1 1 1 1 1 1 1 1 1
binNumber 10000
binClassNumber 1
binClass_widthVector 70
binClass_lengthVector 70
binClass_disponibility 1000
itemClass_weight 1210 770 990 550 3630 550 1560 1690 3510 1430 130 780 1170 520 260 2470 2080 2600 990 1100 880 4070 330 330 2160 360 1920 1080 1080 1800 2000 1700 900 2000 200 200 888 575 448 912 777 600 468 3861 1380 1210 1356 3960 1130 1098 1044 1368 1440 702 456 3776 784 4114 952 1440 570 1180 1220 1452 1098 4046 854 3774 1120 1089
