itemNumber 180
itemClassNumber 180
itemClass_widthVector 19 18 17 16 15 14 13 12 11 10 19 18 17 16 15 14 13 12 11 10 19 18 17 16 15 14 13 12 11 10 17 16 15 14 13 12 11 10 9 8 17 16 15 14 13 12 11 10 9 8 19 18 17 16 15 14 13 12 11 10 17 16 15 14 13 12 11 10 9 8 16 15 14 13 12 11 10 9 8 7 19 18 17 16 15 14 13 12 11 10 18 17 16 15 14 13 12 11 10 9 16 15 21 20 19 15 14 19 19 20 21 17 13 15 14 18 19 20 19 17 13 13 16 15 14 16 19 15 13 13 18 12 18 19 21 15 19 20 20 14 13 14 15 19 20 12 13 14 19 14 19 14 14 19 13 17 19 12 14 18 17 17 14 20 12 14 17 17 16 15 19 20 14 14 18 20 18 21 17 19
itemClass_lengthVector 11 13 13 65 14 22 15 10 15 2 2 49 9 16 37 15 5 19 12 16 1 4 13 10 47 24 4 42 31 4 4 19 8 4 29 16 6 1 18 75 1 29 25 15 29 3 6 44 13 15 3 16 1 4 43 9 9 14 58 23 40 1 6 2 10 5 16 77 4 19 45 17 4 10 25 7 18 8 19 27 12 4 30 18 5 4 22 11 9 65 6 3 9 2 60 12 32 30 9 17 21 14 12 12 14 16 10 14 13 13 11 66 10 16 14 66 12 12 12 13 15 10 15 22 15 13 13 21 10 11 65 16 64 13 11 23 12 13 11 10 9 14 23 14 12 15 16 16 14 9 14 14 16 14 15 13 13 15 16 14 64 14 9 14 15 16 66 66 21 21 12 13 15 16 66 14 64 10 64 12
itemClass_demand 1 1 1 1 1 1 1 1 1 1 1 1 1 1 1 1 1 1 1 1 1 1 1 1 1 1 1 1 1 1 1 1 1 1 1 1 1 1 1 1 1 1 1 1 1 1 1 1 1 1 1 1 1 1 1 1 1 1 1 1 1 1 1 1 1 1 1 1 1 1 1 1 1 1 1 1 1 1 1 1 1 1 1 1 1 1 1 1 1 1 1 1 1 1 1 1 1 1 1 1 1 1 1 1 1 1 1 1 1 1 1 1 1 1 1 1 1 1 1 1 1 1 1 1 1 1 1 1 1 1 1 1 1 1 1 1 1 1 1 1 1 1 1 1 1 1 1 1 1 1 1 1 1 1 1 1 1 1 1 1 1 1 1 1 1 1 1 1 1 1 1 1 1 1 1 1 1 1 1 1
binNumber 10000
binClassNumber 1
binClass_widthVector 180
binClass_lengthVector 180
binClass_disponibility 1000
itemClass_weight 2090 2470 2470 12350 2660 4180 2850 1900 2850 380 380 9310 1710 3040 7030 2850 950 3610 2280 3040 190 760 2470 1900 8930 4560 760 7980 5890 760 680 3230 1360 680 4930 2720 1020 170 3060 12750 170 4930 4250 2550 4930 510 1020 7480 2210 2550 570 3040 190 760 8170 1710 1710 2660 11020 4370 6800 170 1020 340 1700 850 2720 13090 680 3230 7200 2720 640 1600 4000 1120 2880 1280 3040 4320 2280 760 5700 3420 950 760 4180 2090 1710 12350 1080 540 1620 360 10800 2160 5760 5400 1620 3060 4053 2926 2436 2316 2786 3248 2080 2800 2574 2587 2145 13266 2010 3152 2842 13002 2424 2388 2472 2639 3150 1920 2985 4290 2865 2496 2704 4137 1910 2156 13520 3248 12992 2561 2255 4462 2436 2587 2112 1990 1737 2912 4738 2884 2484 3105 3200 3200 2926 1872 2940 2898 3296 2702 3045 2678 2678 2955 3184 2688 12224 2772 1881 2758 3045 3328 13662 13068 4410 4137 2340 2522 2955 3104 13332 2898 12416 1950 12608 2328
