itemNumber 190
itemClassNumber 190
itemClass_widthVector 21 20 19 18 17 16 15 14 13 12 21 20 19 18 17 16 15 14 13 12 19 18 17 16 15 14 13 12 11 10 18 17 16 15 14 13 12 11 10 9 19 18 17 16 15 14 13 12 11 10 18 17 16 15 14 13 12 11 10 9 19 18 17 16 15 14 13 12 11 10 17 16 15 14 13 12 11 10 9 8 18 17 16 15 14 13 12 11 10 9 20 19 18 17 16 15 14 13 12 11 15 19 14 18 18 22 16 16 20 15 19 15 18 15 20 19 15 14 17 20 19 17 16 15 15 20 20 14 17 24 24 18 19 17 15 16 21 21 15 21 20 22 17 16 15 19 16 17 20 22 15 21 18 23 22 18 17 20 16 18 17 18 17 21 21 14 20 16 15 16 17 16 22 18 18 15 20 22 16 19 18 20 22 21 21 18 24 19 20 19
itemClass_lengthVector 4 4 22 83 7 13 30 22 1 4 9 11 35 26 6 7 45 28 3 20 24 13 3 11 33 39 4 21 20 22 18 35 12 14 5 9 8 3 17 69 10 11 2 61 13 8 10 23 45 7 4 1 12 51 72 9 16 1 12 12 5 13 15 11 16 42 17 5 12 54 13 14 2 18 33 6 40 17 37 10 21 13 6 7 2 24 15 25 23 54 55 33 9 20 5 23 6 9 17 13 23 6 1 14 12 3 22 29 23 1 83 1 12 22 22 83 1 2 12 23 83 29 31 1 23 23 23 2 14 4 3 14 84 31 21 29 4 22 1 22 22 4 14 29 21 7 21 30 22 3 23 5 7 5 5 13 12 23 30 7 29 6 12 23 5 2 82 21 22 29 12 29 4 7 12 1 23 4 30 84 6 21 3 5 23 7 3 6 23 6
itemClass_demand 1 1 1 1 1 1 1 1 1 1 1 1 1 1 1 1 1 1 1 1 1 1 1 1 1 1 1 1 1 1 1 1 1 1 1 1 1 1 1 1 1 1 1 1 1 1 1 1 1 1 1 1 1 1 1 1 1 1 1 1 1 1 1 1 1 1 1 1 1 1 1 1 1 1 1 1 1 1 1 1 1 1 1 1 1 1 1 1 1 1 1 1 1 1 1 1 1 1 1 1 1 1 1 1 1 1 1 1 1 1 1 1 1 1 1 1 1 1 1 1 1 1 1 1 1 1 1 1 1 1 1 1 1 1 1 1 1 1 1 1 1 1 1 1 1 1 1 1 1 1 1 1 1 1 1 1 1 1 1 1 1 1 1 1 1 1 1 1 1 1 1 1 1 1 1 1 1 1 1 1 1 1 1 1 1 1 1 1 1 1
binNumber 10000
binClassNumber 1
binClass_widthVector 190
binClass_lengthVector 190
binClass_disponibility 1000
itemClass_weight 840 840 4620 17430 1470 2730 6300 4620 210 840 1890 2310 7350 5460 1260 1470 9450 5880 630 4200 4560 2470 570 2090 6270 7410 760 3990 3800 4180 3240 6300 2160 2520 900 1620 1440 540 3060 12420 1900 2090 380 11590 2470 1520 1900 4370 8550 1330 720 180 2160 9180 12960 1620 2880 180 2160 2160 950 2470 2850 2090 3040 7980 3230 950 2280 10260 2210 2380 340 3060 5610 1020 6800 2890 6290 1700 3780 2340 1080 1260 360 4320 2700 4500 4140 9720 11000 6600 1800 4000 1000 4600 1200 1800 3400 2600 5083 1356 218 3052 2652 675 4972 6206 5060 217 17762 230 2724 4840 4686 18094 215 460 2652 5267 19090 6554 6975 217 5313 5037 5221 450 3024 904 648 3136 18312 6727 4599 6583 844 4730 231 5104 4774 860 3052 6670 4494 1589 4662 6480 4972 687 5037 1150 1554 1095 1135 3016 2580 5152 6720 1540 6206 1350 2604 5313 1070 464 18614 4578 5016 6728 2604 6380 904 1505 2700 221 5060 892 6480 18396 1392 4620 678 1120 5152 1498 666 1356 5106 1296
