itemNumber 400
itemClassNumber 400
itemClass_widthVector 25 24 23 22 21 20 19 18 17 16 15 14 13 12 11 28 27 26 25 24 23 22 21 20 19 18 17 16 15 14 27 26 25 24 23 22 21 20 19 18 17 16 15 14 13 25 24 23 22 21 20 19 18 17 16 15 14 13 12 11 26 25 24 23 22 21 20 19 18 17 16 15 14 13 12 28 27 26 25 24 23 22 21 20 19 18 17 16 15 14 27 26 25 24 23 22 21 20 19 18 17 16 15 14 13 28 27 26 25 24 23 22 21 20 19 18 17 16 15 14 28 27 26 25 24 23 22 21 20 19 18 17 16 15 14 24 23 22 21 20 19 18 17 16 15 14 13 12 11 10 28 27 26 25 24 23 22 21 20 19 18 17 16 15 14 24 23 22 21 20 19 18 17 16 15 14 13 12 11 10 29 28 27 26 25 24 23 22 21 20 19 18 17 16 15 27 26 25 24 23 22 21 20 19 18 17 16 15 14 13 26 25 24 23 22 21 20 19 18 17 16 15 14 13 12 15 17 16 16 25 16 24 26 14 14 20 26 23 16 22 19 18 25 24 27 27 17 17 14 20 15 16 22 25 17 22 19 27 15 26 26 18 15 20 19 17 14 16 15 18 25 17 21 20 19 20 19 16 14 26 25 28 26 25 25 21 27 22 15 13 26 23 16 26 13 19 13 19 20 24 23 19 27 22 23 25 24 25 19 21 28 23 19 26 26 23 15 15 24 14 27 27 27 28 19 18 20 17 15 23 19 16 14 22 20 15 24 15 26 15 14 25 18 14 26 15 23 13 15 24 23 14 15 19 17 25 23 19 18 17 18 27 13 19 15 22 27 23 17 22 20 23 23 18 24 15 26 27 24 16 16 21 16 26 19 20 15 21 18 14 20 13 18 16 26 24 21 24 20 19
itemClass_lengthVector 78 21 20 1 84 37 3 24 9 5 1 43 2 40 32 19 31 20 42 21 22 43 18 8 30 6 61 24 54 1 11 12 12 11 15 17 73 26 34 2 6 29 80 66 6 22 49 9 81 13 11 8 1 4 38 31 38 25 24 46 12 19 112 28 10 58 12 51 10 10 3 23 14 16 22 14 40 14 46 9 15 21 9 89 35 43 16 26 19 4 18 26 18 32 4 45 19 13 2 95 23 7 16 11 71 17 97 109 11 11 17 4 21 32 21 28 14 1 3 14 11 17 31 6 23 35 31 21 37 46 11 6 39 26 60 1 25 1 101 10 1 27 51 26 24 3 47 71 10 2 2 62 2 32 38 20 13 16 13 2 20 65 16 31 68 10 5 22 30 45 3 11 13 79 1 17 39 28 53 44 13 1 9 25 3 8 4 29 83 18 77 19 49 7 55 43 87 50 9 4 9 2 11 18 52 22 9 43 27 14 76 26 17 18 15 10 50 52 12 24 44 10 8 24 14 43 6 42 42 2 1 1 21 39 39 2 21 37 1 37 23 6 21 83 21 22 1 2 2 25 43 2 38 22 2 85 24 20 3 21 77 9 3 3 23 4 3 42 43 4 2 4 37 24 10 25 23 1 3 21 1 79 22 19 22 38 21 37 44 41 22 1 42 20 39 24 40 24 25 20 84 9 77 36 1 21 21 22 23 3 79 1 23 21 20 36 3 2 2 40 20 22 20 77 23 9 24 1 3 83 9 1 41 36 3 3 83 3 77 1 3 2 4 41 77 1 83 41 42 21 1 41 3 8 4 22 1 24 4 2 6 21 40 8 44 36 22 37 6 36 3 1 2 5 2 2 78 20 85 1 42 2 42 21 23 25 3 3 10 40 24 40 8 2 77 1 38 19 3 8
itemClass_demand 1 1 1 1 1 1 1 1 1 1 1 1 1 1 1 1 1 1 1 1 1 1 1 1 1 1 1 1 1 1 1 1 1 1 1 1 1 1 1 1 1 1 1 1 1 1 1 1 1 1 1 1 1 1 1 1 1 1 1 1 1 1 1 1 1 1 1 1 1 1 1 1 1 1 1 1 1 1 1 1 1 1 1 1 1 1 1 1 1 1 1 1 1 1 1 1 1 1 1 1 1 1 1 1 1 1 1 1 1 1 1 1 1 1 1 1 1 1 1 1 1 1 1 1 1 1 1 1 1 1 1 1 1 1 1 1 1 1 1 1 1 1 1 1 1 1 1 1 1 1 1 1 1 1 1 1 1 1 1 1 1 1 1 1 1 1 1 1 1 1 1 1 1 1 1 1 1 1 1 1 1 1 1 1 1 1 1 1 1 1 1 1 1 1 1 1 1 1 1 1 1 1 1 1 1 1 1 1 1 1 1 1 1 1 1 1 1 1 1 1 1 1 1 1 1 1 1 1 1 1 1 1 1 1 1 1 1 1 1 1 1 1 1 1 1 1 1 1 1 1 1 1 1 1 1 1 1 1 1 1 1 1 1 1 1 1 1 1 1 1 1 1 1 1 1 1 1 1 1 1 1 1 1 1 1 1 1 1 1 1 1 1 1 1 1 1 1 1 1 1 1 1 1 1 1 1 1 1 1 1 1 1 1 1 1 1 1 1 1 1 1 1 1 1 1 1 1 1 1 1 1 1 1 1 1 1 1 1 1 1 1 1 1 1 1 1 1 1 1 1 1 1 1 1 1 1 1 1 1 1 1 1 1 1 1 1 1 1 1 1 1 1 1 1 1 1 1 1 1 1 1 1 1 1 1 1 1 1 1 1 1 1 1 1 1 1 1 1 1 1
binNumber 10000
binClassNumber 1
binClass_widthVector 400
binClass_lengthVector 400
binClass_disponibility 1000
itemClass_weight 19500 5250 5000 250 21000 9250 750 6000 2250 1250 250 10750 500 10000 8000 5320 8680 5600 11760 5880 6160 12040 5040 2240 8400 1680 17080 6720 15120 280 2970 3240 3240 2970 4050 4590 19710 7020 9180 540 1620 7830 21600 17820 1620 5500 12250 2250 20250 3250 2750 2000 250 1000 9500 7750 9500 6250 6000 11500 3120 4940 29120 7280 2600 15080 3120 13260 2600 2600 780 5980 3640 4160 5720 3920 11200 3920 12880 2520 4200 5880 2520 24920 9800 12040 4480 7280 5320 1120 4860 7020 4860 8640 1080 12150 5130 3510 540 25650 6210 1890 4320 2970 19170 4760 27160 30520 3080 3080 4760 1120 5880 8960 5880 7840 3920 280 840 3920 3080 4760 8680 1680 6440 9800 8680 5880 10360 12880 3080 1680 10920 7280 16800 240 6000 240 24240 2400 240 6480 12240 6240 5760 720 11280 17040 2400 480 560 17360 560 8960 10640 5600 3640 4480 3640 560 5600 18200 4480 8680 19040 2400 1200 5280 7200 10800 720 2640 3120 18960 240 4080 9360 6720 12720 10560 3770 290 2610 7250 870 2320 1160 8410 24070 5220 22330 5510 14210 2030 15950 11610 23490 13500 2430 1080 2430 540 2970 4860 14040 5940 2430 11610 7290 3780 19760 6760 4420 4680 3900 2600 13000 13520 3120 6240 11440 2600 2080 6240 3640 11395 1596 11592 10836 550 259 255 5712 9984 9984 508 5292 10138 251 9731 6233 1578 5334 21912 5439 5764 260 508 544 6300 11653 512 9652 5742 536 22525 6552 5120 786 5523 20482 2457 783 786 5957 1076 768 11424 11567 1104 512 1036 10212 6264 2710 6800 6302 275 798 5565 257 20935 5984 5244 5522 10146 5271 9694 11132 11193 6072 264 10962 5060 10257 6432 10840 6360 6625 5480 22260 2322 21252 9648 251 5607 5355 5830 5773 792 19908 263 5934 5397 5080 9072 777 532 502 10440 5280 5522 5060 19404 6233 2475 6288 260 759 21082 2412 274 10988 9936 795 786 22742 798 21021 253 783 504 1060 10742 20251 269 20999 10578 11382 5334 258 10947 828 2048 1104 5588 254 6528 1100 526 1650 5565 10160 2080 11484 9900 6028 9361 1548 9288 777 274 548 1310 532 538 19968 5100 21420 257 11172 530 10710 5544 5865 6575 768 798 2620 10040 6624 11040 2040 536 19327 276 10108 4921 810 2080
