itemNumber 130
itemClassNumber 130
itemClass_widthVector 14 13 12 11 10 9 8 7 6 13 12 11 10 9 8 7 6 5 15 14 13 12 11 10 9 8 7 15 14 13 12 11 10 9 8 7 14 13 12 11 10 9 8 7 6 14 13 12 11 10 9 8 7 6 15 14 13 12 11 10 9 8 7 16 15 14 13 12 11 10 9 8 14 13 12 11 10 9 8 7 6 12 15 14 12 10 8 9 9 13 16 16 11 12 13 14 12 8 8 11 10 10 14 15 10 14 10 13 12 12 10 14 10 10 13 9 8 10 12 12 12 11 9 9 10 9 10 13 12 12
itemClass_lengthVector 31 20 14 3 8 8 34 5 7 2 55 11 2 7 11 1 15 26 26 8 18 1 14 38 7 11 7 2 21 1 11 18 11 27 10 29 5 28 4 41 8 1 6 19 18 39 6 13 46 3 2 12 2 7 20 8 6 8 13 5 8 9 53 3 9 54 4 1 32 2 7 18 20 3 19 15 10 14 3 36 10 4 20 21 2 7 5 35 33 4 32 32 9 2 2 13 3 5 5 7 9 7 21 19 7 20 7 2 2 2 7 14 9 8 3 34 4 7 3 8 8 9 35 33 7 33 8 4 9 4
itemClass_demand 1 1 1 1 1 1 1 1 1 1 1 1 1 1 1 1 1 1 1 1 1 1 1 1 1 1 1 1 1 1 1 1 1 1 1 1 1 1 1 1 1 1 1 1 1 1 1 1 1 1 1 1 1 1 1 1 1 1 1 1 1 1 1 1 1 1 1 1 1 1 1 1 1 1 1 1 1 1 1 1 1 1 1 1 1 1 1 1 1 1 1 1 1 1 1 1 1 1 1 1 1 1 1 1 1 1 1 1 1 1 1 1 1 1 1 1 1 1 1 1 1 1 1 1 1 1 1 1 1 1
binNumber 10000
binClassNumber 1
binClass_widthVector 130
binClass_lengthVector 130
binClass_disponibility 1000
itemClass_weight 4340 2800 1960 420 1120 1120 4760 700 980 260 7150 1430 260 910 1430 130 1950 3380 3900 1200 2700 150 2100 5700 1050 1650 1050 300 3150 150 1650 2700 1650 4050 1500 4350 700 3920 560 5740 1120 140 840 2660 2520 5460 840 1820 6440 420 280 1680 280 980 3000 1200 900 1200 1950 750 1200 1350 7950 480 1440 8640 640 160 5120 320 1120 2880 2800 420 2660 2100 1400 1960 420 5040 1400 564 3040 3045 304 1008 745 5075 4950 592 4768 4640 1296 290 284 1937 456 720 735 1029 1395 1057 3087 2755 994 2920 1022 288 292 286 1008 2128 1386 1168 441 4930 592 1015 435 1224 1152 1368 5355 5082 1071 5115 1232 612 1350 576
