itemNumber 300
itemClassNumber 300
itemClass_widthVector 23 22 21 20 19 18 17 16 15 14 13 12 11 23 22 21 20 19 18 17 16 15 14 13 12 11 22 21 20 19 18 17 16 15 14 13 12 11 10 23 22 21 20 19 18 17 16 15 14 13 12 11 26 25 24 23 22 21 20 19 18 17 16 15 14 23 22 21 20 19 18 17 16 15 14 13 12 11 21 20 19 18 17 16 15 14 13 12 11 10 9 25 24 23 22 21 20 19 18 17 16 15 14 13 24 23 22 21 20 19 18 17 16 15 14 13 12 22 21 20 19 18 17 16 15 14 13 12 11 10 22 21 20 19 18 17 16 15 14 13 12 11 10 22 21 20 19 18 17 16 15 14 13 12 11 10 24 23 22 21 20 19 18 17 16 15 14 13 12 21 16 19 13 15 26 19 21 23 15 24 21 24 19 21 15 24 17 24 23 23 21 24 20 26 18 14 24 25 21 14 19 26 23 14 25 13 14 21 19 16 21 17 17 15 15 21 20 20 20 14 15 21 24 23 18 24 19 17 23 18 18 25 15 13 16 23 24 25 21 21 26 15 22 19 24 22 13 13 24 22 23 17 19 18 25 15 23 24 23 24 21 19 15 26 18 24 16 24 18 17 19 19 24 23 18 17 23 18 25 25 24 17 20 23 22 16 21 15 17 24 15 15 15 14 16 23 13 19 16 20
itemClass_lengthVector 48 55 4 56 6 3 39 8 12 12 23 32 2 7 5 17 32 23 29 7 2 10 5 17 140 6 2 25 15 17 1 29 11 15 36 26 47 42 34 7 6 1 9 21 37 19 13 19 23 105 3 37 2 41 22 7 20 5 58 5 40 30 20 35 15 6 29 1 15 58 36 58 34 4 30 10 15 4 2 24 21 24 60 14 48 9 2 23 8 53 12 4 7 50 11 1 50 29 28 7 2 56 33 22 64 1 2 6 48 47 13 1 57 10 27 12 12 40 4 6 25 13 38 7 3 5 22 11 117 9 61 18 9 4 6 6 45 78 2 5 14 18 34 6 72 17 31 24 22 15 4 3 72 21 6 7 23 26 33 7 1 30 5 16 12 56 46 34 11 6 12 2 31 22 47 40 6 55 13 48 55 47 40 7 13 47 13 3 3 5 55 49 3 48 7 32 47 49 6 23 38 49 56 31 55 31 24 56 4 11 7 7 7 13 13 56 4 3 7 31 13 56 49 54 9 48 3 8 55 9 9 47 13 32 12 56 54 49 7 57 48 13 57 39 56 4 31 31 47 55 5 8 3 8 56 13 56 49 5 47 6 2 12 49 40 55 13 3 39 7 2 2 47 56 8 7 55 8 48 54 3 9 4 57 4 13 7 12 11 49 24 24 22 33 11 55 31 38 13 6
itemClass_demand 1 1 1 1 1 1 1 1 1 1 1 1 1 1 1 1 1 1 1 1 1 1 1 1 1 1 1 1 1 1 1 1 1 1 1 1 1 1 1 1 1 1 1 1 1 1 1 1 1 1 1 1 1 1 1 1 1 1 1 1 1 1 1 1 1 1 1 1 1 1 1 1 1 1 1 1 1 1 1 1 1 1 1 1 1 1 1 1 1 1 1 1 1 1 1 1 1 1 1 1 1 1 1 1 1 1 1 1 1 1 1 1 1 1 1 1 1 1 1 1 1 1 1 1 1 1 1 1 1 1 1 1 1 1 1 1 1 1 1 1 1 1 1 1 1 1 1 1 1 1 1 1 1 1 1 1 1 1 1 1 1 1 1 1 1 1 1 1 1 1 1 1 1 1 1 1 1 1 1 1 1 1 1 1 1 1 1 1 1 1 1 1 1 1 1 1 1 1 1 1 1 1 1 1 1 1 1 1 1 1 1 1 1 1 1 1 1 1 1 1 1 1 1 1 1 1 1 1 1 1 1 1 1 1 1 1 1 1 1 1 1 1 1 1 1 1 1 1 1 1 1 1 1 1 1 1 1 1 1 1 1 1 1 1 1 1 1 1 1 1 1 1 1 1 1 1 1 1 1 1 1 1 1 1 1 1 1 1 1 1 1 1 1 1 1 1 1 1 1 1
binNumber 10000
binClassNumber 1
binClass_widthVector 300
binClass_lengthVector 300
binClass_disponibility 1000
itemClass_weight 11040 12650 920 12880 1380 690 8970 1840 2760 2760 5290 7360 460 1610 1150 3910 7360 5290 6670 1610 460 2300 1150 3910 32200 1380 440 5500 3300 3740 220 6380 2420 3300 7920 5720 10340 9240 7480 1610 1380 230 2070 4830 8510 4370 2990 4370 5290 24150 690 8510 520 10660 5720 1820 5200 1300 15080 1300 10400 7800 5200 9100 3900 1380 6670 230 3450 13340 8280 13340 7820 920 6900 2300 3450 920 420 5040 4410 5040 12600 2940 10080 1890 420 4830 1680 11130 2520 1000 1750 12500 2750 250 12500 7250 7000 1750 500 14000 8250 5500 15360 240 480 1440 11520 11280 3120 240 13680 2400 6480 2880 2880 8800 880 1320 5500 2860 8360 1540 660 1100 4840 2420 25740 1980 13420 3960 1980 880 1320 1320 9900 17160 440 1100 3080 3960 7480 1320 15840 3740 6820 5280 4840 3300 880 660 15840 4620 1320 1540 5520 6240 7920 1680 240 7200 1200 3840 2880 13440 11040 8160 2640 1440 3024 498 7378 5368 11139 9320 1446 12925 3302 12096 13200 11186 10080 1757 3133 11609 3068 726 702 1225 12925 12103 762 11088 1680 7680 10951 11956 1398 5313 9652 12201 13496 7564 12705 7719 6000 13552 1012 2618 1715 1757 1652 3224 3081 13160 1016 693 1694 7285 3016 13832 12299 13284 2142 11520 726 1896 13530 2115 2097 11139 3198 7488 2856 13160 13338 11613 1687 13908 11904 3211 13737 9087 13776 932 7285 7719 11327 13090 1170 1856 732 1984 13328 3133 13272 11809 1205 11233 1404 502 2880 11613 9480 13530 3081 705 9711 1701 500 464 10857 13384 1888 1624 13310 2032 11664 13230 741 2133 1000 14364 1008 3263 1771 3012 2706 11319 6000 5952 5126 7953 2772 13750 7564 8930 3276 1464
