itemNumber 70
itemClassNumber 70
itemClass_widthVector 10 9 8 7 6 5 12 11 10 9 8 7 12 11 10 9 8 7 13 12 11 10 9 8 13 12 11 10 9 8 10 9 8 7 6 5 7 10 8 12 9 10 11 10 7 9 10 9 10 9 10 10 7 8 9 11 9 7 9 8 10 10 9 8 9 7 11 12 10 8
itemClass_lengthVector 16 23 12 7 2 10 20 1 1 14 31 3 27 9 13 3 5 13 25 3 7 23 8 4 4 12 5 15 17 17 40 14 2 3 4 7 2 23 6 16 12 22 16 23 3 12 22 13 22 11 23 23 1 7 11 17 12 2 13 7 22 22 13 7 11 1 15 17 23 7
itemClass_demand 1 1 1 1 1 1 1 1 1 1 1 1 1 1 1 1 1 1 1 1 1 1 1 1 1 1 1 1 1 1 1 1 1 1 1 1 1 1 1 1 1 1 1 1 1 1 1 1 1 1 1 1 1 1 1 1 1 1 1 1 1 1 1 1 1 1 1 1 1 1
binNumber 10000
binClassNumber 1
binClass_widthVector 70
binClass_lengthVector 70
binClass_disponibility 1000
itemClass_weight 1600 2300 1200 700 200 1000 2400 120 120 1680 3720 360 3240 1080 1560 360 600 1560 3250 390 910 2990 1040 520 520 1560 650 1950 2210 2210 4000 1400 200 300 400 700 220 2530 642 1728 1308 2310 1616 2323 327 1212 2288 1339 2310 1199 2461 2484 111 714 1144 1768 1236 204 1417 756 2266 2442 1430 756 1111 107 1530 1717 2323 763
