itemNumber 100
itemClassNumber 100
itemClass_widthVector 13 12 11 10 9 8 7 6 12 11 10 9 8 7 6 5 12 11 10 9 8 7 6 5 14 13 12 11 10 9 8 7 12 11 10 9 8 7 6 5 12 11 10 9 8 7 6 5 13 12 11 10 9 8 7 6 12 11 10 9 8 7 6 5 13 10 14 8 14 9 13 14 8 12 12 9 12 8 8 8 10 12 11 8 8 12 8 11 11 9 13 12 10 12 12 9 10 10 10 9
itemClass_lengthVector 7 16 7 5 6 30 6 23 8 7 53 5 2 15 4 6 7 17 11 9 12 30 3 11 4 35 9 3 22 1 1 25 1 7 5 13 5 21 14 34 5 4 16 21 11 12 12 19 6 10 43 5 4 8 15 9 3 6 7 8 21 20 17 18 16 6 6 5 16 31 16 16 7 6 6 30 4 6 5 6 6 7 6 7 7 7 7 4 5 31 15 6 5 8 6 29 5 6 7 31
itemClass_demand 1 1 1 1 1 1 1 1 1 1 1 1 1 1 1 1 1 1 1 1 1 1 1 1 1 1 1 1 1 1 1 1 1 1 1 1 1 1 1 1 1 1 1 1 1 1 1 1 1 1 1 1 1 1 1 1 1 1 1 1 1 1 1 1 1 1 1 1 1 1 1 1 1 1 1 1 1 1 1 1 1 1 1 1 1 1 1 1 1 1 1 1 1 1 1 1 1 1 1 1
binNumber 10000
binClassNumber 1
binClass_widthVector 100
binClass_lengthVector 100
binClass_disponibility 1000
itemClass_weight 910 2080 910 650 780 3900 780 2990 960 840 6360 600 240 1800 480 720 840 2040 1320 1080 1440 3600 360 1320 560 4900 1260 420 3080 140 140 3500 120 840 600 1560 600 2520 1680 4080 600 480 1920 2520 1320 1440 1440 2280 780 1300 5590 650 520 1040 1950 1170 360 720 840 960 2520 2400 2040 2160 2144 864 810 700 2112 4061 2144 2096 966 792 798 3930 524 810 705 828 816 994 798 945 938 952 994 552 685 4402 2055 834 695 1112 834 3828 675 822 952 4154
