itemNumber 80
itemClassNumber 80
itemClass_widthVector 13 12 11 10 9 8 7 11 10 9 8 7 6 5 12 11 10 9 8 7 6 11 10 9 8 7 6 5 11 10 9 8 7 6 5 11 10 9 8 7 6 5 11 10 9 8 7 6 5 14 10 10 13 12 11 12 12 14 10 11 12 11 10 9 10 12 10 14 13 12 9 9 14 10 10 9 14 14 12 9
itemClass_lengthVector 3 32 6 7 13 15 4 12 21 10 4 6 2 25 25 22 16 2 1 8 6 12 3 11 39 3 10 2 2 20 3 2 40 10 3 7 10 7 31 8 14 3 10 29 10 6 6 6 13 2 13 13 6 7 7 7 7 33 13 7 7 6 14 15 12 7 13 31 33 5 14 15 4 12 14 15 4 32 7 16
itemClass_demand 1 1 1 1 1 1 1 1 1 1 1 1 1 1 1 1 1 1 1 1 1 1 1 1 1 1 1 1 1 1 1 1 1 1 1 1 1 1 1 1 1 1 1 1 1 1 1 1 1 1 1 1 1 1 1 1 1 1 1 1 1 1 1 1 1 1 1 1 1 1 1 1 1 1 1 1 1 1 1 1
binNumber 10000
binClassNumber 1
binClass_widthVector 80
binClass_lengthVector 80
binClass_disponibility 1000
itemClass_weight 390 4160 780 910 1690 1950 520 1320 2310 1100 440 660 220 2750 3000 2640 1920 240 120 960 720 1320 330 1210 4290 330 1100 220 220 2200 330 220 4400 1100 330 770 1100 770 3410 880 1540 330 1100 3190 1100 660 660 660 1430 270 1755 1807 840 987 994 987 987 4686 1833 1008 980 786 1974 2070 1596 959 1794 4216 4620 705 1834 2130 568 1596 2016 2130 576 4576 966 2304
