itemNumber 150
itemClassNumber 150
itemClass_widthVector 18 17 16 15 14 13 12 11 10 18 17 16 15 14 13 12 11 10 16 15 14 13 12 11 10 9 8 17 16 15 14 13 12 11 10 9 16 15 14 13 12 11 10 9 8 16 15 14 13 12 11 10 9 8 18 17 16 15 14 13 12 11 10 16 15 14 13 12 11 10 9 8 15 14 13 12 11 10 9 8 7 14 15 19 19 16 18 20 15 20 20 15 17 18 13 14 17 13 17 15 18 18 15 17 15 19 13 13 16 12 16 17 16 15 16 16 20 14 13 17 17 12 18 18 14 12 13 19 12 20 17 20 20 16 15 15 16 16 15 15 19 17 19 12 13 18 17 14 18 19
itemClass_lengthVector 7 57 1 17 17 4 5 21 21 5 16 16 43 7 18 17 8 20 15 15 25 7 2 29 42 8 7 3 10 12 19 26 16 62 1 1 6 14 16 65 3 21 10 10 5 13 11 18 23 15 1 23 4 42 20 37 44 4 9 11 8 9 8 14 30 16 21 4 10 48 6 1 46 4 65 1 3 11 12 6 2 4 16 57 56 18 57 6 4 8 8 3 17 57 5 3 1 22 2 4 58 1 5 1 18 8 20 4 16 21 17 1 16 5 16 17 7 6 20 16 18 22 2 56 4 21 4 7 20 7 16 6 6 18 18 18 17 18 4 4 8 1 56 20 20 56 17 5 57 57
itemClass_demand 1 1 1 1 1 1 1 1 1 1 1 1 1 1 1 1 1 1 1 1 1 1 1 1 1 1 1 1 1 1 1 1 1 1 1 1 1 1 1 1 1 1 1 1 1 1 1 1 1 1 1 1 1 1 1 1 1 1 1 1 1 1 1 1 1 1 1 1 1 1 1 1 1 1 1 1 1 1 1 1 1 1 1 1 1 1 1 1 1 1 1 1 1 1 1 1 1 1 1 1 1 1 1 1 1 1 1 1 1 1 1 1 1 1 1 1 1 1 1 1 1 1 1 1 1 1 1 1 1 1 1 1 1 1 1 1 1 1 1 1 1 1 1 1 1 1 1 1 1 1
binNumber 10000
binClassNumber 1
binClass_widthVector 150
binClass_lengthVector 150
binClass_disponibility 1000
itemClass_weight 1260 10260 180 3060 3060 720 900 3780 3780 900 2880 2880 7740 1260 3240 3060 1440 3600 2400 2400 4000 1120 320 4640 6720 1280 1120 510 1700 2040 3230 4420 2720 10540 170 170 960 2240 2560 10400 480 3360 1600 1600 800 2080 1760 2880 3680 2400 160 3680 640 6720 3600 6660 7920 720 1620 1980 1440 1620 1440 2240 4800 2560 3360 640 1600 7680 960 160 6900 600 9750 150 450 1650 1800 900 300 728 2896 10659 11088 3474 11286 1134 772 1464 1528 555 3315 10431 980 591 194 4334 372 776 10788 198 985 196 3456 1528 3660 732 3056 3885 3247 189 3168 965 3088 3094 1351 1140 3740 2992 3294 4224 390 10864 772 4011 784 1358 3920 1295 2960 1170 1134 3546 3258 3276 3332 3276 780 752 1536 198 10304 3960 3620 10976 3230 970 11115 11115
