itemNumber 170
itemClassNumber 170
itemClass_widthVector 18 17 16 15 14 13 12 11 10 9 17 16 15 14 13 12 11 10 9 8 17 16 15 14 13 12 11 10 9 8 16 15 14 13 12 11 10 9 8 7 17 16 15 14 13 12 11 10 9 8 17 16 15 14 13 12 11 10 9 8 16 15 14 13 12 11 10 9 8 7 17 16 15 14 13 12 11 10 9 8 15 14 13 12 11 10 9 8 7 6 20 19 18 17 16 15 14 13 12 11 16 12 15 17 13 19 15 18 18 17 12 15 15 16 13 12 20 14 14 16 11 12 19 18 18 13 15 12 12 14 12 12 11 15 18 15 17 19 20 13 13 13 14 13 14 20 20 12 15 18 11 17 19 18 12 19 11 14 17 12 16 20 17 19 20 13 14 18 13 19
itemClass_lengthVector 4 4 25 5 17 16 5 35 45 14 31 50 8 5 17 42 10 1 4 2 34 31 3 4 24 6 16 30 8 14 1 11 25 21 7 44 5 14 36 6 10 1 77 4 54 3 1 2 7 11 1 23 8 1 47 8 25 22 31 4 40 14 4 18 46 6 5 4 7 26 53 10 11 16 2 17 1 42 13 5 16 59 11 14 12 4 8 12 6 28 9 17 7 42 14 4 21 12 24 20 6 35 16 6 6 3 17 26 4 26 46 17 16 17 5 35 5 15 4 16 45 34 4 3 4 4 18 45 34 17 35 46 46 15 26 18 24 5 4 36 36 6 16 5 5 3 3 44 16 5 45 24 3 26 36 4 46 5 5 45 4 3 6 4 5 34 15 5 34 5
itemClass_demand 1 1 1 1 1 1 1 1 1 1 1 1 1 1 1 1 1 1 1 1 1 1 1 1 1 1 1 1 1 1 1 1 1 1 1 1 1 1 1 1 1 1 1 1 1 1 1 1 1 1 1 1 1 1 1 1 1 1 1 1 1 1 1 1 1 1 1 1 1 1 1 1 1 1 1 1 1 1 1 1 1 1 1 1 1 1 1 1 1 1 1 1 1 1 1 1 1 1 1 1 1 1 1 1 1 1 1 1 1 1 1 1 1 1 1 1 1 1 1 1 1 1 1 1 1 1 1 1 1 1 1 1 1 1 1 1 1 1 1 1 1 1 1 1 1 1 1 1 1 1 1 1 1 1 1 1 1 1 1 1 1 1 1 1 1 1 1 1 1 1
binNumber 10000
binClassNumber 1
binClass_widthVector 170
binClass_lengthVector 170
binClass_disponibility 1000
itemClass_weight 720 720 4500 900 3060 2880 900 6300 8100 2520 5270 8500 1360 850 2890 7140 1700 170 680 340 5780 5270 510 680 4080 1020 2720 5100 1360 2380 160 1760 4000 3360 1120 7040 800 2240 5760 960 1700 170 13090 680 9180 510 170 340 1190 1870 170 3910 1360 170 7990 1360 4250 3740 5270 680 6400 2240 640 2880 7360 960 800 640 1120 4160 9010 1700 1870 2720 340 2890 170 7140 2210 850 2400 8850 1650 2100 1800 600 1200 1800 900 4200 1800 3400 1400 8400 2800 800 4200 2400 4800 4000 1098 6720 3008 1122 1188 594 3230 4914 724 4784 8418 3162 2944 3332 925 6895 945 2880 776 3184 8685 6766 740 570 748 740 3276 8460 6392 3383 6370 8648 8464 2880 4888 3402 4416 985 772 6588 6876 1122 3136 975 995 561 570 8712 2928 915 8595 4464 582 4758 6624 788 8418 950 995 8505 744 555 1104 736 925 6494 2940 945 6290 940
