itemNumber 400
itemClassNumber 400
itemClass_widthVector 30 29 28 27 26 25 24 23 22 21 20 19 18 17 16 26 25 24 23 22 21 20 19 18 17 16 15 14 13 12 30 29 28 27 26 25 24 23 22 21 20 19 18 17 16 24 23 22 21 20 19 18 17 16 15 14 13 12 11 10 24 23 22 21 20 19 18 17 16 15 14 13 12 11 10 28 27 26 25 24 23 22 21 20 19 18 17 16 15 14 26 25 24 23 22 21 20 19 18 17 16 15 14 13 12 26 25 24 23 22 21 20 19 18 17 16 15 14 13 12 27 26 25 24 23 22 21 20 19 18 17 16 15 14 13 28 27 26 25 24 23 22 21 20 19 18 17 16 15 14 26 25 24 23 22 21 20 19 18 17 16 15 14 13 12 25 24 23 22 21 20 19 18 17 16 15 14 13 12 11 29 28 27 26 25 24 23 22 21 20 19 18 17 16 15 25 24 23 22 21 20 19 18 17 16 15 14 13 12 11 26 25 24 23 22 21 20 19 18 17 16 15 14 13 12 27 30 20 22 29 25 20 33 21 20 31 20 22 20 21 18 19 27 25 29 24 24 21 29 20 28 25 31 29 23 18 23 27 29 21 26 25 27 20 29 19 29 22 23 20 24 24 19 22 27 29 27 28 20 19 29 20 25 19 19 28 27 28 18 33 28 29 32 20 28 34 27 21 31 31 28 19 26 19 21 24 19 28 32 26 28 23 28 21 19 24 28 23 25 32 33 27 18 20 21 30 18 28 26 32 23 28 34 29 23 26 24 20 30 18 23 18 32 20 30 30 27 20 28 26 19 20 24 24 28 23 20 19 26 19 27 18 21 23 20 28 30 26 32 30 34 25 19 27 33 32 24 29 20 25 30 20 25 32 23 22 22 23 26 20 27 20 31 19 18 19 22 30 31 27
itemClass_lengthVector 8 3 2 31 11 59 102 12 5 23 7 55 4 42 36 84 8 2 7 65 64 18 19 7 29 26 16 1 22 32 52 3 7 11 4 45 47 28 56 27 24 14 45 19 18 9 10 20 60 2 10 25 16 42 42 3 13 29 106 13 27 96 29 2 56 8 62 2 4 27 15 27 27 14 4 3 10 3 57 16 16 69 20 12 25 105 13 33 2 16 22 61 58 9 5 9 11 4 20 10 2 4 95 39 51 19 3 19 16 46 24 6 9 44 23 32 48 36 66 9 16 7 2 28 16 83 16 73 51 11 6 55 26 5 5 21 62 25 51 3 18 15 8 49 22 60 37 18 8 3 9 80 5 4 91 16 14 7 30 19 20 17 8 4 76 33 2 28 12 142 21 5 21 14 24 7 20 23 33 15 33 24 1 14 7 50 30 129 4 7 43 1 10 4 43 1 23 8 41 61 64 18 76 1 15 18 14 38 11 11 57 2 13 2 7 7 13 57 62 40 39 16 28 43 14 60 30 3 24 3 5 3 7 54 5 3 3 7 54 6 42 43 103 102 12 24 24 8 11 54 59 12 8 1 22 41 8 10 3 55 60 103 102 54 1 42 2 7 24 56 23 23 5 6 103 2 60 32 54 5 11 3 13 43 3 31 101 10 41 9 31 2 9 54 58 9 60 6 7 7 30 42 13 3 6 6 41 60 8 58 12 8 10 6 42 23 32 4 103 3 8 101 41 3 56 1 41 60 11 7 5 31 9 32 5 12 5 3 3 41 24 43 2 3 30 31 58 54 58 11 4 55 24 6 32 24 4 41 11 3 12 42 55 8 4 58 3 59 4 3 8 4 3 10 7 4 12 31 54 12 2 54 4 3 6 24 23 24 58 55 11 56 9 43 43 42 8 3 9 58
itemClass_demand 1 1 1 1 1 1 1 1 1 1 1 1 1 1 1 1 1 1 1 1 1 1 1 1 1 1 1 1 1 1 1 1 1 1 1 1 1 1 1 1 1 1 1 1 1 1 1 1 1 1 1 1 1 1 1 1 1 1 1 1 1 1 1 1 1 1 1 1 1 1 1 1 1 1 1 1 1 1 1 1 1 1 1 1 1 1 1 1 1 1 1 1 1 1 1 1 1 1 1 1 1 1 1 1 1 1 1 1 1 1 1 1 1 1 1 1 1 1 1 1 1 1 1 1 1 1 1 1 1 1 1 1 1 1 1 1 1 1 1 1 1 1 1 1 1 1 1 1 1 1 1 1 1 1 1 1 1 1 1 1 1 1 1 1 1 1 1 1 1 1 1 1 1 1 1 1 1 1 1 1 1 1 1 1 1 1 1 1 1 1 1 1 1 1 1 1 1 1 1 1 1 1 1 1 1 1 1 1 1 1 1 1 1 1 1 1 1 1 1 1 1 1 1 1 1 1 1 1 1 1 1 1 1 1 1 1 1 1 1 1 1 1 1 1 1 1 1 1 1 1 1 1 1 1 1 1 1 1 1 1 1 1 1 1 1 1 1 1 1 1 1 1 1 1 1 1 1 1 1 1 1 1 1 1 1 1 1 1 1 1 1 1 1 1 1 1 1 1 1 1 1 1 1 1 1 1 1 1 1 1 1 1 1 1 1 1 1 1 1 1 1 1 1 1 1 1 1 1 1 1 1 1 1 1 1 1 1 1 1 1 1 1 1 1 1 1 1 1 1 1 1 1 1 1 1 1 1 1 1 1 1 1 1 1 1 1 1 1 1 1 1 1 1 1 1 1 1 1 1 1 1 1 1 1 1 1 1 1 1 1 1 1 1 1 1 1 1 1 1 1
binNumber 10000
binClassNumber 1
binClass_widthVector 400
binClass_lengthVector 400
binClass_disponibility 1000
itemClass_weight 2400 900 600 9300 3300 17700 30600 3600 1500 6900 2100 16500 1200 12600 10800 21840 2080 520 1820 16900 16640 4680 4940 1820 7540 6760 4160 260 5720 8320 15600 900 2100 3300 1200 13500 14100 8400 16800 8100 7200 4200 13500 5700 5400 2160 2400 4800 14400 480 2400 6000 3840 10080 10080 720 3120 6960 25440 3120 6480 23040 6960 480 13440 1920 14880 480 960 6480 3600 6480 6480 3360 960 840 2800 840 15960 4480 4480 19320 5600 3360 7000 29400 3640 9240 560 4480 5720 15860 15080 2340 1300 2340 2860 1040 5200 2600 520 1040 24700 10140 13260 4940 780 4940 4160 11960 6240 1560 2340 11440 5980 8320 12480 9360 17160 2340 4320 1890 540 7560 4320 22410 4320 19710 13770 2970 1620 14850 7020 1350 1350 5880 17360 7000 14280 840 5040 4200 2240 13720 6160 16800 10360 5040 2240 840 2340 20800 1300 1040 23660 4160 3640 1820 7800 4940 5200 4420 2080 1040 19760 8250 500 7000 3000 35500 5250 1250 5250 3500 6000 1750 5000 5750 8250 3750 9570 6960 290 4060 2030 14500 8700 37410 1160 2030 12470 290 2900 1160 12470 250 5750 2000 10250 15250 16000 4500 19000 250 3750 4500 3500 9500 2750 2750 14820 520 3380 520 1820 1820 3380 14820 16120 10400 10140 4160 7280 11180 3640 18900 9540 906 7800 909 1510 981 2184 17442 1550 978 954 2247 17226 1812 12768 14233 31415 32334 3972 7656 7512 2560 3421 17766 17877 3876 2472 320 6908 13407 2472 3220 948 17105 19140 33372 33252 16308 304 13776 608 2170 7920 18368 7452 6946 1620 1908 31106 648 19500 10304 16686 1520 3619 927 3978 13502 969 10168 33128 3270 12628 2853 10261 614 2727 16524 18502 2907 19740 1854 2128 2121 9690 13272 4238 954 1866 1968 12628 19320 2528 18908 3852 2480 3080 1818 13482 7222 10528 1228 32754 966 2424 32926 12751 906 18536 305 13407 19860 3443 2303 1595 9765 2763 10400 1520 3912 1515 993 933 12792 7440 13201 604 909 9090 9424 18560 16848 17864 3410 1244 16830 7536 1902 10304 7680 1240 12341 3553 903 3612 13272 17050 2496 1292 18154 993 17995 1256 990 2568 1304 945 3190 2184 1232 3792 9765 17388 3972 628 16848 1296 969 1824 7920 7268 7896 18966 16940 3465 17136 2853 13846 13631 13020 2616 957 2862 18386
