itemNumber 90
itemClassNumber 90
itemClass_widthVector 12 11 10 9 8 7 6 14 13 12 11 10 9 8 13 12 11 10 9 8 7 12 11 10 9 8 7 6 12 11 10 9 8 7 6 15 14 13 12 11 10 9 12 11 10 9 8 7 6 14 9 10 10 8 8 9 13 11 12 14 13 9 10 12 10 14 13 8 10 13 13 13 11 9 13 9 12 8 8 10 8 11 10 12 9 9 10 9 14 14
itemClass_lengthVector 11 7 9 5 20 13 25 3 9 18 5 17 11 27 8 6 35 1 30 5 5 5 14 6 38 7 5 15 13 28 5 23 8 12 1 2 27 3 13 20 5 20 23 16 10 2 3 31 5 11 20 6 4 12 12 20 10 9 9 12 12 19 5 8 4 12 8 12 5 10 10 12 9 21 7 21 10 13 13 6 13 9 5 8 20 21 4 19 11 12
itemClass_demand 1 1 1 1 1 1 1 1 1 1 1 1 1 1 1 1 1 1 1 1 1 1 1 1 1 1 1 1 1 1 1 1 1 1 1 1 1 1 1 1 1 1 1 1 1 1 1 1 1 1 1 1 1 1 1 1 1 1 1 1 1 1 1 1 1 1 1 1 1 1 1 1 1 1 1 1 1 1 1 1 1 1 1 1 1 1 1 1 1 1
binNumber 10000
binClassNumber 1
binClass_widthVector 90
binClass_lengthVector 90
binClass_disponibility 1000
itemClass_weight 1320 840 1080 600 2400 1560 3000 417 1251 2502 695 2363 1529 3753 1040 780 4550 130 3900 650 650 600 1680 720 4560 840 600 1800 1560 3360 600 2760 960 1440 120 300 4050 450 1950 3000 750 3000 2760 1920 1200 240 360 3720 600 1353 2460 762 500 1464 1476 2600 1230 1188 1134 1488 1596 2394 610 1024 488 1572 1032 1560 620 1280 1320 1572 1188 2709 924 2541 1220 1612 1677 798 1703 1116 650 1016 2620 2751 516 2337 1397 1500
