itemNumber 60
itemClassNumber 60
itemClass_widthVector 11 10 9 8 7 6 11 10 9 8 7 6 10 9 8 7 6 5 10 9 8 7 6 5 9 8 7 6 5 4 9 8 7 6 5 4 9 8 13 8 8 9 8 8 13 11 13 9 9 10 8 8 11 12 10 10 13 12 13 9
itemClass_lengthVector 22 8 3 6 19 2 4 7 5 12 19 13 14 1 29 3 4 9 3 10 9 24 6 8 2 14 12 20 11 1 1 5 3 26 23 2 5 18 21 18 18 5 18 20 23 8 22 5 6 4 18 19 9 7 4 2 21 23 21 6
itemClass_demand 1 1 1 1 1 1 1 1 1 1 1 1 1 1 1 1 1 1 1 1 1 1 1 1 1 1 1 1 1 1 1 1 1 1 1 1 1 1 1 1 1 1 1 1 1 1 1 1 1 1 1 1 1 1 1 1 1 1 1 1
binNumber 10000
binClassNumber 1
binClass_widthVector 60
binClass_lengthVector 60
binClass_disponibility 1000
itemClass_weight 2420 880 330 660 2090 220 440 770 550 1320 2090 1430 1400 100 2900 300 400 900 300 1000 900 2400 600 800 180 1260 1080 1800 990 90 90 450 270 2340 2070 180 610 2160 2499 2196 2196 600 2178 2320 2714 960 2442 570 672 448 2106 2204 1053 833 452 222 2373 2553 2394 696
