itemNumber 300
itemClassNumber 300
itemClass_widthVector 24 23 22 21 20 19 18 17 16 15 14 13 12 26 25 24 23 22 21 20 19 18 17 16 15 14 22 21 20 19 18 17 16 15 14 13 12 11 10 23 22 21 20 19 18 17 16 15 14 13 12 11 22 21 20 19 18 17 16 15 14 13 12 11 10 23 22 21 20 19 18 17 16 15 14 13 12 11 22 21 20 19 18 17 16 15 14 13 12 11 10 22 21 20 19 18 17 16 15 14 13 12 11 10 22 21 20 19 18 17 16 15 14 13 12 11 10 24 23 22 21 20 19 18 17 16 15 14 13 12 21 20 19 18 17 16 15 14 13 12 11 10 9 25 24 23 22 21 20 19 18 17 16 15 14 13 24 23 22 21 20 19 18 17 16 15 14 13 12 24 14 22 19 15 19 24 25 15 24 21 26 25 18 16 20 23 19 21 20 21 15 15 15 24 17 24 18 15 23 17 15 22 22 19 23 19 14 23 25 24 26 24 23 26 16 16 20 27 22 15 22 22 17 21 23 14 14 23 25 15 16 26 24 20 21 24 26 16 23 23 22 24 21 18 23 23 19 17 26 20 26 20 19 23 22 26 17 17 14 20 25 16 18 16 24 14 15 15 23 16 23 23 17 21 25 17 20 15 19 25 18 23 23 20 18 25 25 18 19 19 24 25 19 18 26 21 24 24 15 14
itemClass_lengthVector 15 29 16 21 6 44 25 12 60 24 4 9 35 48 26 5 23 35 4 5 21 79 8 34 8 4 35 60 33 1 28 10 8 11 21 16 18 54 5 75 39 31 6 5 35 12 7 45 14 7 20 4 5 5 25 30 22 23 9 45 40 33 10 25 28 41 13 3 16 21 37 26 2 74 22 4 9 32 33 19 18 27 13 9 3 6 11 19 35 44 63 16 106 1 1 12 9 5 19 74 1 39 15 2 16 2 38 28 38 33 57 18 12 24 12 11 11 3 6 30 34 11 40 3 19 2 48 52 49 3 32 70 17 12 27 29 9 20 24 4 33 10 13 23 41 2 17 14 22 24 33 14 27 6 21 56 2 63 8 23 53 34 1 27 1 57 4 21 6 17 8 6 11 10 24 29 15 4 30 6 30 30 60 5 43 17 25 6 24 5 4 5 8 30 61 20 61 4 7 60 4 21 5 12 16 13 9 16 29 28 15 30 16 29 3 4 45 14 5 3 5 6 24 5 5 8 8 15 15 10 23 28 30 25 43 30 14 24 16 20 5 21 45 12 6 16 26 25 30 45 30 24 13 16 7 29 61 24 8 44 15 4 13 24 17 9 9 4 6 24 22 15 23 5 16 59 25 4 13 30 13 21 7 44 11 16 16 11 26 12 15 29 25 11 30 44 28 15 10 10
itemClass_demand 1 1 1 1 1 1 1 1 1 1 1 1 1 1 1 1 1 1 1 1 1 1 1 1 1 1 1 1 1 1 1 1 1 1 1 1 1 1 1 1 1 1 1 1 1 1 1 1 1 1 1 1 1 1 1 1 1 1 1 1 1 1 1 1 1 1 1 1 1 1 1 1 1 1 1 1 1 1 1 1 1 1 1 1 1 1 1 1 1 1 1 1 1 1 1 1 1 1 1 1 1 1 1 1 1 1 1 1 1 1 1 1 1 1 1 1 1 1 1 1 1 1 1 1 1 1 1 1 1 1 1 1 1 1 1 1 1 1 1 1 1 1 1 1 1 1 1 1 1 1 1 1 1 1 1 1 1 1 1 1 1 1 1 1 1 1 1 1 1 1 1 1 1 1 1 1 1 1 1 1 1 1 1 1 1 1 1 1 1 1 1 1 1 1 1 1 1 1 1 1 1 1 1 1 1 1 1 1 1 1 1 1 1 1 1 1 1 1 1 1 1 1 1 1 1 1 1 1 1 1 1 1 1 1 1 1 1 1 1 1 1 1 1 1 1 1 1 1 1 1 1 1 1 1 1 1 1 1 1 1 1 1 1 1 1 1 1 1 1 1 1 1 1 1 1 1 1 1 1 1 1 1 1 1 1 1 1 1 1 1 1 1 1 1 1 1 1 1 1 1
binNumber 10000
binClassNumber 1
binClass_widthVector 300
binClass_lengthVector 300
binClass_disponibility 1000
itemClass_weight 3600 6960 3840 5040 1440 10560 6000 2880 14400 5760 960 2160 8400 12480 6760 1300 5980 9100 1040 1300 5460 20540 2080 8840 2080 1040 7700 13200 7260 220 6160 2200 1760 2420 4620 3520 3960 11880 1100 17250 8970 7130 1380 1150 8050 2760 1610 10350 3220 1610 4600 920 1100 1100 5500 6600 4840 5060 1980 9900 8800 7260 2200 5500 6160 9430 2990 690 3680 4830 8510 5980 460 17020 5060 920 2070 7360 7260 4180 3960 5940 2860 1980 660 1320 2420 4180 7700 9680 13860 3520 23320 220 220 2640 1980 1100 4180 16280 220 8580 3300 440 3520 440 8360 6160 8360 7260 12540 3960 2640 5280 2640 2420 2420 720 1440 7200 8160 2640 9600 720 4560 480 11520 12480 11760 720 6720 14700 3570 2520 5670 6090 1890 4200 5040 840 6930 2100 2730 5750 10250 500 4250 3500 5500 6000 8250 3500 6750 1500 5250 14000 480 15120 1920 5520 12720 8160 240 6480 240 13680 960 5040 1440 4148 2080 1542 2772 2530 6000 7685 3975 996 7800 1512 7470 7920 15720 1310 10535 4318 6350 1500 5856 1275 1060 1235 2088 7320 15982 5040 15128 1024 1729 14520 980 5187 1260 2916 4064 3315 2322 4048 7366 7280 3690 7290 3952 7047 738 996 10980 3528 1280 756 1230 1476 5856 1315 1275 2088 2080 3900 3885 2620 5635 7308 7230 6100 10363 7620 3514 5832 4240 5060 1310 5355 11565 3024 1554 3936 6682 6275 7650 11475 7770 5832 3315 4064 1764 7511 14762 5808 1992 10824 3915 1056 3146 6288 4386 2304 2187 992 1548 6096 5566 3720 5957 1225 3984 14455 6500 1004 3237 7290 3237 5481 1841 11000 2739 3872 4000 2915 6292 3012 3630 7685 6425 2684 7680 11660 7000 3810 2610 2450
