itemNumber 700
itemClassNumber 700
itemClass_widthVector 40 39 38 37 36 35 34 33 32 31 30 29 28 27 26 25 24 23 22 39 38 37 36 35 34 33 32 31 30 29 28 27 26 25 24 23 22 21 37 36 35 34 33 32 31 30 29 28 27 26 25 24 23 22 21 20 19 35 34 33 32 31 30 29 28 27 26 25 24 23 22 21 20 19 18 17 36 35 34 33 32 31 30 29 28 27 26 25 24 23 22 21 20 19 18 33 32 31 30 29 28 27 26 25 24 23 22 21 20 19 18 17 16 15 39 38 37 36 35 34 33 32 31 30 29 28 27 26 25 24 23 22 21 40 39 38 37 36 35 34 33 32 31 30 29 28 27 26 25 24 23 22 34 33 32 31 30 29 28 27 26 25 24 23 22 21 20 19 18 17 16 39 38 37 36 35 34 33 32 31 30 29 28 27 26 25 24 23 22 21 33 32 31 30 29 28 27 26 25 24 23 22 21 20 19 18 17 16 15 39 38 37 36 35 34 33 32 31 30 29 28 27 26 25 24 23 22 21 36 35 34 33 32 31 30 29 28 27 26 25 24 23 22 21 20 19 18 40 39 38 37 36 35 34 33 32 31 30 29 28 27 26 25 24 23 22 39 38 37 36 35 34 33 32 31 30 29 28 27 26 25 24 23 22 21 36 35 34 33 32 31 30 29 28 27 26 25 24 23 22 21 20 19 18 35 34 33 32 31 30 29 28 27 26 25 24 23 22 21 20 19 18 17 37 36 35 34 33 32 31 30 29 28 27 26 25 24 23 22 21 20 19 33 32 31 30 29 28 27 26 25 24 23 22 21 20 19 18 17 16 15 39 32 38 29 29 29 33 34 36 35 36 30 27 34 27 32 32 35 30 31 39 44 41 32 26 35 35 38 32 33 30 31 34 40 40 28 28 37 41 28 30 31 39 35 26 36 30 37 40 29 43 27 34 33 29 30 41 37 28 29 26 30 42 40 42 38 31 29 27 37 31 40 31 35 36 36 37 27 36 31 37 38 42 39 40 25 30 36 26 40 42 31 36 37 41 37 24 27 41 43 25 29 39 39 35 32 45 35 30 40 33 40 30 42 36 41 34 38 43 37 28 30 27 33 26 26 40 44 39 27 37 35 40 34 41 38 32 42 35 41 30 26 26 32 38 41 31 42 42 30 27 28 41 30 31 31 41 27 26 30 25 31 34 41 29 29 37 24 34 34 39 33 42 42 42 41 38 42 26 31 32 32 38 31 37 35 28 41 32 29 34 34 37 35 35 35 39 37 34 29 29 28 37 27 42 39 37 26 28 29 35 28 37 31 37 32 32 29 32 31 26 26 38 41 35 32 39 31 34 36 36 43 33 26 28 32 37 42 37 39 34 36 40 44 40 30 28 43 26 31 28 26 45 38 41 28 25 40 26 41 33 28 27 34 39 34 33 42 26 40 32 38 25 34 30 33 31 33 39 43 42 30 34 24 43 28 27 33 39 28 42 35 29 37 33 45 37 28 39 32 27 33 34 31 34 34 42 31 29 41 38 31 36 27 38 30 27 44 39 37 39 30 27 28 37 44 36 29 40 26 27 41 25 37 30 31 27 40 27
itemClass_lengthVector 65 25 15 9 22 74 5 15 44 14 11 51 43 14 25 87 86 86 9 18 53 16 9 41 12 28 20 6 205 23 78 4 38 2 34 7 61 45 1 18 72 24 89 15 9 49 15 23 18 4 52 55 11 134 34 22 55 13 3 15 19 2 11 61 28 17 8 37 56 32 62 35 63 160 5 73 14 72 1 45 35 11 3 27 20 56 114 70 18 56 17 14 33 39 55 30 7 12 38 150 12 1 131 2 87 38 79 25 6 10 10 2 56 4 54 55 3 2 19 9 11 44 30 10 121 38 64 3 12 15 115 83 12 40 20 1 75 56 34 32 24 26 15 39 51 15 59 45 88 35 43 2 28 33 34 80 16 3 23 109 7 5 36 21 17 39 16 90 26 43 74 12 32 50 5 40 14 15 62 93 14 62 6 9 105 2 1 79 64 35 27 26 98 33 7 47 48 53 14 3 107 28 39 29 34 23 79 2 3 13 74 15 69 20 5 58 13 97 84 33 58 5 9 17 32 46 31 21 34 110 4 8 22 27 88 29 67 2 16 20 87 22 53 6 58 31 16 12 153 18 48 30 18 24 15 13 26 22 46 142 6 79 2 31 12 3 35 131 31 87 14 23 37 15 46 13 37 52 7 1 30 28 69 23 21 9 11 11 50 41 51 27 48 18 34 17 83 46 37 24 25 67 24 77 60 16 8 7 63 13 179 72 71 1 11 44 1 56 3 20 25 13 37 62 10 12 13 142 23 29 17 5 21 5 64 20 40 23 3 88 47 76 99 25 39 36 2 4 24 28 10 6 109 36 87 46 26 68 36 10 9 21 52 8 25 26 25 10 13 74 16 75 42 86 43 88 50 15 15 51 12 14 66 26 15 85 4 5 75 50 43 52 12 14 25 14 26 26 5 25 24 14 11 21 45 86 5 44 21 25 15 66 25 44 44 13 42 16 14 13 14 87 14 65 9 15 5 50 15 26 6 52 24 10 16 16 74 21 85 14 42 16 74 24 16 8 87 51 14 85 26 24 10 75 6 64 14 85 87 65 64 87 44 9 10 16 10 64 14 52 9 15 22 52 15 75 65 14 5 66 21 88 15 88 15 87 87 16 66 21 85 75 15 24 12 26 9 13 16 15 9 14 86 87 11 74 25 11 14 65 13 24 25 14 44 44 43 16 24 88 15 87 10 15 26 26 25 5 86 44 43 10 44 25 14 25 9 4 15 85 44 52 14 5 43 75 14 88 25 15 13 16 44 23 13 16 43 10 14 14 25 42 87 4 24 15 75 14 85 25 44 15 87 4 52 75 11 14 14 50 43 88 86 73 8 16 11 10 44 10 75 15 25 15 87 13 52 73 26 21 16 14 43 8 65 8 51 86 66 86 52 15 87 65 74 15 88 85 16 87 14 14 14 26 14 74 44 45 16 85 26 51 23 86 44 42 11 51 13 73 25 66 52 15 87 25 24 88 45 75 88 64 15 14 73 13 64 15 15 9 11 25 10 15 42 14 15 16 43 26 25 23 42 15 88 74 52 86 65 16 4 75 14 85 86 75 66 45 25 24 87 86 14 86 4 51 11 25 10 25
itemClass_demand 1 1 1 1 1 1 1 1 1 1 1 1 1 1 1 1 1 1 1 1 1 1 1 1 1 1 1 1 1 1 1 1 1 1 1 1 1 1 1 1 1 1 1 1 1 1 1 1 1 1 1 1 1 1 1 1 1 1 1 1 1 1 1 1 1 1 1 1 1 1 1 1 1 1 1 1 1 1 1 1 1 1 1 1 1 1 1 1 1 1 1 1 1 1 1 1 1 1 1 1 1 1 1 1 1 1 1 1 1 1 1 1 1 1 1 1 1 1 1 1 1 1 1 1 1 1 1 1 1 1 1 1 1 1 1 1 1 1 1 1 1 1 1 1 1 1 1 1 1 1 1 1 1 1 1 1 1 1 1 1 1 1 1 1 1 1 1 1 1 1 1 1 1 1 1 1 1 1 1 1 1 1 1 1 1 1 1 1 1 1 1 1 1 1 1 1 1 1 1 1 1 1 1 1 1 1 1 1 1 1 1 1 1 1 1 1 1 1 1 1 1 1 1 1 1 1 1 1 1 1 1 1 1 1 1 1 1 1 1 1 1 1 1 1 1 1 1 1 1 1 1 1 1 1 1 1 1 1 1 1 1 1 1 1 1 1 1 1 1 1 1 1 1 1 1 1 1 1 1 1 1 1 1 1 1 1 1 1 1 1 1 1 1 1 1 1 1 1 1 1 1 1 1 1 1 1 1 1 1 1 1 1 1 1 1 1 1 1 1 1 1 1 1 1 1 1 1 1 1 1 1 1 1 1 1 1 1 1 1 1 1 1 1 1 1 1 1 1 1 1 1 1 1 1 1 1 1 1 1 1 1 1 1 1 1 1 1 1 1 1 1 1 1 1 1 1 1 1 1 1 1 1 1 1 1 1 1 1 1 1 1 1 1 1 1 1 1 1 1 1 1 1 1 1 1 1 1 1 1 1 1 1 1 1 1 1 1 1 1 1 1 1 1 1 1 1 1 1 1 1 1 1 1 1 1 1 1 1 1 1 1 1 1 1 1 1 1 1 1 1 1 1 1 1 1 1 1 1 1 1 1 1 1 1 1 1 1 1 1 1 1 1 1 1 1 1 1 1 1 1 1 1 1 1 1 1 1 1 1 1 1 1 1 1 1 1 1 1 1 1 1 1 1 1 1 1 1 1 1 1 1 1 1 1 1 1 1 1 1 1 1 1 1 1 1 1 1 1 1 1 1 1 1 1 1 1 1 1 1 1 1 1 1 1 1 1 1 1 1 1 1 1 1 1 1 1 1 1 1 1 1 1 1 1 1 1 1 1 1 1 1 1 1 1 1 1 1 1 1 1 1 1 1 1 1 1 1 1 1 1 1 1 1 1 1 1 1 1 1 1 1 1 1 1 1 1 1 1 1 1 1 1 1 1 1 1 1 1 1 1 1 1 1 1 1 1 1 1 1 1 1 1 1 1 1 1 1 1 1 1 1 1 1 1 1 1 1 1 1 1 1 1 1 1 1 1 1 1 1 1 1 1 1 1 1 1 1 1 1 1 1 1 1 1 1 1 1 1 1 1 1 1 1 1 1 1 1 1 1 1 1 1 1 1 1 1 1 1 1 1
binNumber 10000
binClassNumber 1
binClass_widthVector 700
binClass_lengthVector 700
binClass_disponibility 1000
itemClass_weight 26000 10000 6000 3600 8800 29600 2000 6000 17600 5600 4400 20400 17200 5600 10000 34800 34400 34400 3600 7020 20670 6240 3510 15990 4680 10920 7800 2340 79950 8970 30420 1560 14820 780 13260 2730 23790 17550 370 6660 26640 8880 32930 5550 3330 18130 5550 8510 6660 1480 19240 20350 4070 49580 12580 8140 20350 4550 1050 5250 6650 700 3850 21350 9800 5950 2800 12950 19600 11200 21700 12250 22050 56000 1750 25550 5040 25920 360 16200 12600 3960 1080 9720 7200 20160 41040 25200 6480 20160 6120 5040 11880 14040 19800 9900 2310 3960 12540 49500 3960 330 43230 660 28710 12540 26070 8250 1980 3300 3300 660 18480 1320 21060 21450 1170 780 7410 3510 4290 17160 11700 3900 47190 14820 24960 1170 4680 5850 44850 32370 4680 16000 8000 400 30000 22400 13600 12800 9600 10400 6000 15600 20400 6000 23600 18000 35200 14000 17200 800 9520 11220 11560 27200 5440 1020 7820 37060 2380 1700 12240 7140 5780 13260 5440 30600 8840 14620 25160 4680 12480 19500 1950 15600 5460 5850 24180 36270 5460 24180 2340 3510 40950 780 390 30810 24960 13650 8910 8580 32340 10890 2310 15510 15840 17490 4620 990 35310 9240 12870 9570 11220 7590 26070 660 990 5070 28860 5850 26910 7800 1950 22620 5070 37830 32760 12870 22620 1950 3510 6630 12480 17940 12090 8190 12240 39600 1440 2880 7920 9720 31680 10440 24120 720 5760 7200 31320 7920 19080 2160 20880 11160 5760 4800 61200 7200 19200 12000 7200 9600 6000 5200 10400 8800 18400 56800 2400 31600 800 12400 4800 1200 13650 51090 12090 33930 5460 8970 14430 5850 17940 5070 14430 20280 2730 390 11700 10920 26910 8970 8190 3240 3960 3960 18000 14760 18360 9720 17280 6480 12240 6120 29880 16560 13320 8640 9000 24120 8640 27720 21000 5600 2800 2450 22050 4550 62650 25200 24850 350 3850 15400 350 19600 1050 7000 8750 4550 12950 22940 3700 4440 4810 52540 8510 10730 6290 1850 7770 1850 23680 7400 14800 8510 1110 32560 17390 28120 32670 8250 12870 11880 660 1320 7920 9240 3300 1980 35970 11880 28710 15180 8580 22440 11880 3300 2970 8736 21112 3392 10375 10426 10950 4050 5720 29748 6432 33075 17556 35260 17630 35288 21900 6015 6510 20961 4992 5964 26532 10920 6420 36805 1624 2150 32850 20900 17329 21320 5004 6132 10575 5740 10946 10790 2145 10250 9792 5768 4433 8505 18360 36722 2095 18612 8463 10750 6585 27192 10100 17688 18216 5252 18438 6768 5754 5512 5866 34974 6034 27040 3825 6465 2080 20250 6300 11050 2568 21424 10296 4400 6768 6464 32042 8694 36210 5698 17556 6640 30932 10080 6528 3320 37410 21675 5614 37230 11440 9744 4040 31950 2610 26304 5684 36890 35322 26130 26944 36192 17688 3672 4050 6464 4310 27072 5978 21996 3708 6450 9526 21320 6030 31875 28535 5684 2015 27786 8505 38016 6360 38808 6510 35670 35061 6560 27390 9135 36380 32100 6525 9912 4836 10660 3834 5512 6608 6315 3807 6160 36636 36105 4697 30118 10925 4598 6076 26195 5590 9984 10375 5992 19316 18744 18963 6928 9720 36344 6615 34974 4260 6330 10582 11310 10700 2005 35088 18656 18361 4410 18524 10550 5740 11000 3618 1708 6255 35360 18304 22516 5684 2165 17372 30525 6006 35464 10250 6045 5603 6464 17732 10143 5564 6816 17372 4200 5852 5936 10825 17178 36627 1724 9768 6255 30600 5656 35870 10900 18744 6240 34887 1664 20904 32250 4741 6034 5950 20200 18232 35288 35948 29273 3248 6608 4763 4080 17864 4350 31125 6315 10900 6525 38367 5577 22620 30514 10660 8862 6480 5614 18232 3472 27560 3384 20706 35948 28050 37668 22776 6210 36540 27560 30932 6015 35464 35275 6720 38367 6062 5754 6034 11310 5782 31450 18260 18315 6672 34595 11284 21267 10074 36292 19096 17892 4554 21063 5590 31171 10125 27192 22048 6465 37410 10750 10416 37048 18945 32325 35376 26880 6405 6160 31828 5564 26816 6165 6435 3960 4631 10575 4120 6585 18228 5936 6105 6800 18017 10790 10875 9729 18438 6450 38104 31302 21476 36894 27365 7056 1616 30375 6090 36295 37238 31650 29106 19710 10950 9984 36018 35518 5852 37152 1748 21012 4730 10075 4200 10425
