itemNumber 60
itemClassNumber 60
itemClass_widthVector 10 9 8 7 6 5 10 9 8 7 6 5 11 10 9 8 7 6 10 9 8 7 6 5 10 9 8 7 6 5 9 8 7 6 5 4 11 11 9 8 7 9 11 11 10 10 7 10 12 8 11 9 10 11 8 10 7 9 8 8
itemClass_lengthVector 1 26 2 14 12 5 10 12 21 5 5 7 2 37 2 2 9 8 6 11 6 4 24 9 1 5 28 17 3 6 5 6 10 9 15 15 1 1 1 15 13 1 1 1 27 27 11 26 1 14 2 3 25 1 13 25 11 3 13 14
itemClass_demand 1 1 1 1 1 1 1 1 1 1 1 1 1 1 1 1 1 1 1 1 1 1 1 1 1 1 1 1 1 1 1 1 1 1 1 1 1 1 1 1 1 1 1 1 1 1 1 1 1 1 1 1 1 1 1 1 1 1 1 1
binNumber 10000
binClassNumber 1
binClass_widthVector 60
binClass_lengthVector 60
binClass_disponibility 1000
itemClass_weight 100 2600 200 1400 1200 500 1000 1200 2100 500 500 700 220 4070 220 220 990 880 600 1100 600 400 2400 900 100 500 2800 1700 300 600 450 540 900 810 1350 1350 108 107 111 1620 1352 109 107 107 2808 2808 1122 2782 108 1414 214 306 2775 108 1352 2675 1133 309 1313 1428
