itemNumber 70
itemClassNumber 70
itemClass_widthVector 12 11 10 9 8 7 10 9 8 7 6 5 10 9 8 7 6 5 12 11 10 9 8 7 13 12 11 10 9 8 13 12 11 10 9 8 10 12 14 13 10 14 13 13 9 13 10 9 13 10 13 9 12 9 9 12 14 14 10 11 9 13 14 10 12 12 10 11 12 12
itemClass_lengthVector 17 8 10 11 22 2 3 8 43 10 2 4 23 5 9 10 1 22 21 2 1 18 27 1 14 22 1 6 5 22 16 3 12 12 21 6 11 9 18 17 11 17 8 16 23 17 11 23 9 11 16 23 9 23 22 9 16 16 10 10 22 7 18 11 10 8 12 11 8 9
itemClass_demand 1 1 1 1 1 1 1 1 1 1 1 1 1 1 1 1 1 1 1 1 1 1 1 1 1 1 1 1 1 1 1 1 1 1 1 1 1 1 1 1 1 1 1 1 1 1 1 1 1 1 1 1 1 1 1 1 1 1 1 1 1 1 1 1 1 1 1 1 1 1
binNumber 10000
binClassNumber 1
binClass_widthVector 70
binClass_lengthVector 70
binClass_disponibility 1000
itemClass_weight 2040 960 1200 1320 2640 240 300 800 4300 1000 200 400 2300 500 900 1000 100 2200 2520 240 120 2160 3240 120 1820 2860 130 780 650 2860 2080 390 1560 1560 2730 780 1353 1116 2376 2261 1331 2193 992 2112 2875 2057 1353 2806 1143 1375 2016 2852 1134 2852 2904 1143 1984 2112 1320 1290 2684 889 2340 1397 1260 1016 1548 1397 1032 1098
