itemNumber 70
itemClassNumber 70
itemClass_widthVector 11 10 9 8 7 6 13 12 11 10 9 8 12 11 10 9 8 7 11 10 9 8 7 6 13 12 11 10 9 8 10 9 8 7 6 5 9 10 12 12 12 11 8 12 13 9 12 10 12 12 9 12 8 10 9 9 13 8 8 8 10 9 10 10 12 11 13 8 10 12
itemClass_lengthVector 1 30 3 19 5 12 3 17 9 4 7 30 12 22 11 2 7 16 1 10 20 17 19 3 2 7 13 37 3 8 3 8 8 11 34 6 20 2 1 1 31 31 4 30 1 19 1 4 29 1 18 29 4 4 18 19 1 6 5 4 2 20 4 3 1 31 1 6 4 1
itemClass_demand 1 1 1 1 1 1 1 1 1 1 1 1 1 1 1 1 1 1 1 1 1 1 1 1 1 1 1 1 1 1 1 1 1 1 1 1 1 1 1 1 1 1 1 1 1 1 1 1 1 1 1 1 1 1 1 1 1 1 1 1 1 1 1 1 1 1 1 1 1 1
binNumber 10000
binClassNumber 1
binClass_widthVector 70
binClass_lengthVector 70
binClass_disponibility 1000
itemClass_weight 110 3300 330 2090 550 1320 390 2210 1170 520 910 3900 1440 2640 1320 240 840 1920 110 1100 2200 1870 2090 330 260 910 1690 4810 390 1040 300 800 800 1100 3400 600 2280 238 117 117 3534 3534 448 3510 122 2109 117 448 3509 118 2052 3393 452 452 1998 2128 114 684 590 488 224 2380 448 351 118 3751 117 666 468 114
