itemNumber 600
itemClassNumber 600
itemClass_widthVector 33 32 31 30 29 28 27 26 25 24 23 22 21 20 19 18 17 16 31 30 29 28 27 26 25 24 23 22 21 20 19 18 17 16 15 14 35 34 33 32 31 30 29 28 27 26 25 24 23 22 21 20 19 18 36 35 34 33 32 31 30 29 28 27 26 25 24 23 22 21 20 19 31 30 29 28 27 26 25 24 23 22 21 20 19 18 17 16 15 14 30 29 28 27 26 25 24 23 22 21 20 19 18 17 16 15 14 13 36 35 34 33 32 31 30 29 28 27 26 25 24 23 22 21 20 19 33 32 31 30 29 28 27 26 25 24 23 22 21 20 19 18 17 16 33 32 31 30 29 28 27 26 25 24 23 22 21 20 19 18 17 16 33 32 31 30 29 28 27 26 25 24 23 22 21 20 19 18 17 16 36 35 34 33 32 31 30 29 28 27 26 25 24 23 22 21 20 19 37 36 35 34 33 32 31 30 29 28 27 26 25 24 23 22 21 20 35 34 33 32 31 30 29 28 27 26 25 24 23 22 21 20 19 18 32 31 30 29 28 27 26 25 24 23 22 21 20 19 18 17 16 15 32 31 30 29 28 27 26 25 24 23 22 21 20 19 18 17 16 15 32 31 30 29 28 27 26 25 24 23 22 21 20 19 18 17 16 15 35 34 33 32 31 30 29 28 27 26 25 24 23 22 21 20 19 18 30 29 28 27 26 25 24 23 22 21 20 19 18 17 16 15 14 13 22 28 29 25 26 20 25 35 34 34 35 20 35 33 34 24 24 21 23 22 29 32 29 36 23 23 31 27 30 27 19 20 31 28 20 20 21 22 20 24 25 18 34 21 26 30 21 20 25 35 18 34 19 20 31 21 32 23 22 18 25 24 18 18 34 25 19 27 33 28 26 23 29 18 34 19 21 18 31 33 21 25 30 20 34 32 31 36 29 23 26 25 36 22 28 31 25 27 27 30 32 21 30 29 32 28 22 31 26 32 30 24 24 19 21 31 29 26 28 21 34 25 35 32 26 25 25 31 28 26 31 19 35 36 29 30 34 36 24 34 24 32 34 25 25 29 18 31 31 37 20 30 23 21 34 37 33 27 32 18 29 26 29 24 19 28 25 28 34 24 20 28 28 23 32 20 19 23 19 26 35 35 19 23 23 34 31 23 19 23 28 26 26 22 29 22 31 30 30 31 30 31 19 34 27 33 31 28 28 24 35 32 36 19 23 22 22 31 30 23 28 35 32 29 33 34 23 28 35 36 24 28 24 20 28 23 32 34 24 19 19 35 19 20 18 18 20 21 19 18 24 20 32 22 28 24 30 27 20 34 22 25 20 25 20 24 36 23 30 23 22 24 26 29 21 20
itemClass_lengthVector 32 5 7 22 34 38 2 24 112 33 66 22 8 33 18 29 106 9 21 25 1 18 4 22 31 6 27 137 9 52 68 5 12 56 2 104 106 36 102 21 13 31 60 17 1 9 46 6 24 48 13 1 39 27 28 80 27 47 8 68 13 35 2 10 3 7 45 6 8 81 115 17 35 53 36 9 55 8 35 47 8 13 24 26 5 78 99 12 46 11 14 22 11 4 19 53 1 52 28 29 18 43 147 52 23 9 66 9 2 6 44 1 79 123 21 2 3 50 79 24 51 15 33 7 45 15 4 40 38 45 4 52 13 76 65 33 13 7 49 33 83 14 12 19 6 23 77 6 13 2 7 135 58 7 50 2 90 67 2 28 5 22 38 25 17 23 7 75 60 3 8 77 133 58 18 22 3 1 10 22 140 11 40 13 19 15 36 29 20 101 30 42 14 18 2 21 48 1 38 9 24 4 66 33 18 3 28 13 5 7 13 1 3 145 69 121 79 1 36 7 6 87 66 45 62 12 42 4 2 49 4 39 17 42 71 39 1 16 18 36 5 6 116 12 20 91 35 3 25 75 5 26 103 12 1 16 18 6 34 4 5 78 124 7 19 83 48 20 3 19 38 73 4 42 21 21 5 13 23 51 164 17 32 9 24 6 37 20 44 21 15 32 53 40 1 5 16 97 28 49 18 29 37 12 13 90 3 20 124 16 10 2 25 15 15 35 114 33 2 58 44 31 52 1 8 23 1 21 33 28 67 6 31 31 4 29 5 7 23 7 21 17 22 8 39 8 25 5 21 7 22 25 35 24 106 17 23 2 18 30 17 7 18 21 22 105 5 17 65 3 33 29 32 33 107 4 29 19 33 33 34 9 33 107 33 22 105 105 4 22 28 112 22 25 112 32 23 106 31 30 19 107 37 22 18 34 35 28 32 34 22 6 2 8 111 67 4 32 3 23 34 112 34 37 33 19 34 38 33 2 7 21 32 6 34 23 66 107 19 35 3 32 1 34 31 23 7 35 66 67 66 37 25 33 34 107 7 4 1 1 22 32 22 23 65 8 6 32 67 2 106 34 21 32 28 34 34 33 7 32 23 24 6 105 24 33 23 67 106 2 34 1 23 65 28 24 23 22 21 17 30 23 106 33 8 33 106 9 9 23 35 23 30 22 3 34 32 33 24 9 38 39 2 23 1 21 106 7 24 22 34 113 23 65 6 22 6 105 34 33 7 38 1 22 1 7 33 38 8 33 9 111 7 31 66 2 67 17 1 7 23 21 65 106 107 6 105 19 105 106 28 32 30 106 23 29 34 9 1 9 35 34 28 7 33 66 30 21 29 67 6 7 39 33 8 8 113 23 34 29
itemClass_demand 1 1 1 1 1 1 1 1 1 1 1 1 1 1 1 1 1 1 1 1 1 1 1 1 1 1 1 1 1 1 1 1 1 1 1 1 1 1 1 1 1 1 1 1 1 1 1 1 1 1 1 1 1 1 1 1 1 1 1 1 1 1 1 1 1 1 1 1 1 1 1 1 1 1 1 1 1 1 1 1 1 1 1 1 1 1 1 1 1 1 1 1 1 1 1 1 1 1 1 1 1 1 1 1 1 1 1 1 1 1 1 1 1 1 1 1 1 1 1 1 1 1 1 1 1 1 1 1 1 1 1 1 1 1 1 1 1 1 1 1 1 1 1 1 1 1 1 1 1 1 1 1 1 1 1 1 1 1 1 1 1 1 1 1 1 1 1 1 1 1 1 1 1 1 1 1 1 1 1 1 1 1 1 1 1 1 1 1 1 1 1 1 1 1 1 1 1 1 1 1 1 1 1 1 1 1 1 1 1 1 1 1 1 1 1 1 1 1 1 1 1 1 1 1 1 1 1 1 1 1 1 1 1 1 1 1 1 1 1 1 1 1 1 1 1 1 1 1 1 1 1 1 1 1 1 1 1 1 1 1 1 1 1 1 1 1 1 1 1 1 1 1 1 1 1 1 1 1 1 1 1 1 1 1 1 1 1 1 1 1 1 1 1 1 1 1 1 1 1 1 1 1 1 1 1 1 1 1 1 1 1 1 1 1 1 1 1 1 1 1 1 1 1 1 1 1 1 1 1 1 1 1 1 1 1 1 1 1 1 1 1 1 1 1 1 1 1 1 1 1 1 1 1 1 1 1 1 1 1 1 1 1 1 1 1 1 1 1 1 1 1 1 1 1 1 1 1 1 1 1 1 1 1 1 1 1 1 1 1 1 1 1 1 1 1 1 1 1 1 1 1 1 1 1 1 1 1 1 1 1 1 1 1 1 1 1 1 1 1 1 1 1 1 1 1 1 1 1 1 1 1 1 1 1 1 1 1 1 1 1 1 1 1 1 1 1 1 1 1 1 1 1 1 1 1 1 1 1 1 1 1 1 1 1 1 1 1 1 1 1 1 1 1 1 1 1 1 1 1 1 1 1 1 1 1 1 1 1 1 1 1 1 1 1 1 1 1 1 1 1 1 1 1 1 1 1 1 1 1 1 1 1 1 1 1 1 1 1 1 1 1 1 1 1 1 1 1 1 1 1 1 1 1 1 1 1 1 1 1 1 1 1 1 1 1 1 1 1 1 1 1 1 1 1 1 1 1 1 1 1 1 1 1 1 1 1 1 1 1 1 1 1 1 1 1 1 1 1 1 1 1 1 1 1 1 1 1 1 1 1 1 1 1 1 1 1 1 1 1 1
binNumber 10000
binClassNumber 1
binClass_widthVector 600
binClass_lengthVector 600
binClass_disponibility 1000
itemClass_weight 10560 1650 2310 7260 11220 12540 660 7920 36960 10890 21780 7260 2640 10890 5940 9570 34980 2970 6510 7750 310 5580 1240 6820 9610 1860 8370 42470 2790 16120 21080 1550 3720 17360 620 32240 37100 12600 35700 7350 4550 10850 21000 5950 350 3150 16100 2100 8400 16800 4550 350 13650 9450 10080 28800 9720 16920 2880 24480 4680 12600 720 3600 1080 2520 16200 2160 2880 29160 41400 6120 10850 16430 11160 2790 17050 2480 10850 14570 2480 4030 7440 8060 1550 24180 30690 3720 14260 3410 4200 6600 3300 1200 5700 15900 300 15600 8400 8700 5400 12900 44100 15600 6900 2700 19800 2700 720 2160 15840 360 28440 44280 7560 720 1080 18000 28440 8640 18360 5400 11880 2520 16200 5400 1320 13200 12540 14850 1320 17160 4290 25080 21450 10890 4290 2310 16170 10890 27390 4620 3960 6270 1980 7590 25410 1980 4290 660 2310 44550 19140 2310 16500 660 29700 22110 660 9240 1650 7260 12540 8250 5610 7590 2310 24750 19800 990 2640 25410 43890 19140 5940 7260 990 330 3300 7260 50400 3960 14400 4680 6840 5400 12960 10440 7200 36360 10800 15120 5040 6480 720 7560 17280 360 14060 3330 8880 1480 24420 12210 6660 1110 10360 4810 1850 2590 4810 370 1110 53650 25530 44770 27650 350 12600 2450 2100 30450 23100 15750 21700 4200 14700 1400 700 17150 1400 13650 5950 14700 22720 12480 320 5120 5760 11520 1600 1920 37120 3840 6400 29120 11200 960 8000 24000 1600 8320 32960 3840 320 5120 5760 1920 10880 1280 1600 24960 39680 2240 6080 26560 15360 6400 960 6080 12160 23360 1280 13440 6720 6720 1600 4160 7360 16320 52480 5440 10240 2880 7680 1920 11840 6400 15400 7350 5250 11200 18550 14000 350 1750 5600 33950 9800 17150 6300 10150 12950 4200 4550 31500 900 6000 37200 4800 3000 600 7500 4500 4500 10500 34200 9900 600 17400 13200 9300 15600 300 2760 8303 338 7014 11550 9296 23517 2016 10416 11191 1372 10237 1780 2499 8096 2485 7497 6137 7986 2720 14040 2808 8350 1760 7203 2450 7568 8500 11830 8280 36358 5661 7751 674 6066 10680 6103 2317 6336 7035 7370 37065 1790 5848 22360 1080 11781 9657 10784 11517 38627 1392 10237 6631 11550 11352 11866 3069 11913 37878 11880 7612 35595 35805 1440 7326 9268 37408 7634 8925 37184 10912 8211 36888 10292 10800 6726 37343 12543 7898 6462 11934 12495 9744 11584 11832 7788 2154 684 2672 38961 23383 1388 11040 1092 7613 12172 38976 11356 12617 11286 6289 11628 12882 11220 716 2436 7140 11296 2124 11390 7751 23298 38199 6821 12425 1026 11136 334 11492 11036 8004 2457 12040 23364 23651 22968 13431 8650 11847 11628 35738 2443 1420 363 362 7788 11616 7788 7820 23010 2712 2148 10624 23718 676 38266 11662 7518 10592 9744 12342 11900 11088 2345 11456 8211 8544 2178 35910 8544 12012 8050 23718 38584 716 12308 360 7912 22815 9352 8520 7981 7744 7350 5882 10320 7866 36252 11022 2896 11484 36570 3177 3078 8096 11795 8050 10770 7766 1050 12138 11296 11286 8232 3159 13756 14040 708 8303 341 7455 36888 2457 8256 7876 11628 38759 8119 22035 2112 7502 2088 37695 12172 11484 2331 12578 344 7766 344 2443 11616 12768 2696 12012 3231 36741 2387 11284 21978 718 24053 6001 357 2457 8027 6972 23400 36464 37450 2178 35700 6650 37170 35510 9688 10624 10020 35404 8050 10150 11424 3042 341 3267 11760 11254 10136 2492 10956 22902 10320 7287 9947 23182 2076 2359 13533 11616 2832 2848 38307 7636 12104 10527
