itemNumber 130
itemClassNumber 130
itemClass_widthVector 14 13 12 11 10 9 8 7 6 14 13 12 11 10 9 8 7 6 15 14 13 12 11 10 9 8 7 16 15 14 13 12 11 10 9 8 13 12 11 10 9 8 7 6 5 13 12 11 10 9 8 7 6 5 16 15 14 13 12 11 10 9 8 15 14 13 12 11 10 9 8 7 14 13 12 11 10 9 8 7 6 12 9 9 13 9 8 10 11 15 9 8 11 9 14 15 14 12 16 12 9 15 14 15 8 15 9 12 14 9 10 16 10 10 15 11 9 16 12 15 15 14 14 14 9 14 8 11 12 16
itemClass_lengthVector 4 35 11 10 40 2 19 1 8 10 15 10 21 38 8 12 13 3 8 19 15 13 14 3 1 11 46 6 6 19 45 9 12 10 3 20 11 29 28 7 6 6 6 12 25 3 3 61 11 3 6 20 5 18 6 10 30 19 12 5 13 22 13 34 14 9 5 7 11 4 45 1 9 22 18 7 2 12 17 29 14 40 19 18 9 20 2 1 39 5 20 2 39 18 11 4 36 10 4 39 18 3 34 5 1 35 20 39 34 18 2 5 3 2 3 41 18 4 39 36 36 36 10 36 18 34 2 39 9 5
itemClass_demand 1 1 1 1 1 1 1 1 1 1 1 1 1 1 1 1 1 1 1 1 1 1 1 1 1 1 1 1 1 1 1 1 1 1 1 1 1 1 1 1 1 1 1 1 1 1 1 1 1 1 1 1 1 1 1 1 1 1 1 1 1 1 1 1 1 1 1 1 1 1 1 1 1 1 1 1 1 1 1 1 1 1 1 1 1 1 1 1 1 1 1 1 1 1 1 1 1 1 1 1 1 1 1 1 1 1 1 1 1 1 1 1 1 1 1 1 1 1 1 1 1 1 1 1 1 1 1 1 1 1
binNumber 10000
binClassNumber 1
binClass_widthVector 130
binClass_lengthVector 130
binClass_disponibility 1000
itemClass_weight 560 4900 1540 1400 5600 280 2660 140 1120 1400 2100 1400 2940 5320 1120 1680 1820 420 1200 2850 2250 1950 2100 450 150 1650 6900 960 960 3040 7200 1440 1920 1600 480 3200 1430 3770 3640 910 780 780 780 1560 3250 390 390 7930 1430 390 780 2600 650 2340 960 1600 4800 3040 1920 800 2080 3520 2080 5100 2100 1350 750 1050 1650 600 6750 150 1260 3080 2520 980 280 1680 2380 4060 1960 6040 2850 2574 1386 2820 298 154 5499 775 2820 286 5811 2628 1683 576 5148 1540 564 5850 2628 423 5032 745 146 5285 2920 5733 5168 2538 302 705 459 296 447 6273 2574 620 5928 5436 5400 5328 1410 5436 2628 5134 300 5967 1395 770
