itemNumber 170
itemClassNumber 170
itemClass_widthVector 16 15 14 13 12 11 10 9 8 7 16 15 14 13 12 11 10 9 8 7 18 17 16 15 14 13 12 11 10 9 17 16 15 14 13 12 11 10 9 8 16 15 14 13 12 11 10 9 8 7 16 15 14 13 12 11 10 9 8 7 18 17 16 15 14 13 12 11 10 9 19 18 17 16 15 14 13 12 11 10 16 15 14 13 12 11 10 9 8 7 18 17 16 15 14 13 12 11 10 9 14 17 14 16 10 10 18 13 9 15 11 10 17 15 14 15 12 15 10 10 16 11 13 15 18 17 14 9 13 13 9 15 13 14 14 10 18 11 18 12 12 14 9 9 12 12 16 14 9 13 14 11 17 12 16 17 9 15 13 18 10 10 18 18 12 17 13 9 13 15
itemClass_lengthVector 31 14 6 14 3 8 8 34 16 36 2 55 31 1 15 31 3 9 5 18 26 8 19 52 7 11 9 15 19 4 21 3 29 11 27 10 39 22 4 4 33 4 33 8 8 1 6 9 55 13 66 38 3 2 12 2 20 13 1 13 20 19 3 4 9 13 67 4 8 23 3 41 26 19 13 3 7 20 2 36 23 5 39 17 29 7 16 7 23 4 6 73 19 6 13 13 1 5 30 4 15 30 2 6 35 33 32 4 17 6 7 35 15 13 3 14 7 6 34 33 6 8 2 6 30 30 4 17 3 8 15 7 7 14 3 34 32 7 31 9 9 4 15 16 8 9 5 14 16 3 2 8 14 9 15 30 15 14 7 32 35 33 32 32 9 30 8 15 4 15
itemClass_demand 1 1 1 1 1 1 1 1 1 1 1 1 1 1 1 1 1 1 1 1 1 1 1 1 1 1 1 1 1 1 1 1 1 1 1 1 1 1 1 1 1 1 1 1 1 1 1 1 1 1 1 1 1 1 1 1 1 1 1 1 1 1 1 1 1 1 1 1 1 1 1 1 1 1 1 1 1 1 1 1 1 1 1 1 1 1 1 1 1 1 1 1 1 1 1 1 1 1 1 1 1 1 1 1 1 1 1 1 1 1 1 1 1 1 1 1 1 1 1 1 1 1 1 1 1 1 1 1 1 1 1 1 1 1 1 1 1 1 1 1 1 1 1 1 1 1 1 1 1 1 1 1 1 1 1 1 1 1 1 1 1 1 1 1 1 1 1 1 1 1
binNumber 10000
binClassNumber 1
binClass_widthVector 170
binClass_lengthVector 170
binClass_disponibility 1000
itemClass_weight 4960 2240 960 2240 480 1280 1280 5440 2560 5760 320 8800 4960 160 2400 4960 480 1440 800 2880 4680 1440 3420 9360 1260 1980 1620 2700 3420 720 3570 510 4930 1870 4590 1700 6630 3740 680 680 5280 640 5280 1280 1280 160 960 1440 8800 2080 10560 6080 480 320 1920 320 3200 2080 160 2080 3600 3420 540 720 1620 2340 12060 720 1440 4140 570 7790 4940 3610 2470 570 1330 3800 380 6840 3680 800 6240 2720 4640 1120 2560 1120 3680 640 1080 13140 3420 1080 2340 2340 180 900 5400 720 2565 5250 354 990 5915 5841 5440 668 2737 1002 1127 6125 2640 2223 495 2366 1141 978 5678 5676 966 1296 332 966 4950 5130 684 2873 528 1376 2625 1232 1190 2366 507 5780 5376 1204 5053 1584 1566 672 2445 2704 1376 1530 805 2394 2816 489 336 1304 2394 1449 2490 5190 2655 2352 1218 5344 6125 5379 5312 5280 1449 5100 1400 2595 652 2445
