itemNumber 180
itemClassNumber 180
itemClass_widthVector 18 17 16 15 14 13 12 11 10 9 19 18 17 16 15 14 13 12 11 10 18 17 16 15 14 13 12 11 10 9 18 17 16 15 14 13 12 11 10 9 19 18 17 16 15 14 13 12 11 10 17 16 15 14 13 12 11 10 9 8 19 18 17 16 15 14 13 12 11 10 15 14 13 12 11 10 9 8 7 6 19 18 17 16 15 14 13 12 11 10 18 17 16 15 14 13 12 11 10 9 11 12 17 19 17 16 13 12 17 14 14 13 13 14 13 17 12 17 17 20 17 16 19 14 12 14 18 16 15 16 19 16 16 17 17 19 15 15 16 18 12 19 14 16 15 16 17 14 17 14 14 16 19 20 13 17 16 17 13 17 15 15 20 19 18 13 20 14 11 14 18 17 18 20 16 15 15 18 11 18
itemClass_lengthVector 3 34 20 4 15 2 8 77 8 9 23 35 9 13 10 3 15 1 18 53 4 13 26 35 2 2 35 1 6 56 9 3 48 35 8 1 35 28 2 11 12 1 17 10 61 60 3 12 2 2 10 6 51 33 4 1 13 1 1 60 30 3 1 3 24 12 30 9 5 63 6 14 12 44 2 32 15 22 22 11 14 1 6 60 5 33 9 4 38 10 1 3 50 3 29 16 54 4 2 18 7 77 19 34 19 4 7 76 19 7 8 9 77 1 8 4 8 20 20 3 19 16 2 3 8 8 35 15 1 16 33 15 14 3 4 35 1 15 5 34 7 33 1 16 2 5 19 9 19 7 8 4 4 3 9 21 3 20 76 4 3 15 2 2 35 8 3 1 8 2 34 4 21 3 4 2 14 35 7 19
itemClass_demand 1 1 1 1 1 1 1 1 1 1 1 1 1 1 1 1 1 1 1 1 1 1 1 1 1 1 1 1 1 1 1 1 1 1 1 1 1 1 1 1 1 1 1 1 1 1 1 1 1 1 1 1 1 1 1 1 1 1 1 1 1 1 1 1 1 1 1 1 1 1 1 1 1 1 1 1 1 1 1 1 1 1 1 1 1 1 1 1 1 1 1 1 1 1 1 1 1 1 1 1 1 1 1 1 1 1 1 1 1 1 1 1 1 1 1 1 1 1 1 1 1 1 1 1 1 1 1 1 1 1 1 1 1 1 1 1 1 1 1 1 1 1 1 1 1 1 1 1 1 1 1 1 1 1 1 1 1 1 1 1 1 1 1 1 1 1 1 1 1 1 1 1 1 1 1 1 1 1 1 1
binNumber 10000
binClassNumber 1
binClass_widthVector 180
binClass_lengthVector 180
binClass_disponibility 1000
itemClass_weight 540 6120 3600 720 2700 360 1440 13860 1440 1620 4370 6650 1710 2470 1900 570 2850 190 3420 10070 720 2340 4680 6300 360 360 6300 180 1080 10080 1620 540 8640 6300 1440 180 6300 5040 360 1980 2280 190 3230 1900 11590 11400 570 2280 380 380 1700 1020 8670 5610 680 170 2210 170 170 10200 5700 570 190 570 4560 2280 5700 1710 950 11970 900 2100 1800 6600 300 4800 2250 3300 3300 1650 2660 190 1140 11400 950 6270 1710 760 7220 1900 180 540 9000 540 5220 2880 9720 720 360 3240 1372 15015 3439 6256 3496 796 1281 15124 3553 1288 1472 1728 13937 187 1592 728 1448 3820 3860 546 3553 2896 370 597 1480 1584 6370 2925 193 2896 6369 2805 2534 555 796 6335 194 2790 990 6154 1309 6468 183 2944 386 950 3534 1647 3515 1330 1544 780 768 591 1773 4158 546 3840 14060 776 564 2910 370 362 6580 1560 573 182 1512 376 6460 788 4137 543 764 394 2618 6790 1309 3743
