itemNumber 80
itemClassNumber 80
itemClass_widthVector 11 10 9 8 7 6 5 12 11 10 9 8 7 6 12 11 10 9 8 7 6 12 11 10 9 8 7 6 10 9 8 7 6 5 4 13 12 11 10 9 8 7 10 9 8 7 6 5 4 9 13 9 8 8 10 8 7 9 12 12 11 10 10 9 12 10 8 10 11 12 8 10 9 10 12 7 7 10 11 12
itemClass_lengthVector 10 7 2 5 5 40 11 11 7 1 15 22 2 22 16 18 7 4 13 19 3 33 1 12 2 11 8 13 10 7 30 3 6 4 20 21 5 7 12 3 5 27 24 1 13 6 29 2 5 5 9 5 6 5 2 6 39 6 7 7 7 2 2 5 11 1 5 3 6 6 5 1 5 3 10 39 39 1 6 8
itemClass_demand 1 1 1 1 1 1 1 1 1 1 1 1 1 1 1 1 1 1 1 1 1 1 1 1 1 1 1 1 1 1 1 1 1 1 1 1 1 1 1 1 1 1 1 1 1 1 1 1 1 1 1 1 1 1 1 1 1 1 1 1 1 1 1 1 1 1 1 1 1 1 1 1 1 1 1 1 1 1 1 1
binNumber 10000
binClassNumber 1
binClass_widthVector 80
binClass_lengthVector 80
binClass_disponibility 1000
itemClass_weight 1100 770 220 550 550 4400 1210 1320 840 120 1800 2640 240 2640 1920 2160 840 480 1560 2280 360 3960 120 1440 240 1320 960 1560 1000 700 3000 300 600 400 2000 2730 650 910 1560 390 650 3510 2400 100 1300 600 2900 200 500 595 1008 600 708 555 236 684 4329 732 847 840 840 242 232 560 1331 118 555 339 696 690 555 116 555 339 1190 4446 4602 115 726 912
