itemNumber 700
itemClassNumber 700
itemClass_widthVector 39 38 37 36 35 34 33 32 31 30 29 28 27 26 25 24 23 22 21 38 37 36 35 34 33 32 31 30 29 28 27 26 25 24 23 22 21 20 38 37 36 35 34 33 32 31 30 29 28 27 26 25 24 23 22 21 20 38 37 36 35 34 33 32 31 30 29 28 27 26 25 24 23 22 21 20 35 34 33 32 31 30 29 28 27 26 25 24 23 22 21 20 19 18 17 37 36 35 34 33 32 31 30 29 28 27 26 25 24 23 22 21 20 19 35 34 33 32 31 30 29 28 27 26 25 24 23 22 21 20 19 18 17 33 32 31 30 29 28 27 26 25 24 23 22 21 20 19 18 17 16 15 37 36 35 34 33 32 31 30 29 28 27 26 25 24 23 22 21 20 19 39 38 37 36 35 34 33 32 31 30 29 28 27 26 25 24 23 22 21 40 39 38 37 36 35 34 33 32 31 30 29 28 27 26 25 24 23 22 37 36 35 34 33 32 31 30 29 28 27 26 25 24 23 22 21 20 19 38 37 36 35 34 33 32 31 30 29 28 27 26 25 24 23 22 21 20 40 39 38 37 36 35 34 33 32 31 30 29 28 27 26 25 24 23 22 35 34 33 32 31 30 29 28 27 26 25 24 23 22 21 20 19 18 17 34 33 32 31 30 29 28 27 26 25 24 23 22 21 20 19 18 17 16 35 34 33 32 31 30 29 28 27 26 25 24 23 22 21 20 19 18 17 37 36 35 34 33 32 31 30 29 28 27 26 25 24 23 22 21 20 19 35 34 33 32 31 30 29 28 27 26 25 24 23 22 21 20 19 18 17 40 36 34 28 35 35 40 32 40 30 43 28 39 30 25 40 30 34 36 31 24 27 28 35 34 38 31 36 27 30 36 27 31 34 40 40 38 37 40 40 35 25 35 41 30 43 37 36 25 35 33 36 34 25 36 41 31 27 23 26 27 40 32 35 41 38 42 41 27 26 24 25 27 33 32 24 31 28 25 31 27 34 32 24 24 30 36 25 35 37 27 26 25 33 28 24 34 36 30 37 37 31 38 32 31 43 41 35 40 28 25 33 41 41 34 27 35 30 29 24 39 28 39 24 26 28 24 25 31 26 29 24 35 29 27 23 26 32 39 37 26 35 28 42 39 41 31 27 27 33 40 25 33 31 23 37 38 28 39 30 38 39 39 29 32 26 37 30 43 38 36 39 35 29 25 34 30 33 24 25 28 27 37 43 37 34 35 34 39 37 39 31 29 28 38 38 28 37 28 30 30 30 31 30 35 41 36 32 30 32 30 25 37 27 30 28 23 34 38 33 30 27 23 41 34 25 33 24 38 25 25 35 30 40 35 38 28 37 39 28 27 27 41 36 27 23 27 37 29 24 42 36 23 41 41 36 36 36 25 36 25 25 28 43 41 32 26 39 26 37 30 37 30 25 24 41 29 35 36 25 37 23 34 35 33 37 26 33 29 36 40 33 30 27 34 23 34 24 36 38 32 35 36 23 34 39 28 30 36 39 39 28 28 33 33 33 36 25 38 27 27 35 32 26 37 28 31 25 23 39 33 35 40 35 33 34 37 41 26
itemClass_lengthVector 71 13 43 19 70 101 22 80 1 66 34 26 7 20 42 40 1 43 1 97 36 42 23 59 23 3 32 12 14 16 189 21 2 20 4 26 56 25 51 1 44 18 41 11 22 13 17 39 1 55 7 4 106 120 124 19 7 30 25 119 20 41 2 89 11 36 60 62 37 38 12 10 1 20 15 72 9 4 3 13 25 47 15 73 28 53 4 28 35 9 133 5 47 153 16 8 27 48 38 7 3 119 41 1 38 4 9 5 106 53 32 13 90 58 68 64 23 18 69 47 36 5 87 21 16 52 8 34 6 7 40 31 68 107 40 6 1 119 23 20 14 4 14 45 54 27 53 62 52 7 22 30 74 93 27 7 13 5 17 30 44 62 17 36 9 27 6 158 24 26 25 12 20 69 1 31 28 17 11 15 59 8 146 67 1 9 11 4 158 33 9 36 66 6 101 7 113 22 16 5 1 76 33 3 11 9 102 15 69 4 14 73 16 119 82 3 6 18 4 55 54 25 77 16 55 29 10 40 58 75 95 10 7 25 70 75 5 4 78 12 13 50 14 26 57 18 8 16 9 22 130 91 62 2 35 4 25 43 95 14 7 19 33 37 39 17 19 73 53 9 23 20 11 19 41 19 48 36 62 25 22 1 7 134 78 10 24 8 75 50 13 13 22 18 102 28 4 134 18 71 32 12 36 30 173 49 18 61 17 10 97 13 32 6 25 57 20 3 33 27 7 17 35 31 45 122 25 9 13 10 26 142 6 23 33 2 51 29 29 27 35 42 26 8 25 66 109 20 11 26 19 61 3 122 13 15 105 21 4 11 35 44 22 23 19 2 23 14 65 12 27 70 43 20 8 1 70 35 22 21 27 1 40 20 23 66 100 33 22 42 7 21 20 35 79 18 12 70 22 44 43 79 40 101 43 26 71 100 71 1 79 79 71 22 41 70 14 33 41 44 41 42 20 1 23 71 69 13 14 40 2 1 1 20 80 1 44 65 41 2 33 41 66 65 1 1 33 102 1 23 19 43 39 40 79 20 42 80 81 33 21 101 33 102 65 34 71 71 81 44 42 1 65 72 42 67 39 100 26 7 43 20 20 18 1 43 41 1 43 27 40 6 42 1 7 19 42 1 65 13 19 43 81 20 13 43 71 26 20 41 79 70 40 1 67 44 18 100 7 13 27 100 43 43 25 1 41 101 6 72 18 80 43 80 21 42 22 8 1 1 44 6 42 101 72 101 81 2 22 69 71 13 27 20 8 69 101 6 19 43 7 26 27 25 27 21 72 21 33 25 35 8 1 20 20 35 19 44 1 69 80 27 20 43 44 23 42 66 1 44 1 44 101 27 70 101 44 43 70 19 7 41 39 43 23 21 44 19 21 19 44 72 100 44 70 12 69 79 102 41 79 41 39 41 71 71 35 41 20 42 100 6 69 7 43 1 12 19 102 101 43 100 42 1 102 1 23 40 67 8 102 43 1 35 39 21 42 80 42 80 18 66 21 79 43 65 14 7 33 100 18 42 7 43 66 1 66 79 2 20 40 21 101 2 2 21 21 65 41 42 20 2 100 71 101 2 21 23 13 41
itemClass_demand 1 1 1 1 1 1 1 1 1 1 1 1 1 1 1 1 1 1 1 1 1 1 1 1 1 1 1 1 1 1 1 1 1 1 1 1 1 1 1 1 1 1 1 1 1 1 1 1 1 1 1 1 1 1 1 1 1 1 1 1 1 1 1 1 1 1 1 1 1 1 1 1 1 1 1 1 1 1 1 1 1 1 1 1 1 1 1 1 1 1 1 1 1 1 1 1 1 1 1 1 1 1 1 1 1 1 1 1 1 1 1 1 1 1 1 1 1 1 1 1 1 1 1 1 1 1 1 1 1 1 1 1 1 1 1 1 1 1 1 1 1 1 1 1 1 1 1 1 1 1 1 1 1 1 1 1 1 1 1 1 1 1 1 1 1 1 1 1 1 1 1 1 1 1 1 1 1 1 1 1 1 1 1 1 1 1 1 1 1 1 1 1 1 1 1 1 1 1 1 1 1 1 1 1 1 1 1 1 1 1 1 1 1 1 1 1 1 1 1 1 1 1 1 1 1 1 1 1 1 1 1 1 1 1 1 1 1 1 1 1 1 1 1 1 1 1 1 1 1 1 1 1 1 1 1 1 1 1 1 1 1 1 1 1 1 1 1 1 1 1 1 1 1 1 1 1 1 1 1 1 1 1 1 1 1 1 1 1 1 1 1 1 1 1 1 1 1 1 1 1 1 1 1 1 1 1 1 1 1 1 1 1 1 1 1 1 1 1 1 1 1 1 1 1 1 1 1 1 1 1 1 1 1 1 1 1 1 1 1 1 1 1 1 1 1 1 1 1 1 1 1 1 1 1 1 1 1 1 1 1 1 1 1 1 1 1 1 1 1 1 1 1 1 1 1 1 1 1 1 1 1 1 1 1 1 1 1 1 1 1 1 1 1 1 1 1 1 1 1 1 1 1 1 1 1 1 1 1 1 1 1 1 1 1 1 1 1 1 1 1 1 1 1 1 1 1 1 1 1 1 1 1 1 1 1 1 1 1 1 1 1 1 1 1 1 1 1 1 1 1 1 1 1 1 1 1 1 1 1 1 1 1 1 1 1 1 1 1 1 1 1 1 1 1 1 1 1 1 1 1 1 1 1 1 1 1 1 1 1 1 1 1 1 1 1 1 1 1 1 1 1 1 1 1 1 1 1 1 1 1 1 1 1 1 1 1 1 1 1 1 1 1 1 1 1 1 1 1 1 1 1 1 1 1 1 1 1 1 1 1 1 1 1 1 1 1 1 1 1 1 1 1 1 1 1 1 1 1 1 1 1 1 1 1 1 1 1 1 1 1 1 1 1 1 1 1 1 1 1 1 1 1 1 1 1 1 1 1 1 1 1 1 1 1 1 1 1 1 1 1 1 1 1 1 1 1 1 1 1 1 1 1 1 1 1 1 1 1 1 1 1 1 1 1 1 1 1 1 1 1 1 1 1 1 1 1 1 1 1 1 1 1 1 1 1 1 1 1 1 1 1 1 1 1 1 1 1 1 1 1 1 1 1 1 1 1 1 1 1 1 1 1 1 1 1 1 1 1 1 1 1 1 1 1 1 1 1 1 1 1 1 1 1 1 1 1 1 1 1 1
binNumber 10000
binClassNumber 1
binClass_widthVector 700
binClass_lengthVector 700
binClass_disponibility 1000
itemClass_weight 27690 5070 16770 7410 27300 39390 8580 31200 390 25740 13260 10140 2730 7800 16380 15600 390 16770 390 36860 13680 15960 8740 22420 8740 1140 12160 4560 5320 6080 71820 7980 760 7600 1520 9880 21280 9500 19380 380 16720 6840 15580 4180 8360 4940 6460 14820 380 20900 2660 1520 40280 45600 47120 7220 2660 11400 9500 45220 7600 15580 760 33820 4180 13680 22800 23560 14060 14440 4560 3800 380 7600 5700 27360 3150 1400 1050 4550 8750 16450 5250 25550 9800 18550 1400 9800 12250 3150 46550 1750 16450 53550 5600 2960 9990 17760 14060 2590 1110 44030 15170 370 14060 1480 3330 1850 39220 19610 11840 4810 33300 21460 23800 22400 8050 6300 24150 16450 12600 1750 30450 7350 5600 18200 2800 11900 2100 2450 14000 10850 23800 35310 13200 1980 330 39270 7590 6600 4620 1320 4620 14850 17820 8910 17490 20460 17160 2310 7260 9900 27380 34410 9990 2590 4810 1850 6290 11100 16280 22940 6290 13320 3330 9990 2220 58460 8880 9620 9250 4680 7800 26910 390 12090 10920 6630 4290 5850 23010 3120 56940 26130 390 3510 4290 1560 61620 12870 3600 14400 26400 2400 40400 2800 45200 8800 6400 2000 400 30400 13200 1200 4400 3600 40800 6000 27600 1480 5180 27010 5920 44030 30340 1110 2220 6660 1480 20350 19980 9250 28490 5920 20350 10730 3700 14800 22040 28500 36100 3800 2660 9500 26600 28500 1900 1520 29640 4560 4940 19000 5320 9880 21660 6840 3040 6400 3600 8800 52000 36400 24800 800 14000 1600 10000 17200 38000 5600 2800 7600 13200 14800 15600 6800 6650 25550 18550 3150 8050 7000 3850 6650 14350 6650 16800 12600 21700 8750 7700 350 2450 46900 27300 3400 8160 2720 25500 17000 4420 4420 7480 6120 34680 9520 1360 45560 6120 24140 10880 4080 12240 10200 60550 17150 6300 21350 5950 3500 33950 4550 11200 2100 8750 19950 7000 1050 11550 9450 2450 5950 12250 11470 16650 45140 9250 3330 4810 3700 9620 52540 2220 8510 12210 740 18870 10730 10730 9990 12950 15540 9100 2800 8750 23100 38150 7000 3850 9100 6650 21350 1050 42700 4550 5250 36750 7350 1400 3850 12250 17292 9372 9522 8113 850 9430 5880 25740 4860 11394 29750 17243 8440 3128 403 28560 14070 8976 8379 10800 396 17040 8560 9338 27060 42500 12936 8998 17808 2807 8967 8020 13790 31916 7398 5076 27440 9416 18084 17802 31600 15760 39794 17243 10218 30033 40500 28471 421 31205 30889 29252 8668 16482 29610 5670 14091 16523 17864 17138 16674 8020 394 9752 28542 28497 5291 5978 16080 812 428 422 7880 33680 409 17688 27625 16236 814 13629 16031 28380 26455 415 400 13596 42024 429 9545 8018 17888 15990 16400 31284 8160 17472 34000 32400 13860 8673 43127 12969 42738 27495 13702 29110 29039 32643 18788 16926 392 25805 30240 17388 28274 15405 39600 10296 2870 18103 8200 8220 7632 420 17931 16441 412 18404 10935 16440 2352 17724 405 2765 7828 17094 430 27040 5512 7866 16856 31752 8560 5473 17458 30104 10842 7880 16605 31995 29820 16600 409 26532 17380 7542 41500 2751 5538 10935 41600 17888 17157 10750 393 16195 42420 2388 29232 7560 32000 18060 33680 8778 17892 8932 3376 428 414 18480 2406 17430 41410 28440 42824 34182 820 9306 27738 30033 5369 11070 8580 3416 28980 41713 2400 7638 17028 2814 10244 10665 9975 11151 8631 29592 8295 13992 10125 14770 3304 406 8120 7900 14000 7486 18172 400 28014 31280 11475 7900 17329 18524 9131 16674 27852 413 18744 403 17204 41612 11583 29890 40602 17644 17114 28630 7771 2968 16154 15327 17974 9039 8358 17644 7885 8484 7980 17556 30168 39800 17864 27650 4728 28566 31521 43350 16769 33259 16810 15795 17261 29039 29962 14630 17507 7960 17472 39300 2580 28497 2919 17071 420 4992 7790 42432 42925 17974 40200 16968 412 41412 397 9407 15840 27470 3240 42228 16856 399 13685 15522 8232 17934 31440 17052 31600 7092 27390 8442 33338 16942 27430 5796 2975 13497 41400 7290 17010 2751 17157 26136 416 26796 30889 848 8520 16520 8295 41208 786 850 8463 8400 26520 16523 16800 7940 832 42500 29962 39996 814 9009 9384 5434 16318
