itemNumber 80
itemClassNumber 80
itemClass_widthVector 12 11 10 9 8 7 6 12 11 10 9 8 7 6 11 10 9 8 7 6 5 11 10 9 8 7 6 5 11 10 9 8 7 6 5 11 10 9 8 7 6 5 12 11 10 9 8 7 6 12 12 13 8 11 12 10 10 10 12 14 11 13 13 11 13 9 10 9 11 10 13 8 14 12 9 13 9 12 9 14
itemClass_lengthVector 4 11 17 4 14 20 10 20 6 1 16 26 3 8 3 41 4 5 3 9 15 15 13 3 1 36 4 8 22 11 7 1 2 2 35 7 19 9 5 20 1 19 20 4 2 7 18 25 4 11 17 5 19 18 16 4 5 3 16 5 18 12 10 17 5 15 4 14 17 4 4 21 4 10 13 4 13 17 15 5
itemClass_demand 1 1 1 1 1 1 1 1 1 1 1 1 1 1 1 1 1 1 1 1 1 1 1 1 1 1 1 1 1 1 1 1 1 1 1 1 1 1 1 1 1 1 1 1 1 1 1 1 1 1 1 1 1 1 1 1 1 1 1 1 1 1 1 1 1 1 1 1 1 1 1 1 1 1 1 1 1 1 1 1
binNumber 10000
binClassNumber 1
binClass_widthVector 80
binClass_lengthVector 80
binClass_disponibility 1000
itemClass_weight 480 1320 2040 480 1680 2400 1200 2400 720 120 1920 3120 360 960 330 4510 440 550 330 990 1650 1650 1430 330 110 3960 440 880 2420 1210 770 110 220 220 3850 770 2090 990 550 2200 110 2090 2400 480 240 840 2160 3000 480 1452 2176 645 2451 2394 2080 516 610 384 2080 605 2322 1512 1270 2193 620 1920 516 1694 2057 496 516 2541 520 1280 1651 528 1677 2142 1905 610
