itemNumber 140
itemClassNumber 140
itemClass_widthVector 14 13 12 11 10 9 8 7 6 17 16 15 14 13 12 11 10 9 16 15 14 13 12 11 10 9 8 14 13 12 11 10 9 8 7 6 15 14 13 12 11 10 9 8 7 15 14 13 12 11 10 9 8 7 17 16 15 14 13 12 11 10 9 16 15 14 13 12 11 10 9 8 16 15 14 13 12 11 10 9 8 8 14 8 15 10 12 9 14 15 10 13 14 14 14 15 11 9 13 10 9 9 9 13 13 13 16 15 10 12 12 16 14 16 12 12 16 14 10 16 15 15 16 11 9 9 8 11 8 14 14 8 9 16 10 10 11 12 9 13
itemClass_lengthVector 6 19 26 19 36 20 12 1 1 12 13 26 1 23 18 21 11 15 30 21 18 11 18 26 5 6 5 14 19 42 21 1 3 26 10 4 20 2 56 20 7 5 11 12 7 49 17 19 8 13 10 13 4 7 42 27 10 3 1 11 3 23 20 16 13 11 10 19 24 2 33 12 10 2 13 2 10 1 25 19 58 2 25 1 19 19 36 12 18 7 19 20 18 26 18 5 37 11 26 19 11 13 13 20 25 26 5 5 21 19 35 5 20 7 36 20 6 20 21 6 6 6 6 35 13 13 1 35 1 18 27 2 11 6 19 19 35 20 12 27
itemClass_demand 1 1 1 1 1 1 1 1 1 1 1 1 1 1 1 1 1 1 1 1 1 1 1 1 1 1 1 1 1 1 1 1 1 1 1 1 1 1 1 1 1 1 1 1 1 1 1 1 1 1 1 1 1 1 1 1 1 1 1 1 1 1 1 1 1 1 1 1 1 1 1 1 1 1 1 1 1 1 1 1 1 1 1 1 1 1 1 1 1 1 1 1 1 1 1 1 1 1 1 1 1 1 1 1 1 1 1 1 1 1 1 1 1 1 1 1 1 1 1 1 1 1 1 1 1 1 1 1 1 1 1 1 1 1 1 1 1 1 1 1
binNumber 10000
binClassNumber 1
binClass_widthVector 140
binClass_lengthVector 140
binClass_disponibility 1000
itemClass_weight 840 2660 3640 2660 5040 2800 1680 140 140 2040 2210 4420 170 3910 3060 3570 1870 2550 4800 3360 2880 1760 2880 4160 800 960 800 1960 2660 5880 2940 140 420 3640 1400 560 3000 300 8400 3000 1050 750 1650 1800 1050 7350 2550 2850 1200 1950 1500 1950 600 1050 7140 4590 1700 510 170 1870 510 3910 3400 2560 2080 1760 1600 3040 3840 320 5280 1920 1600 320 2080 320 1600 160 4000 3040 9280 306 3700 148 2755 2831 5328 1692 2682 1022 2888 2920 2646 3926 2628 715 5513 1672 3978 2907 1694 1833 1976 2900 3800 3666 765 755 2961 2907 4970 710 2820 1057 5184 2900 918 2920 3024 882 846 888 852 5005 1872 1950 143 5355 150 2556 3996 288 1694 870 2774 2907 5145 2880 1836 4023
