itemNumber 90
itemClassNumber 90
itemClass_widthVector 12 11 10 9 8 7 6 13 12 11 10 9 8 7 14 13 12 11 10 9 8 12 11 10 9 8 7 6 13 12 11 10 9 8 7 13 12 11 10 9 8 7 13 12 11 10 9 8 7 9 10 8 12 10 9 9 8 10 12 12 9 8 12 8 9 12 9 12 12 10 8 9 12 8 11 13 8 12 12 11 9 12 12 10 10 10 8 10 11 11
itemClass_lengthVector 2 7 52 14 3 3 9 2 18 10 20 17 15 8 50 1 4 2 17 3 13 34 5 15 2 25 6 3 21 21 28 4 4 8 4 9 3 33 8 9 20 8 6 37 6 27 2 1 11 4 14 2 51 15 4 3 4 14 51 51 4 4 53 3 2 53 4 51 53 13 4 2 51 2 52 6 2 6 7 53 3 53 53 15 13 15 2 15 51 51
itemClass_demand 1 1 1 1 1 1 1 1 1 1 1 1 1 1 1 1 1 1 1 1 1 1 1 1 1 1 1 1 1 1 1 1 1 1 1 1 1 1 1 1 1 1 1 1 1 1 1 1 1 1 1 1 1 1 1 1 1 1 1 1 1 1 1 1 1 1 1 1 1 1 1 1 1 1 1 1 1 1 1 1 1 1 1 1 1 1 1 1 1 1
binNumber 10000
binClassNumber 1
binClass_widthVector 90
binClass_lengthVector 90
binClass_disponibility 1000
itemClass_weight 240 840 6240 1680 360 360 1080 260 2340 1300 2600 2210 1950 1040 6950 139 556 278 2363 417 1807 4080 600 1800 240 3000 720 360 2730 2730 3640 520 520 1040 520 1170 390 4290 1040 1170 2600 1040 780 4810 780 3510 260 130 1430 496 1722 252 6477 1965 520 393 500 1806 6630 6630 484 512 6890 363 252 6625 492 6783 6625 1690 500 248 6681 260 6656 792 250 774 875 7049 381 6784 6625 1815 1573 1935 264 1935 6630 6171
