itemNumber 60
itemClassNumber 60
itemClass_widthVector 11 10 9 8 7 6 10 9 8 7 6 5 10 9 8 7 6 5 10 9 8 7 6 5 9 8 7 6 5 4 10 9 8 7 6 5 10 13 9 12 10 8 9 11 12 10 11 10 12 12 11 9 12 9 12 10 8 10 12 12
itemClass_lengthVector 2 6 8 9 34 1 9 4 38 2 4 3 6 21 4 2 22 5 4 33 11 1 9 2 8 6 2 18 2 24 35 1 3 9 6 6 7 1 10 3 7 35 10 6 1 8 6 8 3 5 6 10 7 8 6 9 35 9 7 5
itemClass_demand 1 1 1 1 1 1 1 1 1 1 1 1 1 1 1 1 1 1 1 1 1 1 1 1 1 1 1 1 1 1 1 1 1 1 1 1 1 1 1 1 1 1 1 1 1 1 1 1 1 1 1 1 1 1 1 1 1 1 1 1
binNumber 10000
binClassNumber 1
binClass_widthVector 60
binClass_lengthVector 60
binClass_disponibility 1000
itemClass_weight 220 660 880 990 3740 110 900 400 3800 200 400 300 600 2100 400 200 2200 500 400 3300 1100 100 900 200 720 540 180 1620 180 2160 3500 100 300 900 600 600 812 111 1180 345 777 4095 1130 726 119 888 732 944 357 600 732 1180 833 912 684 1098 3885 1071 812 585
