itemNumber 80
itemClassNumber 80
itemClass_widthVector 11 10 9 8 7 6 5 12 11 10 9 8 7 6 11 10 9 8 7 6 5 12 11 10 9 8 7 6 12 11 10 9 8 7 6 12 11 10 9 8 7 6 10 9 8 7 6 5 4 12 10 9 11 8 9 11 11 11 7 9 12 8 7 8 11 11 11 10 12 10 10 7 13 7 8 13 11 8 7 10
itemClass_lengthVector 13 11 34 3 5 13 1 2 3 3 1 16 43 12 1 10 25 2 21 5 16 9 5 24 12 2 21 7 10 16 23 2 3 19 7 2 6 5 3 2 14 48 1 14 13 22 1 3 26 12 33 2 12 5 2 11 11 12 14 3 12 5 13 5 12 11 10 34 12 35 33 14 12 13 6 14 10 5 14 33
itemClass_demand 1 1 1 1 1 1 1 1 1 1 1 1 1 1 1 1 1 1 1 1 1 1 1 1 1 1 1 1 1 1 1 1 1 1 1 1 1 1 1 1 1 1 1 1 1 1 1 1 1 1 1 1 1 1 1 1 1 1 1 1 1 1 1 1 1 1 1 1 1 1 1 1 1 1 1 1 1 1 1 1
binNumber 10000
binClassNumber 1
binClass_widthVector 80
binClass_lengthVector 80
binClass_disponibility 1000
itemClass_weight 1430 1210 3740 330 550 1430 110 240 360 360 120 1920 5160 1440 110 1100 2750 220 2310 550 1760 1080 600 2880 1440 240 2520 840 1200 1920 2760 240 360 2280 840 240 720 600 360 240 1680 5760 100 1400 1300 2200 100 300 2600 1416 3795 224 1332 600 240 1331 1320 1356 1694 351 1332 610 1521 595 1356 1265 1120 3876 1380 3920 3828 1680 1392 1443 708 1624 1180 610 1624 3696
