itemNumber 200
itemClassNumber 200
itemClass_widthVector 18 17 16 15 14 13 12 11 10 9 8 17 16 15 14 13 12 11 10 9 8 7 21 20 19 18 17 16 15 14 13 12 11 18 17 16 15 14 13 12 11 10 9 8 18 17 16 15 14 13 12 11 10 9 8 18 17 16 15 14 13 12 11 10 9 8 17 16 15 14 13 12 11 10 9 8 7 17 16 15 14 13 12 11 10 9 8 7 19 18 17 16 15 14 13 12 11 10 9 19 18 17 16 15 14 13 12 11 10 9 18 17 16 15 14 13 12 11 10 9 8 19 13 13 13 19 13 18 12 14 12 14 16 17 12 17 10 14 15 14 17 10 12 17 12 14 12 10 17 15 10 14 12 18 17 20 13 11 20 12 19 12 18 17 12 18 18 20 18 10 20 17 19 17 18 19 14 10 20 13 17 10 19 10 16 19 20 14 10 17 15 11 13 13 16 10 18 12 12 15
itemClass_lengthVector 30 29 9 4 15 2 3 9 19 62 18 81 12 11 9 3 3 26 1 20 12 22 13 6 11 46 26 1 17 9 14 43 14 19 11 7 33 17 27 8 5 47 20 6 12 4 5 20 81 2 4 1 16 1 54 8 7 63 2 31 4 26 12 6 22 19 1 62 18 1 9 35 25 4 21 4 20 32 56 13 17 6 17 6 11 1 30 11 41 46 31 2 16 15 4 21 6 4 14 18 1 7 27 12 49 52 8 11 6 9 38 6 1 75 2 1 6 17 7 40 7 31 8 10 9 28 9 28 20 4 9 2 14 9 10 4 62 4 2 3 9 63 20 3 8 1 20 61 3 3 62 4 10 30 8 31 3 19 30 18 29 9 10 5 8 9 29 29 9 63 31 8 29 3 10 29 2 61 31 10 4 62 28 61 4 29 31 4 63 8 1 18 2 9 15 63 9 19 18 14
itemClass_demand 1 1 1 1 1 1 1 1 1 1 1 1 1 1 1 1 1 1 1 1 1 1 1 1 1 1 1 1 1 1 1 1 1 1 1 1 1 1 1 1 1 1 1 1 1 1 1 1 1 1 1 1 1 1 1 1 1 1 1 1 1 1 1 1 1 1 1 1 1 1 1 1 1 1 1 1 1 1 1 1 1 1 1 1 1 1 1 1 1 1 1 1 1 1 1 1 1 1 1 1 1 1 1 1 1 1 1 1 1 1 1 1 1 1 1 1 1 1 1 1 1 1 1 1 1 1 1 1 1 1 1 1 1 1 1 1 1 1 1 1 1 1 1 1 1 1 1 1 1 1 1 1 1 1 1 1 1 1 1 1 1 1 1 1 1 1 1 1 1 1 1 1 1 1 1 1 1 1 1 1 1 1 1 1 1 1 1 1 1 1 1 1 1 1 1 1 1 1 1 1
binNumber 10000
binClassNumber 1
binClass_widthVector 200
binClass_lengthVector 200
binClass_disponibility 1000
itemClass_weight 5400 5220 1620 720 2700 360 540 1620 3420 11160 3240 13770 2040 1870 1530 510 510 4420 170 3400 2040 3740 2730 1260 2310 9660 5460 210 3570 1890 2940 9030 2940 3420 1980 1260 5940 3060 4860 1440 900 8460 3600 1080 2160 720 900 3600 14580 360 720 180 2880 180 9720 1440 1260 11340 360 5580 720 4680 2160 1080 3960 3420 170 10540 3060 170 1530 5950 4250 680 3570 680 3400 5440 9520 2210 2890 1020 2890 1020 1870 170 5100 1870 7790 8740 5890 380 3040 2850 760 3990 1140 760 2660 3420 190 1330 5130 2280 9310 9880 1520 2090 1140 1710 6840 1080 180 13500 360 180 1080 3060 1260 7200 1260 6045 1560 1930 1773 5460 1773 5208 3680 764 1701 376 2660 1665 1880 752 12152 752 382 552 1692 11718 3780 567 1568 198 3680 11102 579 597 11904 724 1940 5820 1464 6138 561 3515 5910 3546 5771 1665 1880 955 1584 1719 5713 5655 1647 11844 5952 1472 5394 582 1880 5568 382 12078 5642 1860 780 11966 5264 11163 764 5423 5797 724 11403 1568 195 3312 370 1782 2925 11529 1719 3591 3510 2688
