itemNumber 60
itemClassNumber 60
itemClass_widthVector 11 10 9 8 7 6 10 9 8 7 6 5 10 9 8 7 6 5 10 9 8 7 6 5 11 10 9 8 7 6 8 7 6 5 4 3 8 9 13 9 11 10 9 9 10 9 8 11 10 8 12 10 13 10 12 13 9 10 12 8
itemClass_lengthVector 18 6 7 11 10 8 4 7 3 8 36 2 4 29 10 10 6 1 9 12 14 5 17 3 25 6 4 4 4 17 20 5 19 1 11 4 11 11 17 10 5 6 11 11 7 10 10 7 6 9 18 8 17 7 6 18 12 8 19 10
itemClass_demand 1 1 1 1 1 1 1 1 1 1 1 1 1 1 1 1 1 1 1 1 1 1 1 1 1 1 1 1 1 1 1 1 1 1 1 1 1 1 1 1 1 1 1 1 1 1 1 1 1 1 1 1 1 1 1 1 1 1 1 1
binNumber 10000
binClassNumber 1
binClass_widthVector 60
binClass_lengthVector 60
binClass_disponibility 1000
itemClass_weight 1980 660 770 1210 1100 880 400 700 300 800 3600 200 400 2900 1000 1000 600 100 900 1200 1400 500 1700 300 2750 660 440 440 440 1870 1600 400 1520 80 880 320 1221 1309 1887 1190 610 690 1309 1276 854 1180 1140 805 666 1080 1998 968 2006 854 720 2142 1464 888 2147 1130
