itemNumber 190
itemClassNumber 190
itemClass_widthVector 17 16 15 14 13 12 11 10 9 8 20 19 18 17 16 15 14 13 12 11 17 16 15 14 13 12 11 10 9 8 20 19 18 17 16 15 14 13 12 11 18 17 16 15 14 13 12 11 10 9 20 19 18 17 16 15 14 13 12 11 18 17 16 15 14 13 12 11 10 9 21 20 19 18 17 16 15 14 13 12 18 17 16 15 14 13 12 11 10 9 21 20 19 18 17 16 15 14 13 12 17 11 15 13 15 10 19 15 17 13 12 10 12 16 12 11 16 12 11 18 15 15 10 17 11 13 14 17 13 12 17 17 19 19 16 16 14 10 10 15 19 12 18 19 10 13 12 19 15 17 18 16 17 16 14 15 18 16 19 14 14 11 13 15 10 17 19 10 18 10 17 15 10 19 14 13 10 17 14 14 18 13 17 14 10 13 11 15 12 17
itemClass_lengthVector 6 22 10 29 2 11 4 22 47 37 26 51 25 7 4 34 2 20 18 3 2 25 4 86 1 5 18 12 28 9 30 3 35 29 19 6 46 6 7 9 18 2 6 28 26 28 11 1 56 14 18 11 23 22 36 10 1 38 17 14 7 9 1 34 3 18 4 59 33 22 11 15 4 10 27 51 14 20 32 6 11 13 58 11 1 12 6 6 41 31 28 15 78 11 10 11 17 12 2 6 9 21 3 12 1 46 7 30 10 11 3 46 5 28 21 23 28 21 22 21 3 29 47 21 21 5 11 23 10 22 23 10 5 7 9 11 1 48 46 29 5 4 23 7 48 5 21 7 28 10 23 11 10 10 11 3 5 9 7 12 12 22 11 1 47 10 6 48 22 46 11 3 48 5 11 11 46 22 11 3 22 4 10 11 46 11 22 3 5 22
itemClass_demand 1 1 1 1 1 1 1 1 1 1 1 1 1 1 1 1 1 1 1 1 1 1 1 1 1 1 1 1 1 1 1 1 1 1 1 1 1 1 1 1 1 1 1 1 1 1 1 1 1 1 1 1 1 1 1 1 1 1 1 1 1 1 1 1 1 1 1 1 1 1 1 1 1 1 1 1 1 1 1 1 1 1 1 1 1 1 1 1 1 1 1 1 1 1 1 1 1 1 1 1 1 1 1 1 1 1 1 1 1 1 1 1 1 1 1 1 1 1 1 1 1 1 1 1 1 1 1 1 1 1 1 1 1 1 1 1 1 1 1 1 1 1 1 1 1 1 1 1 1 1 1 1 1 1 1 1 1 1 1 1 1 1 1 1 1 1 1 1 1 1 1 1 1 1 1 1 1 1 1 1 1 1 1 1 1 1 1 1 1 1
binNumber 10000
binClassNumber 1
binClass_widthVector 190
binClass_lengthVector 190
binClass_disponibility 1000
itemClass_weight 1020 3740 1700 4930 340 1870 680 3740 7990 6290 5200 10200 5000 1400 800 6800 400 4000 3600 600 340 4250 680 14620 170 850 3060 2040 4760 1530 6000 600 7000 5800 3800 1200 9200 1200 1400 1800 3240 360 1080 5040 4680 5040 1980 180 10080 2520 3600 2200 4600 4400 7200 2000 200 7600 3400 2800 1260 1620 180 6120 540 3240 720 10620 5940 3960 2310 3150 840 2100 5670 10710 2940 4200 6720 1260 1980 2340 10440 1980 180 2160 1080 1080 7380 5580 5880 3150 16380 2310 2100 2310 3570 2520 420 1260 1566 3885 534 2136 185 8280 1218 5580 1860 2057 540 8418 940 4928 3843 3933 4984 3759 3850 3591 543 5017 8178 3948 3633 900 1925 3956 1810 4070 3956 1810 865 1246 1647 1947 186 8496 8372 5133 900 752 4301 1253 8880 870 3675 1239 5096 1820 3956 2046 1850 1800 2013 549 910 1575 1211 2232 2208 3806 1947 179 8507 1870 1074 8880 3784 8372 2035 528 8928 885 1881 1991 8648 3938 1969 564 3762 740 1780 1892 8004 1958 3828 549 870 3894
