itemNumber 70
itemClassNumber 70
itemClass_widthVector 13 12 11 10 9 8 10 9 8 7 6 5 11 10 9 8 7 6 13 12 11 10 9 8 13 12 11 10 9 8 10 9 8 7 6 5 12 12 10 12 15 15 14 14 12 10 13 10 13 14 13 14 15 13 15 12 12 11 11 12 14 13 10 13 12 12 10 11 14 14
itemClass_lengthVector 5 8 20 7 15 15 13 1 32 8 14 2 6 3 8 35 14 4 8 49 5 2 1 5 3 26 26 4 3 8 18 1 5 5 19 22 7 7 14 19 4 6 4 5 19 16 19 14 7 5 8 6 5 20 4 6 19 6 7 7 8 7 15 9 20 19 16 6 4 8
itemClass_demand 1 1 1 1 1 1 1 1 1 1 1 1 1 1 1 1 1 1 1 1 1 1 1 1 1 1 1 1 1 1 1 1 1 1 1 1 1 1 1 1 1 1 1 1 1 1 1 1 1 1 1 1 1 1 1 1 1 1 1 1 1 1 1 1 1 1 1 1 1 1
binNumber 10000
binClassNumber 1
binClass_widthVector 70
binClass_lengthVector 70
binClass_disponibility 1000
itemClass_weight 650 1040 2600 910 1950 1950 1300 100 3200 800 1400 200 660 330 880 3850 1540 440 1040 6370 650 260 130 650 390 3380 3380 520 390 1040 1800 100 500 500 1900 2200 966 952 1918 2660 556 840 568 700 2603 2224 2508 1946 980 695 1136 810 715 2700 576 786 2584 828 945 1001 1056 931 1995 1278 2640 2736 2112 858 552 1136
