itemNumber 140
itemClassNumber 140
itemClass_widthVector 15 14 13 12 11 10 9 8 7 17 16 15 14 13 12 11 10 9 14 13 12 11 10 9 8 7 6 18 17 16 15 14 13 12 11 10 17 16 15 14 13 12 11 10 9 16 15 14 13 12 11 10 9 8 14 13 12 11 10 9 8 7 6 15 14 13 12 11 10 9 8 7 14 13 12 11 10 9 8 7 6 10 10 15 11 12 12 10 17 10 13 16 16 9 15 12 11 11 10 14 16 10 14 10 14 9 15 16 14 13 12 9 15 14 15 11 10 11 16 11 9 15 13 9 12 10 13 13 10 16 16 9 14 17 16 15 16 12 10 16
itemClass_lengthVector 16 41 14 4 18 10 31 4 2 23 41 11 5 7 9 4 30 10 42 8 24 32 3 2 5 15 9 18 20 13 1 19 17 18 7 27 7 25 14 15 11 3 10 33 22 20 15 5 10 25 1 30 8 26 25 5 24 21 18 1 15 4 27 10 22 20 10 13 30 18 13 4 9 1 39 7 7 2 1 62 12 32 30 14 10 10 19 32 15 31 3 41 15 5 40 19 9 9 30 4 40 32 5 30 13 4 13 41 4 3 11 5 14 14 14 11 32 10 17 9 5 15 19 5 9 32 18 17 31 41 41 5 3 15 17 40 40 19 30 17
itemClass_demand 1 1 1 1 1 1 1 1 1 1 1 1 1 1 1 1 1 1 1 1 1 1 1 1 1 1 1 1 1 1 1 1 1 1 1 1 1 1 1 1 1 1 1 1 1 1 1 1 1 1 1 1 1 1 1 1 1 1 1 1 1 1 1 1 1 1 1 1 1 1 1 1 1 1 1 1 1 1 1 1 1 1 1 1 1 1 1 1 1 1 1 1 1 1 1 1 1 1 1 1 1 1 1 1 1 1 1 1 1 1 1 1 1 1 1 1 1 1 1 1 1 1 1 1 1 1 1 1 1 1 1 1 1 1 1 1 1 1 1 1
binNumber 10000
binClassNumber 1
binClass_widthVector 140
binClass_lengthVector 140
binClass_disponibility 1000
itemClass_weight 2400 6150 2100 600 2700 1500 4650 600 300 3910 6970 1870 850 1190 1530 680 5100 1700 5880 1120 3360 4480 420 280 700 2100 1260 3240 3600 2340 180 3420 3060 3240 1260 4860 1190 4250 2380 2550 1870 510 1700 5610 3740 3200 2400 800 1600 4000 160 4800 1280 4160 3500 700 3360 2940 2520 140 2100 560 3780 1500 3300 3000 1500 1950 4500 2700 1950 600 1260 140 5460 980 980 280 140 8680 1680 5312 4710 2324 1590 1530 2888 5088 2490 4681 477 6478 2415 755 6640 2888 1440 1485 4890 616 6560 4896 830 4860 2093 604 2002 6273 648 456 1760 815 2254 2170 2198 1683 5152 1600 2601 1404 770 2370 3002 800 1485 5152 2718 2754 4805 6560 6478 775 465 2385 2652 6440 6080 2945 4860 2788
