itemNumber 100
itemClassNumber 100
itemClass_widthVector 12 11 10 9 8 7 6 5 13 12 11 10 9 8 7 6 12 11 10 9 8 7 6 5 14 13 12 11 10 9 8 7 14 13 12 11 10 9 8 7 12 11 10 9 8 7 6 5 12 11 10 9 8 7 6 5 11 10 9 8 7 6 5 4 13 8 10 14 10 13 10 10 10 11 13 12 9 8 10 7 12 8 13 10 8 10 11 8 10 12 14 10 13 9 10 8 9 11 7 9
itemClass_lengthVector 3 5 21 9 14 19 27 2 22 3 10 3 2 41 13 6 1 11 24 2 1 32 3 26 6 5 19 4 6 20 21 19 24 12 10 10 1 24 1 18 4 2 10 7 15 5 16 41 10 10 18 15 27 4 4 12 2 4 16 16 9 12 15 26 4 18 10 2 10 4 8 8 8 21 4 5 13 20 8 28 22 19 6 9 20 10 22 20 10 4 4 9 2 14 8 20 14 20 27 14
itemClass_demand 1 1 1 1 1 1 1 1 1 1 1 1 1 1 1 1 1 1 1 1 1 1 1 1 1 1 1 1 1 1 1 1 1 1 1 1 1 1 1 1 1 1 1 1 1 1 1 1 1 1 1 1 1 1 1 1 1 1 1 1 1 1 1 1 1 1 1 1 1 1 1 1 1 1 1 1 1 1 1 1 1 1 1 1 1 1 1 1 1 1 1 1 1 1 1 1 1 1 1 1
binNumber 10000
binClassNumber 1
binClass_widthVector 100
binClass_lengthVector 100
binClass_disponibility 1000
itemClass_weight 360 600 2520 1080 1680 2280 3240 240 2860 390 1300 390 260 5330 1690 780 120 1320 2880 240 120 3840 360 3120 840 700 2660 560 840 2800 2940 2660 3360 1680 1400 1400 140 3360 140 2520 480 240 1200 840 1800 600 1920 4920 1200 1200 2160 1800 3240 480 480 1440 220 440 1760 1760 990 1320 1650 2860 520 2322 1260 266 1280 508 1016 992 968 2709 500 630 1703 2560 992 3528 2926 2451 756 1125 2420 1330 2706 2600 1270 492 488 1161 262 1806 968 2560 1694 2500 3294 1736
