itemNumber 100
itemClassNumber 100
itemClass_widthVector 14 13 12 11 10 9 8 7 13 12 11 10 9 8 7 6 14 13 12 11 10 9 8 7 11 10 9 8 7 6 5 4 12 11 10 9 8 7 6 5 13 12 11 10 9 8 7 6 12 11 10 9 8 7 6 5 11 10 9 8 7 6 5 4 9 14 11 10 12 15 11 10 9 11 14 14 14 15 13 14 10 16 14 15 16 14 11 10 13 13 15 10 15 15 13 10 12 9 12 14
itemClass_lengthVector 12 7 20 19 11 13 7 11 4 21 6 11 15 3 17 23 11 22 8 12 18 20 7 2 1 2 6 18 1 22 38 12 2 10 28 3 1 9 45 2 23 2 33 8 6 16 6 6 3 21 3 8 4 12 25 24 10 2 15 11 12 25 7 18 7 7 10 14 19 11 11 13 8 10 7 6 20 11 21 19 14 11 21 13 13 6 11 14 20 18 12 13 13 13 20 14 20 8 10 8
itemClass_demand 1 1 1 1 1 1 1 1 1 1 1 1 1 1 1 1 1 1 1 1 1 1 1 1 1 1 1 1 1 1 1 1 1 1 1 1 1 1 1 1 1 1 1 1 1 1 1 1 1 1 1 1 1 1 1 1 1 1 1 1 1 1 1 1 1 1 1 1 1 1 1 1 1 1 1 1 1 1 1 1 1 1 1 1 1 1 1 1 1 1 1 1 1 1 1 1 1 1 1 1
binNumber 10000
binClassNumber 1
binClass_widthVector 100
binClass_lengthVector 100
binClass_disponibility 1000
itemClass_weight 1680 980 2800 2660 1540 1820 980 1540 520 2730 780 1430 1950 390 2210 2990 1540 3080 1120 1680 2520 2800 980 280 110 220 660 1980 110 2420 4180 1320 240 1200 3360 360 120 1080 5400 240 2990 260 4290 1040 780 2080 780 780 360 2520 360 960 480 1440 3000 2880 1100 220 1650 1210 1320 2750 770 1980 1057 1078 1430 2114 2793 1551 1672 1911 1160 1430 1015 852 2880 1595 2982 2774 2100 1705 2961 1924 1898 888 1705 2142 3020 2754 1800 1950 1846 1885 2940 2072 2980 1160 1410 1184
