itemNumber 400
itemClassNumber 400
itemClass_widthVector 25 24 23 22 21 20 19 18 17 16 15 14 13 12 11 27 26 25 24 23 22 21 20 19 18 17 16 15 14 13 24 23 22 21 20 19 18 17 16 15 14 13 12 11 10 29 28 27 26 25 24 23 22 21 20 19 18 17 16 15 27 26 25 24 23 22 21 20 19 18 17 16 15 14 13 28 27 26 25 24 23 22 21 20 19 18 17 16 15 14 25 24 23 22 21 20 19 18 17 16 15 14 13 12 11 24 23 22 21 20 19 18 17 16 15 14 13 12 11 10 25 24 23 22 21 20 19 18 17 16 15 14 13 12 11 24 23 22 21 20 19 18 17 16 15 14 13 12 11 10 27 26 25 24 23 22 21 20 19 18 17 16 15 14 13 28 27 26 25 24 23 22 21 20 19 18 17 16 15 14 27 26 25 24 23 22 21 20 19 18 17 16 15 14 13 30 29 28 27 26 25 24 23 22 21 20 19 18 17 16 30 29 28 27 26 25 24 23 22 21 20 19 18 17 16 14 17 24 28 22 25 23 15 16 13 20 16 25 17 20 13 27 18 27 19 23 14 24 13 17 27 25 16 14 25 15 15 16 24 23 14 18 18 23 17 14 25 16 22 23 18 23 16 13 14 27 23 24 28 17 13 20 22 20 24 25 18 23 24 18 26 16 23 26 21 16 16 26 18 26 24 21 17 23 26 23 23 25 14 17 26 19 16 26 18 15 26 23 17 15 20 19 25 14 23 25 25 19 27 16 15 26 26 19 17 16 26 24 15 25 20 19 18 18 24 24 19 21 26 13 25 26 16 25 21 20 14 26 26 26 22 25 27 20 16 26 23 25 20 21 24 15 14 15 13 23 28 16 20 19 14 23 22 22 16 18 16 19 17 18 17 26 22 13 14 19 19 17 28 23
itemClass_lengthVector 14 17 24 34 21 4 20 1 5 2 43 82 8 54 71 4 96 48 2 10 52 5 4 11 29 33 13 54 31 8 95 7 2 38 23 18 41 2 60 16 22 1 1 57 17 10 69 68 1 17 1 2 43 107 16 12 3 28 20 3 29 2 1 18 9 28 20 42 37 1 31 7 68 85 22 17 2 78 14 2 15 2 1 85 4 8 24 4 76 68 85 23 3 41 10 11 43 5 21 29 23 35 7 1 63 2 5 53 21 28 3 20 64 4 3 4 106 70 12 5 6 33 2 3 62 47 7 18 8 10 37 35 11 115 6 61 16 7 2 5 42 35 6 17 26 37 24 8 76 38 1 27 129 4 65 14 20 19 12 22 1 3 4 26 53 12 28 8 42 2 62 14 1 22 16 111 13 4 11 54 114 4 41 9 21 16 27 19 9 12 4 45 40 21 18 34 13 67 19 27 18 57 10 3 62 13 5 59 12 1 32 10 21 14 12 50 9 15 150 11 6 6 24 15 25 54 43 24 14 20 18 35 83 83 53 2 43 34 44 2 53 18 2 16 2 35 9 20 53 2 13 23 83 54 24 9 82 82 33 21 54 1 4 22 42 7 34 43 3 33 4 4 42 53 7 15 5 23 13 43 53 2 4 19 24 34 3 5 33 4 16 82 22 24 4 81 83 17 4 25 25 5 42 35 13 20 5 25 55 2 24 1 44 25 1 81 24 21 43 81 19 6 34 8 35 35 16 6 18 42 83 13 23 5 3 44 13 22 8 25 1 2 6 3 24 21 5 5 16 53 17 13 44 34 19 20 7 14 24 15 5 23 17 1 81 17 33 16 2 20 21 8 53 82 55 20 15 42 1 1 53 4 20 3 83 1 82 4 3 4 44 13 3 54 7 1 2 1 13 33
itemClass_demand 1 1 1 1 1 1 1 1 1 1 1 1 1 1 1 1 1 1 1 1 1 1 1 1 1 1 1 1 1 1 1 1 1 1 1 1 1 1 1 1 1 1 1 1 1 1 1 1 1 1 1 1 1 1 1 1 1 1 1 1 1 1 1 1 1 1 1 1 1 1 1 1 1 1 1 1 1 1 1 1 1 1 1 1 1 1 1 1 1 1 1 1 1 1 1 1 1 1 1 1 1 1 1 1 1 1 1 1 1 1 1 1 1 1 1 1 1 1 1 1 1 1 1 1 1 1 1 1 1 1 1 1 1 1 1 1 1 1 1 1 1 1 1 1 1 1 1 1 1 1 1 1 1 1 1 1 1 1 1 1 1 1 1 1 1 1 1 1 1 1 1 1 1 1 1 1 1 1 1 1 1 1 1 1 1 1 1 1 1 1 1 1 1 1 1 1 1 1 1 1 1 1 1 1 1 1 1 1 1 1 1 1 1 1 1 1 1 1 1 1 1 1 1 1 1 1 1 1 1 1 1 1 1 1 1 1 1 1 1 1 1 1 1 1 1 1 1 1 1 1 1 1 1 1 1 1 1 1 1 1 1 1 1 1 1 1 1 1 1 1 1 1 1 1 1 1 1 1 1 1 1 1 1 1 1 1 1 1 1 1 1 1 1 1 1 1 1 1 1 1 1 1 1 1 1 1 1 1 1 1 1 1 1 1 1 1 1 1 1 1 1 1 1 1 1 1 1 1 1 1 1 1 1 1 1 1 1 1 1 1 1 1 1 1 1 1 1 1 1 1 1 1 1 1 1 1 1 1 1 1 1 1 1 1 1 1 1 1 1 1 1 1 1 1 1 1 1 1 1 1 1 1 1 1 1 1 1 1 1 1 1 1 1 1 1 1 1 1 1 1
binNumber 10000
binClassNumber 1
binClass_widthVector 400
binClass_lengthVector 400
binClass_disponibility 1000
itemClass_weight 3500 4250 6000 8500 5250 1000 5000 250 1250 500 10750 20500 2000 13500 17750 1080 25920 12960 540 2700 14040 1350 1080 2970 7830 8910 3510 14580 8370 2160 22800 1680 480 9120 5520 4320 9840 480 14400 3840 5280 240 240 13680 4080 2900 20010 19720 290 4930 290 580 12470 31030 4640 3480 870 8120 5800 870 7830 540 270 4860 2430 7560 5400 11340 9990 270 8370 1890 18360 22950 5940 4760 560 21840 3920 560 4200 560 280 23800 1120 2240 6720 1120 21280 19040 21250 5750 750 10250 2500 2750 10750 1250 5250 7250 5750 8750 1750 250 15750 480 1200 12720 5040 6720 720 4800 15360 960 720 960 25440 16800 2880 1200 1500 8250 500 750 15500 11750 1750 4500 2000 2500 9250 8750 2750 28750 1500 14640 3840 1680 480 1200 10080 8400 1440 4080 6240 8880 5760 1920 18240 9120 270 7290 34830 1080 17550 3780 5400 5130 3240 5940 270 810 1080 7020 14310 3360 7840 2240 11760 560 17360 3920 280 6160 4480 31080 3640 1120 3080 15120 30780 1080 11070 2430 5670 4320 7290 5130 2430 3240 1080 12150 10800 5670 4860 10200 3900 20100 5700 8100 5400 17100 3000 900 18600 3900 1500 17700 3600 300 9600 3000 6300 4200 3600 15000 2700 4500 45000 3300 1800 1800 7200 4500 7500 14472 11223 6336 3514 5120 4644 9310 21995 21663 13462 520 11653 9384 12144 552 13833 4536 524 4032 504 9135 2457 5340 13674 548 3549 5934 21580 13608 6072 2412 22386 20992 8712 5691 14850 259 1052 5984 10626 1911 8738 11653 807 8514 1104 1076 11424 14575 1813 4065 1310 5796 3276 10922 13939 536 1096 4864 6240 8738 789 1270 8448 1004 4368 20664 5632 6360 1060 20331 21331 4590 1064 6300 6750 1370 11088 9450 3510 5480 1310 6800 14245 536 6168 253 11264 6375 253 21708 6048 5397 11481 21060 4978 1518 8602 2080 8960 8855 4160 1518 4698 11214 22659 3432 6003 1275 807 11880 3575 5808 2200 6700 256 538 1554 783 6264 5397 1295 1305 4336 14045 4539 3523 11352 8942 5206 5220 1792 3682 6576 3930 1360 6026 4369 268 20736 4539 8580 4240 550 5440 5334 2136 13992 22058 14520 5360 4080 11550 264 266 14575 1096 5220 804 22825 263 22140 1036 813 1060 11220 3575 783 13986 1764 258 536 257 3588 8811
