itemNumber 180
itemClassNumber 180
itemClass_widthVector 19 18 17 16 15 14 13 12 11 10 18 17 16 15 14 13 12 11 10 9 18 17 16 15 14 13 12 11 10 9 17 16 15 14 13 12 11 10 9 8 18 17 16 15 14 13 12 11 10 9 16 15 14 13 12 11 10 9 8 7 18 17 16 15 14 13 12 11 10 9 19 18 17 16 15 14 13 12 11 10 18 17 16 15 14 13 12 11 10 9 19 18 17 16 15 14 13 12 11 10 16 20 19 18 13 15 19 15 16 16 12 13 13 13 13 21 16 17 14 17 15 21 15 15 14 17 21 18 12 18 16 12 13 19 15 14 13 19 15 15 20 19 20 18 14 16 16 17 19 17 15 16 16 18 19 17 20 15 17 16 13 15 16 17 21 19 18 18 19 17 19 19 14 18 16 18 15 19 16 14
itemClass_lengthVector 1 37 21 54 30 11 6 10 7 3 5 11 8 5 29 51 5 17 39 10 8 14 28 49 24 16 17 9 5 10 8 1 37 50 2 13 18 2 16 33 10 4 57 18 22 17 27 9 15 1 2 45 2 8 12 25 25 22 15 24 31 28 13 11 40 6 6 29 8 8 8 47 11 7 41 18 2 30 15 1 11 5 51 40 4 33 2 5 9 20 10 9 7 23 3 39 7 9 30 43 10 38 22 20 10 11 36 11 29 10 8 9 8 11 8 1 29 55 9 30 10 2 7 6 5 29 2 21 7 20 29 6 11 38 7 10 6 21 7 10 1 36 1 55 10 10 10 29 22 53 7 11 10 54 22 30 38 12 30 11 9 5 12 30 2 38 21 21 38 54 21 21 10 53 11 20 7 22 10 5
itemClass_demand 1 1 1 1 1 1 1 1 1 1 1 1 1 1 1 1 1 1 1 1 1 1 1 1 1 1 1 1 1 1 1 1 1 1 1 1 1 1 1 1 1 1 1 1 1 1 1 1 1 1 1 1 1 1 1 1 1 1 1 1 1 1 1 1 1 1 1 1 1 1 1 1 1 1 1 1 1 1 1 1 1 1 1 1 1 1 1 1 1 1 1 1 1 1 1 1 1 1 1 1 1 1 1 1 1 1 1 1 1 1 1 1 1 1 1 1 1 1 1 1 1 1 1 1 1 1 1 1 1 1 1 1 1 1 1 1 1 1 1 1 1 1 1 1 1 1 1 1 1 1 1 1 1 1 1 1 1 1 1 1 1 1 1 1 1 1 1 1 1 1 1 1 1 1 1 1 1 1 1 1
binNumber 10000
binClassNumber 1
binClass_widthVector 180
binClass_lengthVector 180
binClass_disponibility 1000
itemClass_weight 190 7030 3990 10260 5700 2090 1140 1900 1330 570 900 1980 1440 900 5220 9180 900 3060 7020 1800 1440 2520 5040 8820 4320 2880 3060 1620 900 1800 1360 170 6290 8500 340 2210 3060 340 2720 5610 1800 720 10260 3240 3960 3060 4860 1620 2700 180 320 7200 320 1280 1920 4000 4000 3520 2400 3840 5580 5040 2340 1980 7200 1080 1080 5220 1440 1440 1520 8930 2090 1330 7790 3420 380 5700 2850 190 1980 900 9180 7200 720 5940 360 900 1620 3600 1900 1710 1330 4370 570 7410 1330 1710 5700 8170 1950 7600 4444 4120 1920 2211 7272 2244 6003 2030 1640 1836 1656 2134 1616 202 5974 10945 1818 6090 1990 408 1407 1218 985 6003 400 4011 1337 3940 5800 1212 2255 7410 1400 2040 1146 4074 1470 2020 204 7128 209 10835 2080 1930 1950 6090 4202 10918 1421 2266 1930 10746 4378 5820 7448 2520 6000 2277 1890 1050 2340 6090 416 7562 4200 4200 7486 10638 4305 4305 1990 10971 2200 4000 1442 4598 2040 960
