itemNumber 110
itemClassNumber 110
itemClass_widthVector 14 13 12 11 10 9 8 7 14 13 12 11 10 9 8 7 12 11 10 9 8 7 6 5 16 15 14 13 12 11 10 9 14 13 12 11 10 9 8 7 13 12 11 10 9 8 7 6 14 13 12 11 10 9 8 7 13 12 11 10 9 8 7 6 15 13 14 12 15 9 15 10 14 15 9 13 13 10 13 9 9 9 11 13 12 9 9 13 9 12 12 10 14 12 11 11 13 10 11 12 13 10 15 13 16 15 12 13 14 14
itemClass_lengthVector 7 16 7 5 6 30 6 33 15 53 5 2 19 6 9 1 24 11 1 20 30 3 17 4 24 16 8 3 22 2 10 25 8 5 13 26 4 44 8 2 23 20 2 1 3 21 11 29 16 3 6 28 6 17 30 4 15 31 37 9 9 3 1 5 17 6 16 6 6 5 16 31 16 16 7 6 6 30 4 6 5 6 6 7 6 7 7 7 7 4 5 31 15 5 7 6 6 29 5 6 6 31 17 6 6 7 5 5 6 17
itemClass_demand 1 1 1 1 1 1 1 1 1 1 1 1 1 1 1 1 1 1 1 1 1 1 1 1 1 1 1 1 1 1 1 1 1 1 1 1 1 1 1 1 1 1 1 1 1 1 1 1 1 1 1 1 1 1 1 1 1 1 1 1 1 1 1 1 1 1 1 1 1 1 1 1 1 1 1 1 1 1 1 1 1 1 1 1 1 1 1 1 1 1 1 1 1 1 1 1 1 1 1 1 1 1 1 1 1 1 1 1 1 1
binNumber 10000
binClassNumber 1
binClass_widthVector 110
binClass_lengthVector 110
binClass_disponibility 1000
itemClass_weight 980 2240 980 700 840 4200 840 4620 2100 7420 700 280 2660 840 1260 140 2880 1320 120 2400 3600 360 2040 480 3840 2560 1280 480 3520 320 1600 4000 1120 700 1820 3640 560 6160 1120 280 2990 2600 260 130 390 2730 1430 3770 2240 420 840 3920 840 2380 4200 560 1950 4030 4810 1170 1170 390 130 650 2584 852 2304 924 870 750 2272 4371 2304 2256 1036 852 858 4230 564 870 755 888 876 1064 858 1015 1008 1022 1064 592 735 4712 2325 705 1008 894 894 4118 725 930 876 4805 2567 864 870 994 715 735 870 2635
