itemNumber 130
itemClassNumber 130
itemClass_widthVector 16 15 14 13 12 11 10 9 8 15 14 13 12 11 10 9 8 7 15 14 13 12 11 10 9 8 7 13 12 11 10 9 8 7 6 5 14 13 12 11 10 9 8 7 6 13 12 11 10 9 8 7 6 5 15 14 13 12 11 10 9 8 7 16 15 14 13 12 11 10 9 8 13 12 11 10 9 8 7 6 5 11 13 12 17 14 17 17 13 13 17 11 14 17 10 16 10 10 14 14 16 16 14 17 10 12 12 14 16 13 10 10 11 14 10 12 15 15 17 15 18 15 16 14 12 12 12 16 14 15
itemClass_lengthVector 11 30 3 17 25 12 11 7 14 12 11 31 15 3 16 14 6 22 1 2 26 3 19 1 33 24 21 11 3 10 14 1 6 5 20 60 5 24 22 3 35 5 9 13 14 7 8 8 4 46 6 5 14 32 8 5 23 8 23 8 20 1 34 4 33 17 19 3 15 9 24 6 13 13 7 11 27 19 9 28 3 10 26 12 31 18 31 11 11 13 12 11 16 29 6 30 8 6 17 16 29 31 17 11 7 10 13 24 3 24 6 8 10 25 7 10 3 18 30 18 12 18 30 16 11 11 12 4 24 4
itemClass_demand 1 1 1 1 1 1 1 1 1 1 1 1 1 1 1 1 1 1 1 1 1 1 1 1 1 1 1 1 1 1 1 1 1 1 1 1 1 1 1 1 1 1 1 1 1 1 1 1 1 1 1 1 1 1 1 1 1 1 1 1 1 1 1 1 1 1 1 1 1 1 1 1 1 1 1 1 1 1 1 1 1 1 1 1 1 1 1 1 1 1 1 1 1 1 1 1 1 1 1 1 1 1 1 1 1 1 1 1 1 1 1 1 1 1 1 1 1 1 1 1 1 1 1 1 1 1 1 1 1 1
binNumber 10000
binClassNumber 1
binClass_widthVector 130
binClass_lengthVector 130
binClass_disponibility 1000
itemClass_weight 1760 4800 480 2720 4000 1920 1760 1120 2240 1800 1650 4650 2250 450 2400 2100 900 3300 150 300 3900 450 2850 150 4950 3600 3150 1430 390 1300 1820 130 780 650 2600 7800 700 3360 3080 420 4900 700 1260 1820 1960 910 1040 1040 520 5980 780 650 1820 4160 1200 750 3450 1200 3450 1200 3000 150 5100 640 5280 2720 3040 480 2400 1440 3840 960 1690 1690 910 1430 3510 2470 1170 3640 390 1760 4186 2124 5053 2952 5425 1771 1848 2184 1944 1793 2608 5104 1026 5250 1384 1032 2839 2592 4988 5425 2856 1771 1148 1760 2106 3888 483 4104 1026 1384 1690 4375 1197 1630 501 2970 5190 2934 2112 3186 5100 2576 1815 1947 2076 688 4152 664
