itemNumber 90
itemClassNumber 90
itemClass_widthVector 13 12 11 10 9 8 7 12 11 10 9 8 7 6 13 12 11 10 9 8 7 13 12 11 10 9 8 7 13 12 11 10 9 8 7 13 12 11 10 9 8 7 13 12 11 10 9 8 7 13 12 9 14 9 9 10 9 13 14 11 9 11 12 11 10 9 13 14 10 12 13 12 13 12 9 10 13 10 13 11 9 10 13 15 10 10 14 11 9 13
itemClass_lengthVector 4 3 25 28 8 16 6 2 26 4 4 17 21 16 1 16 5 5 1 10 52 3 16 3 12 13 7 36 24 16 1 5 15 1 28 2 45 2 5 17 4 15 33 12 1 14 6 2 22 26 25 16 5 16 15 8 17 25 5 28 17 27 24 28 7 17 25 2 7 24 26 26 25 28 15 8 25 9 26 28 16 7 25 5 9 9 3 29 15 2
itemClass_demand 1 1 1 1 1 1 1 1 1 1 1 1 1 1 1 1 1 1 1 1 1 1 1 1 1 1 1 1 1 1 1 1 1 1 1 1 1 1 1 1 1 1 1 1 1 1 1 1 1 1 1 1 1 1 1 1 1 1 1 1 1 1 1 1 1 1 1 1 1 1 1 1 1 1 1 1 1 1 1 1 1 1 1 1 1 1 1 1 1 1
binNumber 10000
binClassNumber 1
binClass_widthVector 90
binClass_lengthVector 90
binClass_disponibility 1000
itemClass_weight 520 390 3250 3640 1040 2080 780 240 3120 480 480 2040 2520 1920 130 2080 650 650 130 1300 6760 390 2080 390 1560 1690 910 4680 3120 2080 130 650 1950 130 3640 260 5850 260 650 2210 520 1950 4290 1560 130 1820 780 260 2860 3458 3375 2128 710 2128 2100 1072 2448 3325 715 3724 2397 3699 3456 3864 966 2346 3425 288 1008 3312 3432 3718 3600 3808 2070 1128 3600 1224 3692 4032 2176 938 3550 665 1215 1278 420 3886 2070 266
