itemNumber 300
itemClassNumber 300
itemClass_widthVector 23 22 21 20 19 18 17 16 15 14 13 12 11 23 22 21 20 19 18 17 16 15 14 13 12 11 24 23 22 21 20 19 18 17 16 15 14 13 12 22 21 20 19 18 17 16 15 14 13 12 11 10 21 20 19 18 17 16 15 14 13 12 11 10 9 26 25 24 23 22 21 20 19 18 17 16 15 14 21 20 19 18 17 16 15 14 13 12 11 10 9 24 23 22 21 20 19 18 17 16 15 14 13 12 25 24 23 22 21 20 19 18 17 16 15 14 13 22 21 20 19 18 17 16 15 14 13 12 11 10 25 24 23 22 21 20 19 18 17 16 15 14 13 23 22 21 20 19 18 17 16 15 14 13 12 11 21 20 19 18 17 16 15 14 13 12 11 10 9 17 22 13 17 25 15 21 20 24 19 20 14 20 23 21 20 15 13 20 21 22 15 24 26 22 18 18 20 19 19 25 18 15 22 17 18 20 24 23 24 14 25 24 19 14 17 13 13 14 13 16 15 24 20 16 16 21 13 17 23 23 18 18 15 16 15 15 25 23 18 17 21 25 17 21 25 20 15 13 17 26 18 20 20 18 25 20 16 21 25 23 16 19 16 14 23 24 18 21 15 17 22 22 22 18 24 23 20 14 13 20 21 14 21 15 24 14 25 17 24 25 17 24 15 15 23 16 20 17 19 16
itemClass_lengthVector 31 5 9 2 17 51 9 91 3 5 60 7 10 31 2 17 47 9 85 64 18 8 8 4 5 2 21 17 23 17 7 63 28 39 1 14 21 12 37 12 19 29 27 59 32 4 16 31 8 16 43 4 7 36 35 13 28 1 23 41 11 18 8 61 18 32 3 19 30 14 9 95 2 1 1 20 21 53 44 16 3 67 30 18 9 52 4 3 2 2 50 86 14 15 8 11 35 14 5 70 8 7 5 22 1 41 11 48 4 8 4 56 6 8 54 7 52 15 29 22 9 3 2 2 6 92 26 33 4 57 32 36 65 34 15 33 1 19 22 8 14 20 1 22 8 21 4 43 30 14 106 18 6 13 2 13 38 25 8 9 29 15 32 6 39 13 6 7 73 3 2 7 3 31 5 1 16 9 8 50 6 16 6 16 52 4 6 16 18 2 59 31 32 3 90 92 18 50 50 6 8 60 3 90 90 52 31 8 5 59 30 9 8 59 2 7 8 8 8 4 6 30 50 2 4 16 8 2 5 1 91 92 6 4 61 4 31 6 91 91 2 31 3 1 4 17 61 7 91 31 9 51 50 8 32 50 4 16 32 8 3 8 2 7 10 32 91 17 59 4 10 3 2 8 4 5 18 7 8 17 18 61 16 60 30 7 5 90 8 6 90 8 61 60 4 4 16 3 52 2
itemClass_demand 1 1 1 1 1 1 1 1 1 1 1 1 1 1 1 1 1 1 1 1 1 1 1 1 1 1 1 1 1 1 1 1 1 1 1 1 1 1 1 1 1 1 1 1 1 1 1 1 1 1 1 1 1 1 1 1 1 1 1 1 1 1 1 1 1 1 1 1 1 1 1 1 1 1 1 1 1 1 1 1 1 1 1 1 1 1 1 1 1 1 1 1 1 1 1 1 1 1 1 1 1 1 1 1 1 1 1 1 1 1 1 1 1 1 1 1 1 1 1 1 1 1 1 1 1 1 1 1 1 1 1 1 1 1 1 1 1 1 1 1 1 1 1 1 1 1 1 1 1 1 1 1 1 1 1 1 1 1 1 1 1 1 1 1 1 1 1 1 1 1 1 1 1 1 1 1 1 1 1 1 1 1 1 1 1 1 1 1 1 1 1 1 1 1 1 1 1 1 1 1 1 1 1 1 1 1 1 1 1 1 1 1 1 1 1 1 1 1 1 1 1 1 1 1 1 1 1 1 1 1 1 1 1 1 1 1 1 1 1 1 1 1 1 1 1 1 1 1 1 1 1 1 1 1 1 1 1 1 1 1 1 1 1 1 1 1 1 1 1 1 1 1 1 1 1 1 1 1 1 1 1 1 1 1 1 1 1 1 1 1 1 1 1 1 1 1 1 1 1 1
binNumber 10000
binClassNumber 1
binClass_widthVector 300
binClass_lengthVector 300
binClass_disponibility 1000
itemClass_weight 7130 1150 2070 460 3910 11730 2070 20930 690 1150 13800 1610 2300 7130 460 3910 10810 2070 19550 14720 4140 1840 1840 920 1150 460 5040 4080 5520 4080 1680 15120 6720 9360 240 3360 5040 2880 8880 2640 4180 6380 5940 12980 7040 880 3520 6820 1760 3520 9460 880 1470 7560 7350 2730 5880 210 4830 8610 2310 3780 1680 12810 3780 8320 780 4940 7800 3640 2340 24700 520 260 260 5200 5460 13780 9240 3360 630 14070 6300 3780 1890 10920 840 630 420 420 10500 20640 3360 3600 1920 2640 8400 3360 1200 16800 1920 1680 1200 5280 250 10250 2750 12000 1000 2000 1000 14000 1500 2000 13500 1750 13000 3300 6380 4840 1980 660 440 440 1320 20240 5720 7260 880 12540 8000 9000 16250 8500 3750 8250 250 4750 5500 2000 3500 5000 250 5060 1840 4830 920 9890 6900 3220 24380 4140 1380 2990 460 2990 7980 5250 1680 1890 6090 3150 6720 1260 8190 2730 1260 1470 15330 732 466 1687 759 7657 1170 239 3824 2151 2024 11600 1398 3824 1398 3696 12428 988 1416 3792 4446 494 14278 7161 7936 714 22680 22724 4284 12150 11550 1434 1864 15000 696 21510 21780 12376 7502 1944 1235 14573 6990 2088 1920 14691 482 1680 1856 2032 1976 1008 1398 7530 12250 502 984 3728 2016 478 1270 251 21203 21344 1398 956 15250 984 7812 1512 22295 22568 492 7223 729 249 988 4250 14274 1722 21476 7595 2196 11934 12050 2024 7648 12150 976 3744 8032 1952 726 1984 464 1750 2460 7552 21840 4131 14514 936 2330 744 490 1904 992 1210 4158 1708 1944 4182 4230 14213 3888 14400 7320 1617 1225 21420 2016 1506 20790 1856 14335 15180 960 972 3696 717 12792 462
