itemNumber 130
itemClassNumber 130
itemClass_widthVector 15 14 13 12 11 10 9 8 7 16 15 14 13 12 11 10 9 8 14 13 12 11 10 9 8 7 6 14 13 12 11 10 9 8 7 6 15 14 13 12 11 10 9 8 7 14 13 12 11 10 9 8 7 6 14 13 12 11 10 9 8 7 6 15 14 13 12 11 10 9 8 7 13 12 11 10 9 8 7 6 5 15 9 12 16 16 9 12 14 10 15 10 13 16 13 15 16 10 15 16 12 11 10 9 13 14 14 17 16 14 13 16 9 10 12 15 12 14 16 9 10 11 11 10 10 15 15 14 13 15
itemClass_lengthVector 4 4 25 5 17 16 5 35 19 31 37 13 8 5 16 1 4 15 34 27 7 4 24 6 16 8 4 12 25 4 17 7 44 5 14 2 10 1 32 4 3 26 12 4 38 1 19 12 1 36 9 2 25 25 9 29 3 13 4 18 21 32 1 10 43 29 8 12 7 1 8 12 14 2 13 7 2 37 11 26 18 24 36 17 4 3 35 16 6 6 5 5 16 3 16 26 3 5 24 5 17 16 5 34 4 24 25 3 5 26 16 3 35 4 15 26 18 24 5 35 4 16 16 5 5 4 26 5 6 24
itemClass_demand 1 1 1 1 1 1 1 1 1 1 1 1 1 1 1 1 1 1 1 1 1 1 1 1 1 1 1 1 1 1 1 1 1 1 1 1 1 1 1 1 1 1 1 1 1 1 1 1 1 1 1 1 1 1 1 1 1 1 1 1 1 1 1 1 1 1 1 1 1 1 1 1 1 1 1 1 1 1 1 1 1 1 1 1 1 1 1 1 1 1 1 1 1 1 1 1 1 1 1 1 1 1 1 1 1 1 1 1 1 1 1 1 1 1 1 1 1 1 1 1 1 1 1 1 1 1 1 1 1 1
binNumber 10000
binClassNumber 1
binClass_widthVector 130
binClass_lengthVector 130
binClass_disponibility 1000
itemClass_weight 600 600 3750 750 2550 2400 750 5250 2850 4960 5920 2080 1280 800 2560 160 640 2400 4760 3780 980 560 3360 840 2240 1120 560 1680 3500 560 2380 980 6160 700 1960 280 1500 150 4800 600 450 3900 1800 600 5700 140 2660 1680 140 5040 1260 280 3500 3500 1260 4060 420 1820 560 2520 2940 4480 140 1500 6450 4350 1200 1800 1050 150 1200 1800 1820 260 1690 910 260 4810 1430 3380 2340 3984 5472 2635 620 459 5670 2528 942 912 810 800 2432 462 2624 3952 489 795 3840 795 2686 2656 825 5644 664 3624 4150 453 800 4264 2416 453 5320 616 2430 4108 2862 3696 755 5810 636 2512 2656 825 760 604 4160 755 924 3768
