itemNumber 120
itemClassNumber 120
itemClass_widthVector 15 14 13 12 11 10 9 8 15 14 13 12 11 10 9 8 14 13 12 11 10 9 8 7 17 16 15 14 13 12 11 10 15 14 13 12 11 10 9 8 14 13 12 11 10 9 8 7 16 15 14 13 12 11 10 9 14 13 12 11 10 9 8 7 16 15 14 13 16 12 14 15 16 10 14 14 11 14 10 10 10 12 14 12 10 10 14 10 10 13 11 17 15 12 10 10 12 13 13 11 10 16 17 14 10 14 15 15 17 16 13 14 13 12 15 13 12 15 17 16
itemClass_lengthVector 7 16 7 5 6 30 6 43 15 53 5 2 19 6 9 11 24 11 1 20 30 3 17 14 24 16 8 25 12 33 1 1 8 5 33 6 4 44 19 1 4 19 20 2 4 21 47 3 7 9 3 6 28 53 12 2 9 6 31 37 9 2 7 19 17 15 8 6 15 6 6 16 16 7 6 6 30 4 6 5 7 6 7 7 7 7 7 7 5 5 31 6 15 6 5 7 5 6 7 31 7 6 7 6 6 5 6 17 7 6 5 6 6 6 16 6 30 16 6 17
itemClass_demand 1 1 1 1 1 1 1 1 1 1 1 1 1 1 1 1 1 1 1 1 1 1 1 1 1 1 1 1 1 1 1 1 1 1 1 1 1 1 1 1 1 1 1 1 1 1 1 1 1 1 1 1 1 1 1 1 1 1 1 1 1 1 1 1 1 1 1 1 1 1 1 1 1 1 1 1 1 1 1 1 1 1 1 1 1 1 1 1 1 1 1 1 1 1 1 1 1 1 1 1 1 1 1 1 1 1 1 1 1 1 1 1 1 1 1 1 1 1 1 1
binNumber 10000
binClassNumber 1
binClass_widthVector 120
binClass_lengthVector 120
binClass_disponibility 1000
itemClass_weight 1050 2400 1050 750 900 4500 900 6450 2250 7950 750 300 2850 900 1350 1650 3360 1540 140 2800 4200 420 2380 1960 4080 2720 1360 4250 2040 5610 170 170 1200 750 4950 900 600 6600 2850 150 560 2660 2800 280 560 2940 6580 420 1120 1440 480 960 4480 8480 1920 320 1260 840 4340 5180 1260 280 980 2660 2703 2355 1256 918 2310 978 912 2512 2432 1155 924 936 4530 608 954 825 1155 972 1141 1092 1113 1099 1134 1162 830 815 4836 966 2355 966 760 1078 795 984 1127 4898 1120 912 1057 990 936 815 960 2754 1099 960 760 924 936 966 2640 978 4860 2448 918 2703
