itemNumber 160
itemClassNumber 160
itemClass_widthVector 17 16 15 14 13 12 11 10 9 16 15 14 13 12 11 10 9 8 19 18 17 16 15 14 13 12 11 18 17 16 15 14 13 12 11 10 18 17 16 15 14 13 12 11 10 17 16 15 14 13 12 11 10 9 19 18 17 16 15 14 13 12 11 19 18 17 16 15 14 13 12 11 17 16 15 14 13 12 11 10 9 17 13 14 13 18 19 17 15 18 15 17 11 12 19 14 15 16 17 15 11 14 14 14 15 12 14 18 13 13 15 13 19 18 15 14 16 12 11 14 15 15 11 19 12 19 13 13 15 17 13 14 14 14 18 16 12 17 16 15 14 18 18 17 16 14 19 12 12 19 19 13 18 14 17 17 12 13 11 14
itemClass_lengthVector 31 20 14 3 8 8 34 5 37 2 55 11 9 11 1 15 34 22 34 15 4 52 7 11 9 15 13 21 3 15 14 11 27 35 14 20 34 3 33 16 1 6 9 5 53 3 23 92 14 9 2 1 12 4 15 9 22 31 14 4 32 12 21 17 6 5 57 7 4 55 4 5 12 11 33 10 5 2 30 42 15 19 7 9 34 32 30 21 2 30 7 14 6 4 32 9 2 2 13 3 4 9 7 9 2 33 8 19 8 7 2 9 30 30 9 8 3 34 4 7 3 8 5 32 33 31 35 9 9 19 34 9 9 7 32 3 5 20 4 2 8 30 30 21 3 7 32 6 4 32 32 9 30 8 14 19 33 7 6 7
itemClass_demand 1 1 1 1 1 1 1 1 1 1 1 1 1 1 1 1 1 1 1 1 1 1 1 1 1 1 1 1 1 1 1 1 1 1 1 1 1 1 1 1 1 1 1 1 1 1 1 1 1 1 1 1 1 1 1 1 1 1 1 1 1 1 1 1 1 1 1 1 1 1 1 1 1 1 1 1 1 1 1 1 1 1 1 1 1 1 1 1 1 1 1 1 1 1 1 1 1 1 1 1 1 1 1 1 1 1 1 1 1 1 1 1 1 1 1 1 1 1 1 1 1 1 1 1 1 1 1 1 1 1 1 1 1 1 1 1 1 1 1 1 1 1 1 1 1 1 1 1 1 1 1 1 1 1 1 1 1 1 1 1
binNumber 10000
binClassNumber 1
binClass_widthVector 160
binClass_lengthVector 160
binClass_disponibility 1000
itemClass_weight 5270 3400 2380 510 1360 1360 5780 850 6290 320 8800 1760 1440 1760 160 2400 5440 3520 6460 2850 760 9880 1330 2090 1710 2850 2470 3780 540 2700 2520 1980 4860 6300 2520 3600 6120 540 5940 2880 180 1080 1620 900 9540 510 3910 15640 2380 1530 340 170 2040 680 2850 1710 4180 5890 2660 760 6080 2280 3990 3230 1140 950 10830 1330 760 10450 760 950 2040 1870 5610 1700 850 340 5100 7140 2550 3515 1246 1683 6290 5664 5460 3759 362 5550 1309 2450 1074 748 5760 1593 360 346 2444 558 740 1656 1281 1638 350 6138 1488 3325 1472 1260 350 1539 5250 5430 1629 1456 552 6086 744 1260 537 1432 900 5696 6006 5363 6510 1656 1602 3553 6256 1692 1584 1267 5856 522 875 3580 736 368 1416 5280 5490 3927 534 1288 5664 1110 692 5632 5600 1539 5400 1480 2520 3553 5907 1197 1098 1218
