itemNumber 180
itemClassNumber 180
itemClass_widthVector 16 15 14 13 12 11 10 9 8 7 20 19 18 17 16 15 14 13 12 11 19 18 17 16 15 14 13 12 11 10 17 16 15 14 13 12 11 10 9 8 17 16 15 14 13 12 11 10 9 8 19 18 17 16 15 14 13 12 11 10 20 19 18 17 16 15 14 13 12 11 18 17 16 15 14 13 12 11 10 9 18 17 16 15 14 13 12 11 10 9 16 15 14 13 12 11 10 9 8 7 16 13 12 14 14 13 10 9 16 14 17 13 15 14 15 12 9 18 12 17 18 12 16 10 12 15 17 13 18 17 13 12 13 16 17 16 11 12 9 9 9 11 9 11 12 18 18 15 13 17 14 9 15 17 11 16 9 10 18 12 13 10 17 16 13 11 17 9 14 17 14 16 10 9 18 10 10 16 16 12
itemClass_lengthVector 12 8 16 28 20 9 15 18 8 46 2 10 49 1 35 16 4 33 8 22 10 31 17 4 22 22 23 21 18 12 25 18 6 14 27 17 4 3 1 65 2 10 46 26 1 4 23 11 17 40 17 26 27 54 2 2 6 1 20 25 1 9 3 4 7 66 17 6 25 42 40 21 22 2 24 9 16 33 12 1 12 16 9 5 32 49 18 12 19 8 79 30 6 4 15 9 28 5 2 2 8 9 14 21 20 10 18 9 17 19 9 21 16 29 29 14 9 11 10 9 13 15 16 19 15 27 11 10 11 13 8 16 8 16 11 17 14 16 9 9 8 16 9 16 8 11 13 17 10 11 27 9 15 13 14 17 7 18 12 10 20 17 9 9 8 16 13 7 21 12 20 15 19 9 12 19 19 17 15 10
itemClass_demand 1 1 1 1 1 1 1 1 1 1 1 1 1 1 1 1 1 1 1 1 1 1 1 1 1 1 1 1 1 1 1 1 1 1 1 1 1 1 1 1 1 1 1 1 1 1 1 1 1 1 1 1 1 1 1 1 1 1 1 1 1 1 1 1 1 1 1 1 1 1 1 1 1 1 1 1 1 1 1 1 1 1 1 1 1 1 1 1 1 1 1 1 1 1 1 1 1 1 1 1 1 1 1 1 1 1 1 1 1 1 1 1 1 1 1 1 1 1 1 1 1 1 1 1 1 1 1 1 1 1 1 1 1 1 1 1 1 1 1 1 1 1 1 1 1 1 1 1 1 1 1 1 1 1 1 1 1 1 1 1 1 1 1 1 1 1 1 1 1 1 1 1 1 1 1 1 1 1 1 1
binNumber 10000
binClassNumber 1
binClass_widthVector 180
binClass_lengthVector 180
binClass_disponibility 1000
itemClass_weight 1920 1280 2560 4480 3200 1440 2400 2880 1280 7360 400 2000 9800 200 7000 3200 800 6600 1600 4400 1900 5890 3230 760 4180 4180 4370 3990 3420 2280 4250 3060 1020 2380 4590 2890 680 510 170 11050 340 1700 7820 4420 170 680 3910 1870 2890 6800 3230 4940 5130 10260 380 380 1140 190 3800 4750 200 1800 600 800 1400 13200 3400 1200 5000 8400 7200 3780 3960 360 4320 1620 2880 5940 2160 180 2160 2880 1620 900 5760 8820 3240 2160 3420 1440 12640 4800 960 640 2400 1440 4480 800 320 320 1296 1575 2450 3717 3420 1760 2934 1557 2771 3249 1548 3528 2592 5046 4669 2338 1458 1903 1660 1494 2119 2430 2800 3268 2595 4455 1914 1620 1848 2132 1296 2608 1328 2736 1914 2788 2296 2720 1548 1512 1328 2624 1476 2720 1416 1782 2223 2924 1660 1870 4671 1449 2415 2132 2436 2754 1211 2988 2112 1650 3260 2873 1485 1530 1416 2592 2171 1155 3465 2112 3320 2475 3249 1485 1992 3173 3287 2907 2430 1730
