itemNumber 80
itemClassNumber 80
itemClass_widthVector 11 10 9 8 7 6 5 11 10 9 8 7 6 5 11 10 9 8 7 6 5 13 12 11 10 9 8 7 12 11 10 9 8 7 6 11 10 9 8 7 6 5 11 10 9 8 7 6 5 7 8 12 11 12 10 11 12 11 13 11 8 11 9 12 7 11 10 9 12 9 9 8 7 8 9 7 9 7 7 9
itemClass_lengthVector 3 6 3 26 14 19 9 4 18 3 3 6 1 45 12 11 9 4 25 10 9 21 9 7 19 2 19 3 19 7 18 17 6 2 11 13 13 16 14 16 4 4 4 2 5 27 8 13 21 19 13 6 6 3 3 6 2 7 4 6 14 6 26 6 19 5 2 26 3 27 25 13 19 13 26 20 27 18 19 26
itemClass_demand 1 1 1 1 1 1 1 1 1 1 1 1 1 1 1 1 1 1 1 1 1 1 1 1 1 1 1 1 1 1 1 1 1 1 1 1 1 1 1 1 1 1 1 1 1 1 1 1 1 1 1 1 1 1 1 1 1 1 1 1 1 1 1 1 1 1 1 1 1 1 1 1 1 1 1 1 1 1 1 1
binNumber 10000
binClassNumber 1
binClass_widthVector 80
binClass_lengthVector 80
binClass_disponibility 1000
itemClass_weight 330 660 330 2860 1540 2090 990 440 1980 330 330 660 110 4950 1320 1210 990 440 2750 1100 990 2730 1170 910 2470 260 2470 390 2280 840 2160 2040 720 240 1320 1430 1430 1760 1540 1760 440 440 440 220 550 2970 880 1430 2310 2185 1495 720 696 348 354 672 244 840 480 672 1694 684 2886 684 2242 575 228 3016 360 3186 2850 1495 2223 1508 2990 2220 3105 2196 2318 2886
