itemNumber 190
itemClassNumber 190
itemClass_widthVector 19 18 17 16 15 14 13 12 11 10 19 18 17 16 15 14 13 12 11 10 18 17 16 15 14 13 12 11 10 9 21 20 19 18 17 16 15 14 13 12 21 20 19 18 17 16 15 14 13 12 18 17 16 15 14 13 12 11 10 9 18 17 16 15 14 13 12 11 10 9 18 17 16 15 14 13 12 11 10 9 17 16 15 14 13 12 11 10 9 8 21 20 19 18 17 16 15 14 13 12 14 18 18 14 14 19 14 20 16 13 20 19 13 20 18 13 20 15 18 14 18 14 20 16 13 18 17 16 17 13 16 14 19 15 14 15 20 19 19 19 18 17 16 13 15 14 19 16 20 16 16 19 16 15 12 18 19 18 18 15 19 18 19 17 17 15 16 18 20 20 14 18 16 20 17 17 16 19 12 17 19 12 18 20 13 16 15 19 13 17
itemClass_lengthVector 16 29 12 14 4 18 41 4 3 49 23 64 9 4 30 26 5 11 16 2 42 8 24 32 3 2 5 15 23 36 18 20 13 1 54 7 49 1 10 17 32 14 15 11 3 10 33 32 8 32 20 20 10 26 30 8 45 8 8 15 25 19 10 21 18 1 15 4 34 43 10 22 20 23 8 22 18 13 31 23 9 1 39 7 9 1 44 18 38 24 11 13 76 4 7 16 19 22 16 6 41 13 12 5 40 11 41 15 19 3 29 11 2 28 14 4 30 41 15 40 11 4 17 3 5 14 13 19 5 4 19 40 12 19 42 18 17 29 13 28 15 14 17 3 41 42 13 18 15 19 4 28 3 42 2 13 29 13 13 19 13 14 29 5 4 40 5 11 15 16 41 13 18 17 4 14 19 28 4 15 13 4 15 17 5 17 42 12 4 3
itemClass_demand 1 1 1 1 1 1 1 1 1 1 1 1 1 1 1 1 1 1 1 1 1 1 1 1 1 1 1 1 1 1 1 1 1 1 1 1 1 1 1 1 1 1 1 1 1 1 1 1 1 1 1 1 1 1 1 1 1 1 1 1 1 1 1 1 1 1 1 1 1 1 1 1 1 1 1 1 1 1 1 1 1 1 1 1 1 1 1 1 1 1 1 1 1 1 1 1 1 1 1 1 1 1 1 1 1 1 1 1 1 1 1 1 1 1 1 1 1 1 1 1 1 1 1 1 1 1 1 1 1 1 1 1 1 1 1 1 1 1 1 1 1 1 1 1 1 1 1 1 1 1 1 1 1 1 1 1 1 1 1 1 1 1 1 1 1 1 1 1 1 1 1 1 1 1 1 1 1 1 1 1 1 1 1 1 1 1 1 1 1 1
binNumber 10000
binClassNumber 1
binClass_widthVector 190
binClass_lengthVector 190
binClass_disponibility 1000
itemClass_weight 3040 5510 2280 2660 760 3420 7790 760 570 9310 4370 12160 1710 760 5700 4940 950 2090 3040 380 7560 1440 4320 5760 540 360 900 2700 4140 6480 3780 4200 2730 210 11340 1470 10290 210 2100 3570 6720 2940 3150 2310 630 2100 6930 6720 1680 6720 3600 3600 1800 4680 5400 1440 8100 1440 1440 2700 4500 3420 1800 3780 3240 180 2700 720 6120 7740 1800 3960 3600 4140 1440 3960 3240 2340 5580 4140 1530 170 6630 1190 1530 170 7480 3060 6460 4080 2310 2730 15960 840 1470 3360 3990 4620 3360 1260 8159 2730 2352 1015 7880 2134 8528 3150 3933 576 6090 2123 404 5684 2772 772 6210 7913 3090 8080 2211 832 3247 618 1035 2828 2496 3971 1050 796 3705 8400 2364 3667 8442 3600 3519 5684 2717 5768 3045 2800 3536 621 8405 8358 2704 3780 3075 3667 824 5404 588 8022 388 2509 5800 2652 2704 3952 2535 2898 5684 1040 784 7640 1000 2134 3120 3280 8487 2730 3780 3383 772 2688 3838 5768 768 3015 2522 772 3150 3247 985 3400 8064 2316 832 603
