itemNumber 180
itemClassNumber 180
itemClass_widthVector 19 18 17 16 15 14 13 12 11 10 19 18 17 16 15 14 13 12 11 10 18 17 16 15 14 13 12 11 10 9 18 17 16 15 14 13 12 11 10 9 17 16 15 14 13 12 11 10 9 8 18 17 16 15 14 13 12 11 10 9 18 17 16 15 14 13 12 11 10 9 18 17 16 15 14 13 12 11 10 9 17 16 15 14 13 12 11 10 9 8 18 17 16 15 14 13 12 11 10 9 20 18 20 15 17 14 20 19 14 16 20 20 16 16 17 14 13 21 15 15 17 12 13 20 19 19 14 16 13 13 15 13 21 12 16 19 16 18 19 13 15 12 13 20 20 21 14 16 13 18 17 19 15 18 14 19 20 12 15 18 13 17 21 18 20 20 14 15 19 14 20 16 21 15 18 19 15 12 15 16
itemClass_lengthVector 4 4 25 5 33 5 35 45 20 4 31 50 8 5 17 42 11 4 4 8 34 31 3 4 24 6 16 30 8 24 1 11 25 21 51 5 14 36 15 1 10 1 44 37 54 3 1 2 7 21 10 78 25 27 3 10 12 1 12 2 2 8 30 42 4 8 34 6 10 36 56 5 2 4 25 17 42 1 24 4 2 10 6 31 30 37 8 30 14 12 9 32 15 19 3 1 10 11 55 25 4 24 4 5 6 44 5 26 35 33 3 5 6 32 33 35 45 5 4 34 32 20 44 4 3 4 34 34 20 44 6 45 5 21 4 26 34 24 3 19 36 20 20 3 4 5 35 32 20 5 6 24 4 24 36 4 4 21 35 5 20 4 3 6 4 3 44 4 5 44 5 4 4 6 26 26 34 19 34 5
itemClass_demand 1 1 1 1 1 1 1 1 1 1 1 1 1 1 1 1 1 1 1 1 1 1 1 1 1 1 1 1 1 1 1 1 1 1 1 1 1 1 1 1 1 1 1 1 1 1 1 1 1 1 1 1 1 1 1 1 1 1 1 1 1 1 1 1 1 1 1 1 1 1 1 1 1 1 1 1 1 1 1 1 1 1 1 1 1 1 1 1 1 1 1 1 1 1 1 1 1 1 1 1 1 1 1 1 1 1 1 1 1 1 1 1 1 1 1 1 1 1 1 1 1 1 1 1 1 1 1 1 1 1 1 1 1 1 1 1 1 1 1 1 1 1 1 1 1 1 1 1 1 1 1 1 1 1 1 1 1 1 1 1 1 1 1 1 1 1 1 1 1 1 1 1 1 1 1 1 1 1 1 1
binNumber 10000
binClassNumber 1
binClass_widthVector 180
binClass_lengthVector 180
binClass_disponibility 1000
itemClass_weight 760 760 4750 950 6270 950 6650 8550 3800 760 5890 9500 1520 950 3230 7980 2090 760 760 1520 6120 5580 540 720 4320 1080 2880 5400 1440 4320 180 1980 4500 3780 9180 900 2520 6480 2700 180 1700 170 7480 6290 9180 510 170 340 1190 3570 1800 14040 4500 4860 540 1800 2160 180 2160 360 360 1440 5400 7560 720 1440 6120 1080 1800 6480 10080 900 360 720 4500 3060 7560 180 4320 720 340 1700 1020 5270 5100 6290 1360 5100 2380 2040 1620 5760 2700 3420 540 180 1800 1980 9900 4500 832 4680 772 960 1242 9240 970 5408 7280 6666 573 965 1176 6208 6798 6825 9315 995 808 6936 6688 4060 9196 780 600 788 6630 6528 3960 8712 1254 9450 990 4074 808 5148 6766 5040 630 3838 7524 4100 4060 609 800 1015 6755 6240 4140 955 1164 4728 784 4752 7344 776 828 4053 7000 1045 3980 784 585 1164 840 585 8844 824 995 8580 990 816 804 1164 5434 4992 6936 3990 6902 1000
