itemNumber 70
itemClassNumber 70
itemClass_widthVector 13 12 11 10 9 8 11 10 9 8 7 6 14 13 12 11 10 9 11 10 9 8 7 6 10 9 8 7 6 5 11 10 9 8 7 6 15 15 10 12 11 14 12 11 12 12 12 13 13 11 12 10 10 10 12 11 13 12 14 14 14 13 15 12 14 12 15 10 15 13
itemClass_lengthVector 5 3 20 19 18 5 8 8 13 22 4 15 14 2 3 5 16 30 41 14 5 4 5 1 11 28 5 20 4 2 6 14 24 10 9 7 4 4 19 20 19 5 19 19 19 20 19 2 4 20 19 18 19 18 18 18 3 21 6 5 4 20 4 19 2 20 4 17 6 19
itemClass_demand 1 1 1 1 1 1 1 1 1 1 1 1 1 1 1 1 1 1 1 1 1 1 1 1 1 1 1 1 1 1 1 1 1 1 1 1 1 1 1 1 1 1 1 1 1 1 1 1 1 1 1 1 1 1 1 1 1 1 1 1 1 1 1 1 1 1 1 1 1 1
binNumber 10000
binClassNumber 1
binClass_widthVector 70
binClass_lengthVector 70
binClass_disponibility 1000
itemClass_weight 650 390 2600 2470 2340 650 880 880 1430 2420 440 1650 1960 280 420 700 2240 4200 4510 1540 550 440 550 110 1100 2800 500 2000 400 200 660 1540 2640 1100 990 770 552 564 2565 2620 2660 670 2603 2527 2527 2840 2546 266 524 2700 2603 2394 2622 2466 2538 2376 396 2772 834 660 532 2760 552 2508 284 2780 532 2397 834 2717
