itemNumber 600
itemClassNumber 600
itemClass_widthVector 31 30 29 28 27 26 25 24 23 22 21 20 19 18 17 16 15 14 31 30 29 28 27 26 25 24 23 22 21 20 19 18 17 16 15 14 36 35 34 33 32 31 30 29 28 27 26 25 24 23 22 21 20 19 34 33 32 31 30 29 28 27 26 25 24 23 22 21 20 19 18 17 32 31 30 29 28 27 26 25 24 23 22 21 20 19 18 17 16 15 33 32 31 30 29 28 27 26 25 24 23 22 21 20 19 18 17 16 36 35 34 33 32 31 30 29 28 27 26 25 24 23 22 21 20 19 36 35 34 33 32 31 30 29 28 27 26 25 24 23 22 21 20 19 31 30 29 28 27 26 25 24 23 22 21 20 19 18 17 16 15 14 36 35 34 33 32 31 30 29 28 27 26 25 24 23 22 21 20 19 33 32 31 30 29 28 27 26 25 24 23 22 21 20 19 18 17 16 36 35 34 33 32 31 30 29 28 27 26 25 24 23 22 21 20 19 34 33 32 31 30 29 28 27 26 25 24 23 22 21 20 19 18 17 32 31 30 29 28 27 26 25 24 23 22 21 20 19 18 17 16 15 33 32 31 30 29 28 27 26 25 24 23 22 21 20 19 18 17 16 30 29 28 27 26 25 24 23 22 21 20 19 18 17 16 15 14 13 35 34 33 32 31 30 29 28 27 26 25 24 23 22 21 20 19 18 31 30 29 28 27 26 25 24 23 22 21 20 19 18 17 16 15 14 26 30 28 17 17 19 16 30 30 18 27 32 32 22 31 31 23 30 25 29 19 29 30 24 18 26 34 32 32 23 28 31 23 26 25 30 34 35 34 27 18 23 28 19 26 17 29 18 25 31 28 16 23 18 29 18 25 17 19 30 20 28 19 17 28 28 33 33 28 24 25 22 29 18 33 23 22 30 20 20 25 27 20 26 19 24 18 22 25 29 30 31 24 18 28 34 27 21 32 20 24 23 22 23 24 28 34 21 22 26 30 16 31 25 25 20 24 33 27 28 18 30 31 17 32 20 20 34 25 27 20 17 25 30 17 27 32 17 22 20 25 23 21 24 32 16 29 17 19 22 18 21 24 27 32 34 35 17 31 16 18 28 30 22 27 21 20 29 19 25 32 24 32 23 27 19 34 20 24 28 31 30 34 16 33 18 31 22 32 30 24 22 23 23 23 32 30 22 17 23 18 16 28 21 29 30 22 22 18 32 21 32 30 33 18 30 20 26 24 17 27 27 17 31 27 17 22 31 23 21 29 31 23 30 34 21 19 17 23 29 29 25 22 28 30 29 25 30 20 26 31 30 16 27 24 17 17 28 27 19 19 35 20 27 23 28 27 24 22 27 29 24 24 20 28 21
itemClass_lengthVector 7 167 32 1 15 4 15 3 28 35 44 24 41 90 14 31 39 10 81 10 4 57 4 53 47 10 82 13 120 9 12 2 44 9 1 42 6 3 10 85 26 20 17 267 3 8 25 57 28 7 8 3 13 14 67 12 12 18 25 34 7 42 20 32 5 34 29 19 11 16 204 13 78 13 5 14 57 58 1 41 56 13 37 105 1 64 9 20 15 13 18 1 114 8 30 65 13 26 7 1 39 103 10 23 54 13 15 60 30 56 51 57 7 13 42 14 36 25 113 12 9 6 21 7 60 41 15 7 16 117 1 31 18 3 7 27 54 47 6 5 5 10 73 158 120 31 6 39 16 25 28 16 9 80 4 54 49 3 9 14 45 52 71 1 9 124 25 19 61 44 14 33 26 11 55 45 22 9 19 12 72 10 30 13 22 65 16 3 46 28 2 24 86 2 63 15 79 24 49 10 34 50 67 15 111 11 42 8 27 17 25 9 32 51 40 2 17 25 23 6 13 48 107 15 15 28 31 19 56 27 107 5 31 27 49 104 30 40 25 36 69 18 1 16 72 15 10 30 3 11 9 62 7 36 4 1 42 30 122 10 47 15 59 12 53 3 49 35 48 27 58 22 6 68 6 28 17 57 2 27 92 10 42 52 48 21 27 17 13 12 31 14 25 60 14 2 8 51 18 6 24 30 34 70 69 119 12 24 8 13 50 13 2 2 1 9 27 178 49 134 44 6 23 5 4 16 15 32 38 13 40 1 32 13 4 8 33 44 2 32 25 33 4 15 14 1 16 34 30 28 167 33 167 35 14 32 35 3 4 2 166 8 8 5 15 36 14 15 28 39 15 32 34 32 14 40 35 14 5 14 34 39 91 33 40 15 13 32 4 14 8 166 16 35 35 25 16 15 7 23 43 31 40 90 27 14 90 3 14 45 13 25 34 1 14 166 34 30 15 168 16 24 168 40 36 35 25 25 34 16 166 41 24 28 32 38 2 4 3 40 35 7 14 16 15 1 32 38 166 41 90 166 35 2 42 32 27 15 38 4 7 38 23 41 34 35 40 36 166 40 14 32 13 45 13 25 29 15 32 8 7 40 1 40 30 16 15 24 14 23 41 5 15 3 8 34 7 25 3 14 167 91 45 5 1 14 168 39 166 14 33 24 6 33 28 23 44 34 23 33 2 24 38 24 31 38 15 23 1 14 23 45 31 168 40 31 32 8 30 33 89 15 35 40 15 3 31 1 15 30 23 31 43 40 16 33 35 1 166 42 14 31 44 4 2 2 23 16 1 4 34 16 91 3 1 14 40 4 44 39 39 16 5 14 89 7 90 3 34 14 14 36 25 4 16 27 27 90 4 42
itemClass_demand 1 1 1 1 1 1 1 1 1 1 1 1 1 1 1 1 1 1 1 1 1 1 1 1 1 1 1 1 1 1 1 1 1 1 1 1 1 1 1 1 1 1 1 1 1 1 1 1 1 1 1 1 1 1 1 1 1 1 1 1 1 1 1 1 1 1 1 1 1 1 1 1 1 1 1 1 1 1 1 1 1 1 1 1 1 1 1 1 1 1 1 1 1 1 1 1 1 1 1 1 1 1 1 1 1 1 1 1 1 1 1 1 1 1 1 1 1 1 1 1 1 1 1 1 1 1 1 1 1 1 1 1 1 1 1 1 1 1 1 1 1 1 1 1 1 1 1 1 1 1 1 1 1 1 1 1 1 1 1 1 1 1 1 1 1 1 1 1 1 1 1 1 1 1 1 1 1 1 1 1 1 1 1 1 1 1 1 1 1 1 1 1 1 1 1 1 1 1 1 1 1 1 1 1 1 1 1 1 1 1 1 1 1 1 1 1 1 1 1 1 1 1 1 1 1 1 1 1 1 1 1 1 1 1 1 1 1 1 1 1 1 1 1 1 1 1 1 1 1 1 1 1 1 1 1 1 1 1 1 1 1 1 1 1 1 1 1 1 1 1 1 1 1 1 1 1 1 1 1 1 1 1 1 1 1 1 1 1 1 1 1 1 1 1 1 1 1 1 1 1 1 1 1 1 1 1 1 1 1 1 1 1 1 1 1 1 1 1 1 1 1 1 1 1 1 1 1 1 1 1 1 1 1 1 1 1 1 1 1 1 1 1 1 1 1 1 1 1 1 1 1 1 1 1 1 1 1 1 1 1 1 1 1 1 1 1 1 1 1 1 1 1 1 1 1 1 1 1 1 1 1 1 1 1 1 1 1 1 1 1 1 1 1 1 1 1 1 1 1 1 1 1 1 1 1 1 1 1 1 1 1 1 1 1 1 1 1 1 1 1 1 1 1 1 1 1 1 1 1 1 1 1 1 1 1 1 1 1 1 1 1 1 1 1 1 1 1 1 1 1 1 1 1 1 1 1 1 1 1 1 1 1 1 1 1 1 1 1 1 1 1 1 1 1 1 1 1 1 1 1 1 1 1 1 1 1 1 1 1 1 1 1 1 1 1 1 1 1 1 1 1 1 1 1 1 1 1 1 1 1 1 1 1 1 1 1 1 1 1 1 1 1 1 1 1 1 1 1 1 1 1 1 1 1 1 1 1 1 1 1 1 1 1 1 1 1 1 1 1 1 1 1 1 1 1 1 1 1 1 1 1 1 1 1 1 1 1 1 1 1 1 1 1 1 1 1 1 1 1 1 1 1 1 1 1 1 1 1 1 1 1 1 1 1 1 1 1 1 1 1
binNumber 10000
binClassNumber 1
binClass_widthVector 600
binClass_lengthVector 600
binClass_disponibility 1000
itemClass_weight 2170 51770 9920 310 4650 1240 4650 930 8680 10850 13640 7440 12710 27900 4340 9610 12090 3100 25110 3100 1240 17670 1240 16430 14570 3100 25420 4030 37200 2790 3720 620 13640 2790 310 13020 2160 1080 3600 30600 9360 7200 6120 96120 1080 2880 9000 20520 10080 2520 2880 1080 4680 5040 22780 4080 4080 6120 8500 11560 2380 14280 6800 10880 1700 11560 9860 6460 3740 5440 69360 4420 24960 4160 1600 4480 18240 18560 320 13120 17920 4160 11840 33600 320 20480 2880 6400 4800 4160 5940 330 37620 2640 9900 21450 4290 8580 2310 330 12870 33990 3300 7590 17820 4290 4950 19800 10800 20160 18360 20520 2520 4680 15120 5040 12960 9000 40680 4320 3240 2160 7560 2520 21600 14760 5400 2520 5760 42120 360 11160 6480 1080 2520 9720 19440 16920 2160 1800 1800 3600 26280 56880 37200 9610 1860 12090 4960 7750 8680 4960 2790 24800 1240 16740 15190 930 2790 4340 13950 16120 25560 360 3240 44640 9000 6840 21960 15840 5040 11880 9360 3960 19800 16200 7920 3240 6840 4320 23760 3300 9900 4290 7260 21450 5280 990 15180 9240 660 7920 28380 660 20790 4950 26070 7920 17640 3600 12240 18000 24120 5400 39960 3960 15120 2880 9720 6120 9000 3240 11520 18360 14400 720 5780 8500 7820 2040 4420 16320 36380 5100 5100 9520 10540 6460 19040 9180 36380 1700 10540 9180 15680 33280 9600 12800 8000 11520 22080 5760 320 5120 23040 4800 3200 9600 960 3520 2880 19840 2310 11880 1320 330 13860 9900 40260 3300 15510 4950 19470 3960 17490 990 16170 11550 15840 8910 17400 6600 1800 20400 1800 8400 5100 17100 600 8100 27600 3000 12600 15600 14400 6300 8100 5100 4550 4200 10850 4900 8750 21000 4900 700 2800 17850 6300 2100 8400 10500 11900 24500 24150 41650 3720 7440 2480 4030 15500 4030 620 620 310 2790 8370 55180 15190 41540 13640 1860 7130 1550 1248 5328 5055 10016 12502 4186 12440 311 10880 4134 1340 2552 11220 14784 672 10304 8450 10626 1256 4695 4382 341 4992 11356 9960 9240 52605 10857 55110 11515 4564 9952 11445 1014 1252 638 54780 2696 2632 1620 4665 12240 4774 4950 9352 12636 4860 10208 11492 10688 4606 13120 11620 4578 1615 4634 10642 12363 29029 10494 12720 5010 4121 10112 1276 4494 2648 52456 5264 11935 11760 8425 5440 4815 2317 7797 13760 10199 13200 29070 8424 4382 29880 1023 4508 14400 4108 8375 10608 326 4718 54448 11186 9390 4815 52248 5344 7848 53424 13320 11232 11515 7950 7875 11424 5232 56440 12915 8136 9212 10272 12350 654 1244 993 13120 10885 2191 4382 5440 4800 335 10848 12464 54116 13325 30330 52124 11550 670 13188 10400 8667 4815 12996 1320 2303 12654 7360 13735 11288 11130 12920 11952 55776 13440 4578 10624 4043 15120 4147 8100 9396 5025 9984 2560 2380 13280 319 13520 9930 5296 4830 7536 4760 7659 13735 1580 4920 984 2536 10676 2268 8150 1026 4746 55778 29484 14805 1655 325 4662 57120 13104 53120 4732 10560 7656 2010 10824 9100 7774 14652 11050 7153 10890 658 7776 12198 8208 10478 12692 5055 7866 312 4466 7268 14895 10261 53760 13320 9765 10400 2504 9510 10461 28213 5130 11655 13120 5130 963 10571 313 4890 9810 7199 10137 13760 12920 5408 10857 11305 339 54282 13356 4564 10509 14872 1324 658 624 7314 5344 338 1288 11118 5392 29575 933 323 4424 13120 1316 14036 13182 12402 5216 1670 4452 29459 2226 28350 990 11322 4382 4396 11196 8375 1272 4976 8748 8883 29430 1288 13524
