itemNumber 70
itemClassNumber 70
itemClass_widthVector 11 10 9 8 7 6 12 11 10 9 8 7 10 9 8 7 6 5 13 12 11 10 9 8 13 12 11 10 9 8 11 10 9 8 7 6 11 10 13 13 10 9 8 12 11 12 10 11 12 11 13 11 8 11 9 12 9 13 11 9 12 9 9 8 9 8 9 12 11 9
itemClass_lengthVector 3 6 3 26 14 18 4 21 3 6 1 35 23 9 18 11 4 5 25 12 16 2 11 4 6 5 25 24 7 3 24 2 10 10 11 13 6 2 2 3 3 27 13 6 6 3 3 6 2 7 4 6 14 6 26 6 25 2 7 26 3 27 25 13 27 13 26 5 6 27
itemClass_demand 1 1 1 1 1 1 1 1 1 1 1 1 1 1 1 1 1 1 1 1 1 1 1 1 1 1 1 1 1 1 1 1 1 1 1 1 1 1 1 1 1 1 1 1 1 1 1 1 1 1 1 1 1 1 1 1 1 1 1 1 1 1 1 1 1 1 1 1 1 1
binNumber 10000
binClassNumber 1
binClass_widthVector 70
binClass_lengthVector 70
binClass_disponibility 1000
itemClass_weight 330 660 330 2860 1540 1980 480 2520 360 720 120 4200 2300 900 1800 1100 400 500 3250 1560 2080 260 1430 520 780 650 3250 3120 910 390 2640 220 1100 1100 1210 1430 672 236 244 333 339 3105 1495 720 696 348 354 672 244 840 480 672 1694 684 2886 684 2850 230 798 3016 360 3186 2850 1495 3159 1508 2990 600 678 3294
