itemNumber 160
itemClassNumber 160
itemClass_widthVector 16 15 14 13 12 11 10 9 8 19 18 17 16 15 14 13 12 11 19 18 17 16 15 14 13 12 11 16 15 14 13 12 11 10 9 8 17 16 15 14 13 12 11 10 9 19 18 17 16 15 14 13 12 11 19 18 17 16 15 14 13 12 11 18 17 16 15 14 13 12 11 10 17 16 15 14 13 12 11 10 9 17 16 13 12 11 10 15 18 11 11 14 15 14 14 13 10 13 11 18 17 13 15 14 15 12 12 13 16 18 12 16 10 12 15 17 13 18 17 13 12 13 16 17 16 11 12 17 13 15 11 12 18 18 15 13 17 14 11 17 16 18 11 12 12 10 16 16 14 16 13 11 17 17 11 17 10 11 16 18
itemClass_lengthVector 9 3 8 44 20 9 33 8 26 35 27 16 15 4 16 4 41 2 17 67 28 4 5 8 12 9 10 21 8 10 57 3 38 9 8 6 31 6 9 23 2 46 17 25 1 2 10 9 42 5 14 3 55 20 17 18 8 60 5 11 7 13 21 13 4 7 4 11 51 23 25 22 9 31 21 22 2 24 25 25 1 10 9 10 8 32 9 44 8 34 32 20 45 21 20 10 8 10 34 10 4 21 8 45 45 32 8 9 7 10 33 8 9 33 43 8 10 8 10 8 34 8 8 8 9 32 34 3 19 43 34 8 8 10 9 10 8 43 34 8 7 10 32 34 8 8 8 3 19 4 8 34 10 8 32 3 7 34 8 9
itemClass_demand 1 1 1 1 1 1 1 1 1 1 1 1 1 1 1 1 1 1 1 1 1 1 1 1 1 1 1 1 1 1 1 1 1 1 1 1 1 1 1 1 1 1 1 1 1 1 1 1 1 1 1 1 1 1 1 1 1 1 1 1 1 1 1 1 1 1 1 1 1 1 1 1 1 1 1 1 1 1 1 1 1 1 1 1 1 1 1 1 1 1 1 1 1 1 1 1 1 1 1 1 1 1 1 1 1 1 1 1 1 1 1 1 1 1 1 1 1 1 1 1 1 1 1 1 1 1 1 1 1 1 1 1 1 1 1 1 1 1 1 1 1 1 1 1 1 1 1 1 1 1 1 1 1 1 1 1 1 1 1 1
binNumber 10000
binClassNumber 1
binClass_widthVector 160
binClass_lengthVector 160
binClass_disponibility 1000
itemClass_weight 1440 480 1280 7040 3200 1440 5280 1280 4160 6650 5130 3040 2850 760 3040 760 7790 380 3230 12730 5320 760 950 1520 2280 1710 1900 3360 1280 1600 9120 480 6080 1440 1280 960 5270 1020 1530 3910 340 7820 2890 4250 170 380 1900 1710 7980 950 2660 570 10450 3800 3230 3420 1520 11400 950 2090 1330 2470 3990 2340 720 1260 720 1980 9180 4140 4500 3960 1530 5270 3570 3740 340 4080 4250 4250 170 1700 1485 1670 1336 5440 1575 7216 1392 5542 5504 3480 7875 3717 3420 1760 1304 1660 5780 1710 688 3528 1296 7830 7245 5344 1296 1494 1162 1630 5346 1400 1548 5709 7095 1392 1620 1344 1640 1296 5542 1328 1368 1392 1476 5248 5780 504 3287 7052 5780 1416 1296 1710 1548 1660 1360 7439 5610 1296 1141 1660 5184 5950 1384 1304 1328 495 3135 680 1416 5508 1670 1360 5504 525 1127 5950 1320 1494
