itemNumber 500
itemClassNumber 500
itemClass_widthVector 30 29 28 27 26 25 24 23 22 21 20 19 18 17 16 15 29 28 27 26 25 24 23 22 21 20 19 18 17 16 15 14 33 32 31 30 29 28 27 26 25 24 23 22 21 20 19 18 33 32 31 30 29 28 27 26 25 24 23 22 21 20 19 18 33 32 31 30 29 28 27 26 25 24 23 22 21 20 19 18 34 33 32 31 30 29 28 27 26 25 24 23 22 21 20 19 29 28 27 26 25 24 23 22 21 20 19 18 17 16 15 14 32 31 30 29 28 27 26 25 24 23 22 21 20 19 18 17 29 28 27 26 25 24 23 22 21 20 19 18 17 16 15 14 33 32 31 30 29 28 27 26 25 24 23 22 21 20 19 18 29 28 27 26 25 24 23 22 21 20 19 18 17 16 15 14 33 32 31 30 29 28 27 26 25 24 23 22 21 20 19 18 29 28 27 26 25 24 23 22 21 20 19 18 17 16 15 14 33 32 31 30 29 28 27 26 25 24 23 22 21 20 19 18 32 31 30 29 28 27 26 25 24 23 22 21 20 19 18 17 29 28 27 26 25 24 23 22 21 20 19 18 17 16 15 14 25 34 21 32 32 27 26 28 32 24 34 31 30 26 26 29 27 24 32 24 19 20 26 17 28 26 25 22 27 29 31 25 27 18 26 32 23 19 20 20 25 33 19 29 23 20 26 29 32 32 31 31 24 25 26 19 30 19 20 22 28 19 24 22 20 29 19 19 27 21 30 31 17 19 24 22 23 24 27 27 26 30 28 21 28 23 33 28 31 22 32 21 26 23 29 26 21 30 18 29 28 29 29 27 32 29 20 26 29 31 22 24 29 29 26 23 31 27 25 24 29 24 30 18 27 18 31 18 21 20 19 26 30 19 25 29 28 28 18 26 29 28 24 26 25 27 30 25 24 20 19 27 26 29 27 32 25 21 26 19 27 28 30 26 25 22 26 17 21 17 27 27 19 23 24 32 32 18 20 20 25 33 23 29 23 33 30 22 29 29 25 17 18 25 32 21 25 18 24 23 23 26 25 28 26 27 30 21 25 26 26 24 24 27 24 26 32 24 29 24 30 23 27 20 26 29 33 31 27 28 17 28 31 24 25 20 17 32 24 34 26 32 28 25
itemClass_lengthVector 8 8 21 28 2 43 32 9 70 52 39 39 31 47 5 66 70 65 91 2 2 54 21 8 12 22 7 20 10 25 11 80 2 36 30 120 12 18 3 17 85 11 26 9 76 33 11 11 20 2 72 5 53 23 9 108 6 1 4 14 43 13 69 58 3 16 21 98 26 24 53 27 22 16 52 70 9 28 16 19 20 85 16 5 22 15 17 3 21 14 2 82 2 25 67 104 18 9 31 8 15 31 37 7 2 20 11 10 110 113 21 57 25 12 9 64 12 14 41 14 55 96 26 43 10 3 54 22 8 8 11 20 8 31 53 32 98 53 45 6 42 29 34 22 2 13 101 11 6 9 28 22 78 3 163 2 42 8 1 11 3 26 13 11 12 4 89 97 12 26 9 70 56 26 9 37 5 22 86 62 56 28 10 3 21 19 23 24 31 67 8 35 14 15 25 19 19 145 25 18 26 7 16 43 5 20 52 51 14 18 9 113 46 11 19 17 42 77 18 18 15 41 18 24 9 17 3 53 10 3 14 10 42 63 66 32 16 20 95 47 44 6 33 26 35 1 69 70 13 37 33 14 32 17 35 35 9 9 38 8 9 42 31 43 7 51 9 8 27 31 32 1 31 69 9 10 32 38 31 5 42 9 8 52 31 29 7 71 32 47 10 9 69 31 38 40 8 7 31 22 51 39 8 27 7 8 20 9 51 10 10 30 29 32 39 52 2 30 9 38 39 3 32 32 42 39 20 7 5 32 52 53 71 52 42 31 42 20 3 40 28 53 7 28 8 52 9 39 8 70 3 31 39 20 6 3 27 20 2 33 7 1 38 32 2 9 38 8 27 22 43 53 9 32 32 52 2 10 20 48 43 5 20 6 40 38 48 10 28 47 8 28 1 3 47 42 29 3 8 32 31 1 7 31 10 39 31 33 31 1 2 8 8 39 8 47 43 44 8 33 33 53 9 6 39 5 31 3 32 70 9 7 9 47 32 39 31 8 39 20 39 7 21 40 27 28 31 6 6 10 7 38 8 6 10 51 70 32 10 27 8 31 20 39 71 9 42 53 70 3 52 42 9 10 21 52 29 71 31 40 9 1 8 9 44 28 6 1 21 10 9 39 5 9 8 7 9 7 43 70
itemClass_demand 1 1 1 1 1 1 1 1 1 1 1 1 1 1 1 1 1 1 1 1 1 1 1 1 1 1 1 1 1 1 1 1 1 1 1 1 1 1 1 1 1 1 1 1 1 1 1 1 1 1 1 1 1 1 1 1 1 1 1 1 1 1 1 1 1 1 1 1 1 1 1 1 1 1 1 1 1 1 1 1 1 1 1 1 1 1 1 1 1 1 1 1 1 1 1 1 1 1 1 1 1 1 1 1 1 1 1 1 1 1 1 1 1 1 1 1 1 1 1 1 1 1 1 1 1 1 1 1 1 1 1 1 1 1 1 1 1 1 1 1 1 1 1 1 1 1 1 1 1 1 1 1 1 1 1 1 1 1 1 1 1 1 1 1 1 1 1 1 1 1 1 1 1 1 1 1 1 1 1 1 1 1 1 1 1 1 1 1 1 1 1 1 1 1 1 1 1 1 1 1 1 1 1 1 1 1 1 1 1 1 1 1 1 1 1 1 1 1 1 1 1 1 1 1 1 1 1 1 1 1 1 1 1 1 1 1 1 1 1 1 1 1 1 1 1 1 1 1 1 1 1 1 1 1 1 1 1 1 1 1 1 1 1 1 1 1 1 1 1 1 1 1 1 1 1 1 1 1 1 1 1 1 1 1 1 1 1 1 1 1 1 1 1 1 1 1 1 1 1 1 1 1 1 1 1 1 1 1 1 1 1 1 1 1 1 1 1 1 1 1 1 1 1 1 1 1 1 1 1 1 1 1 1 1 1 1 1 1 1 1 1 1 1 1 1 1 1 1 1 1 1 1 1 1 1 1 1 1 1 1 1 1 1 1 1 1 1 1 1 1 1 1 1 1 1 1 1 1 1 1 1 1 1 1 1 1 1 1 1 1 1 1 1 1 1 1 1 1 1 1 1 1 1 1 1 1 1 1 1 1 1 1 1 1 1 1 1 1 1 1 1 1 1 1 1 1 1 1 1 1 1 1 1 1 1 1 1 1 1 1 1 1 1 1 1 1 1 1 1 1 1 1 1 1 1 1 1 1 1 1 1 1 1 1 1 1 1 1 1 1 1 1 1 1 1 1 1 1 1 1 1 1 1 1 1 1 1 1 1 1 1 1 1 1 1 1 1 1 1 1
binNumber 10000
binClassNumber 1
binClass_widthVector 500
binClass_lengthVector 500
binClass_disponibility 1000
itemClass_weight 2400 2400 6300 8400 600 12900 9600 2700 21000 15600 11700 11700 9300 14100 1500 19800 20300 18850 26390 580 580 15660 6090 2320 3480 6380 2030 5800 2900 7250 3190 23200 660 11880 9900 39600 3960 5940 990 5610 28050 3630 8580 2970 25080 10890 3630 3630 6600 660 23760 1650 17490 7590 2970 35640 1980 330 1320 4620 14190 4290 22770 19140 990 5280 6930 32340 8580 7920 17490 8910 7260 5280 17160 23100 2970 9240 5280 6270 6800 28900 5440 1700 7480 5100 5780 1020 7140 4760 680 27880 680 8500 22780 35360 5220 2610 8990 2320 4350 8990 10730 2030 580 5800 3190 2900 31900 32770 6090 16530 8000 3840 2880 20480 3840 4480 13120 4480 17600 30720 8320 13760 3200 960 17280 7040 2320 2320 3190 5800 2320 8990 15370 9280 28420 15370 13050 1740 12180 8410 9860 6380 660 4290 33330 3630 1980 2970 9240 7260 25740 990 53790 660 13860 2640 330 3630 870 7540 3770 3190 3480 1160 25810 28130 3480 7540 2610 20300 16240 7540 2610 10730 1650 7260 28380 20460 18480 9240 3300 990 6930 6270 7590 7920 10230 22110 2640 11550 4060 4350 7250 5510 5510 42050 7250 5220 7540 2030 4640 12470 1450 5800 15080 14790 4620 5940 2970 37290 15180 3630 6270 5610 13860 25410 5940 5940 4950 13530 5940 7920 2880 5440 960 16960 3200 960 4480 3200 13440 20160 21120 10240 5120 6400 30400 15040 12760 1740 9570 7540 10150 290 20010 20300 3770 10730 9570 4060 9280 4930 10150 10150 2736 2727 11970 2584 2772 13818 9672 13201 2142 16014 2925 2544 8937 10106 10016 308 10075 21735 2916 3290 10176 11704 9579 1625 13860 2754 2600 16276 10044 8903 2205 22720 9760 14852 3150 2907 22287 9548 11932 12600 2616 2268 9455 6732 15606 12558 2584 8775 2240 2584 6600 2817 16779 3050 3210 9810 9599 10144 12207 16900 650 9750 2907 11438 12402 990 10304 10048 12642 11856 6300 2128 1600 10368 16380 16695 23501 16848 13650 9517 13398 6380 930 13080 8512 16430 2205 9016 2528 16692 2907 12090 2448 22820 978 9455 12168 6500 1848 948 8397 6160 654 10230 2275 324 11552 10464 618 2790 11552 2424 8289 7062 13201 16112 2979 10048 9984 15912 626 3180 6420 15408 13717 1655 6140 1962 12800 12236 15072 3280 8484 15181 2616 9156 322 984 14194 13902 9570 903 2552 9984 10261 326 2128 9517 3310 12402 9424 10857 10230 319 658 2424 2592 12168 2472 15228 13115 13288 2616 10296 10329 17225 2961 1950 12792 1600 9362 966 9696 21350 2709 2310 2790 15228 10592 12090 10230 2608 11934 6020 12363 2317 6741 12480 8586 8484 9455 1986 1986 3020 2254 12540 2568 1854 3250 16779 21700 10048 3060 8775 2624 9920 6100 12597 22507 2871 12642 16642 21350 906 16016 12684 2970 3220 6594 17004 9193 21442 9765 13000 2853 316 2536 2898 13860 8708 1926 313 6531 3280 2970 12480 1520 2907 2624 2121 2781 2149 12986 21770
