itemNumber 500
itemClassNumber 500
itemClass_widthVector 34 33 32 31 30 29 28 27 26 25 24 23 22 21 20 19 32 31 30 29 28 27 26 25 24 23 22 21 20 19 18 17 34 33 32 31 30 29 28 27 26 25 24 23 22 21 20 19 28 27 26 25 24 23 22 21 20 19 18 17 16 15 14 13 31 30 29 28 27 26 25 24 23 22 21 20 19 18 17 16 34 33 32 31 30 29 28 27 26 25 24 23 22 21 20 19 30 29 28 27 26 25 24 23 22 21 20 19 18 17 16 15 27 26 25 24 23 22 21 20 19 18 17 16 15 14 13 12 28 27 26 25 24 23 22 21 20 19 18 17 16 15 14 13 29 28 27 26 25 24 23 22 21 20 19 18 17 16 15 14 33 32 31 30 29 28 27 26 25 24 23 22 21 20 19 18 32 31 30 29 28 27 26 25 24 23 22 21 20 19 18 17 31 30 29 28 27 26 25 24 23 22 21 20 19 18 17 16 34 33 32 31 30 29 28 27 26 25 24 23 22 21 20 19 33 32 31 30 29 28 27 26 25 24 23 22 21 20 19 18 30 29 28 27 26 25 24 23 22 21 20 19 18 17 16 15 35 26 35 22 24 31 25 36 23 34 29 23 33 28 27 26 29 31 37 33 26 33 35 34 31 34 36 31 27 33 33 24 33 35 30 35 37 31 25 29 32 27 25 35 37 34 21 22 23 27 31 25 33 34 27 28 30 21 32 22 32 27 34 35 28 23 29 27 27 24 30 28 26 30 33 30 29 22 27 23 28 21 30 37 35 35 24 35 23 27 24 29 30 33 34 26 35 26 26 31 34 31 26 33 32 31 31 22 27 29 34 31 27 28 31 37 33 26 34 32 34 23 31 36 33 35 32 37 34 31 28 31 25 35 26 27 28 34 21 25 36 35 23 33 37 22 29 23 25 30 34 26 34 23 30 30 22 32 34 24 35 32 34 28 25 36 22 34 24 26 37 33 32 24 24 32 26 30 31 33 23 28 33 34 26 23 37 29 27 33 37 25 24 24 37 31 30 22 37 28 21 23 35 35 28 36 23 36 26 32 22 35 36 34 28 25 33 36 34 28 24 24 26 36 36 37 26 32 23 29 28 21 36 35 35 33 33 35 28 27 24 34 23 29
itemClass_lengthVector 12 37 53 38 24 48 39 25 1 73 24 21 16 36 20 33 100 85 65 14 31 36 5 22 66 3 30 9 2 10 19 3 7 2 62 16 10 11 63 97 38 26 26 41 29 16 5 51 40 4 112 39 15 9 10 13 23 97 40 6 11 7 56 18 73 65 56 22 28 2 3 3 3 54 5 23 33 81 24 25 16 16 26 128 4 65 37 10 11 37 18 29 40 34 10 19 16 4 4 12 14 4 183 8 77 1 8 12 23 5 90 39 18 25 98 1 2 3 3 35 2 71 152 16 14 42 13 5 39 1 19 11 11 95 29 33 16 27 47 19 28 6 73 46 3 94 27 43 29 2 28 44 18 4 2 96 13 10 25 62 17 14 21 7 57 73 20 68 1 27 29 11 20 24 14 97 7 97 6 9 12 12 85 47 29 27 4 64 5 14 22 60 2 33 10 20 3 50 18 4 33 65 11 54 13 31 78 75 2 60 16 5 119 41 6 14 9 32 111 27 4 30 10 14 43 3 45 9 19 38 38 14 2 107 1 10 65 6 75 25 45 19 18 8 21 15 48 6 161 32 14 33 7 43 29 1 13 24 12 21 21 49 15 37 19 23 40 35 25 2 2 20 1 23 11 53 21 39 37 53 40 38 13 23 25 25 24 17 23 11 25 54 11 48 20 26 37 1 16 37 12 37 19 35 20 74 49 15 39 39 74 72 38 21 48 20 49 72 24 37 73 16 39 72 23 37 48 26 74 49 25 49 39 36 1 35 1 20 47 11 38 53 22 37 19 23 20 1 49 37 39 72 37 21 25 40 54 39 23 38 47 49 39 36 23 1 52 24 1 25 47 13 25 22 38 25 37 16 40 11 38 54 25 36 36 48 1 49 17 13 25 74 74 38 19 25 12 12 20 38 12 19 40 21 15 26 38 20 39 36 40 47 36 49 38 35 12 37 52 72 22 36 36 23 17 24 11 54 47 36 36 38 73 49 39 52 35 24 25 37 73 15 38 25 1 37 12 20 15 20 36 40 25 37 13 24 20 15 11 36 1 36 19 12 20 25 35 12 36 37 1 25 37 53 37 1 21 16 21 53 53 12 25 38 37 24 25 21 54 53 39 37 24 54 2 72 35 38 36 1
itemClass_demand 1 1 1 1 1 1 1 1 1 1 1 1 1 1 1 1 1 1 1 1 1 1 1 1 1 1 1 1 1 1 1 1 1 1 1 1 1 1 1 1 1 1 1 1 1 1 1 1 1 1 1 1 1 1 1 1 1 1 1 1 1 1 1 1 1 1 1 1 1 1 1 1 1 1 1 1 1 1 1 1 1 1 1 1 1 1 1 1 1 1 1 1 1 1 1 1 1 1 1 1 1 1 1 1 1 1 1 1 1 1 1 1 1 1 1 1 1 1 1 1 1 1 1 1 1 1 1 1 1 1 1 1 1 1 1 1 1 1 1 1 1 1 1 1 1 1 1 1 1 1 1 1 1 1 1 1 1 1 1 1 1 1 1 1 1 1 1 1 1 1 1 1 1 1 1 1 1 1 1 1 1 1 1 1 1 1 1 1 1 1 1 1 1 1 1 1 1 1 1 1 1 1 1 1 1 1 1 1 1 1 1 1 1 1 1 1 1 1 1 1 1 1 1 1 1 1 1 1 1 1 1 1 1 1 1 1 1 1 1 1 1 1 1 1 1 1 1 1 1 1 1 1 1 1 1 1 1 1 1 1 1 1 1 1 1 1 1 1 1 1 1 1 1 1 1 1 1 1 1 1 1 1 1 1 1 1 1 1 1 1 1 1 1 1 1 1 1 1 1 1 1 1 1 1 1 1 1 1 1 1 1 1 1 1 1 1 1 1 1 1 1 1 1 1 1 1 1 1 1 1 1 1 1 1 1 1 1 1 1 1 1 1 1 1 1 1 1 1 1 1 1 1 1 1 1 1 1 1 1 1 1 1 1 1 1 1 1 1 1 1 1 1 1 1 1 1 1 1 1 1 1 1 1 1 1 1 1 1 1 1 1 1 1 1 1 1 1 1 1 1 1 1 1 1 1 1 1 1 1 1 1 1 1 1 1 1 1 1 1 1 1 1 1 1 1 1 1 1 1 1 1 1 1 1 1 1 1 1 1 1 1 1 1 1 1 1 1 1 1 1 1 1 1 1 1 1 1 1 1 1 1 1 1 1 1 1 1 1 1 1 1 1 1 1 1 1 1 1 1 1 1 1 1 1 1 1 1 1 1 1 1 1 1 1 1 1 1 1 1 1
binNumber 10000
binClassNumber 1
binClass_widthVector 500
binClass_lengthVector 500
binClass_disponibility 1000
itemClass_weight 4080 12580 18020 12920 8160 16320 13260 8500 340 24820 8160 7140 5440 12240 6800 11220 32000 27200 20800 4480 9920 11520 1600 7040 21120 960 9600 2880 640 3200 6080 960 2380 680 21080 5440 3400 3740 21420 32980 12920 8840 8840 13940 9860 5440 1700 17340 11200 1120 31360 10920 4200 2520 2800 3640 6440 27160 11200 1680 3080 1960 15680 5040 22630 20150 17360 6820 8680 620 930 930 930 16740 1550 7130 10230 25110 7440 7750 5440 5440 8840 43520 1360 22100 12580 3400 3740 12580 6120 9860 13600 11560 3400 6460 4800 1200 1200 3600 4200 1200 54900 2400 23100 300 2400 3600 6900 1500 27000 11700 4860 6750 26460 270 540 810 810 9450 540 19170 41040 4320 3780 11340 3510 1350 10920 280 5320 3080 3080 26600 8120 9240 4480 7560 13160 5320 7840 1680 20440 12880 870 27260 7830 12470 8410 580 8120 12760 5220 1160 580 27840 3770 2900 7250 17980 5610 4620 6930 2310 18810 24090 6600 22440 330 8910 9570 3630 6600 7920 4620 32010 2240 31040 1920 2880 3840 3840 27200 15040 9280 8640 1280 20480 1600 4480 7040 19200 620 10230 3100 6200 930 15500 5580 1240 10230 20150 3410 16740 4030 9610 24180 23250 680 20400 5440 1700 40460 13940 2040 4760 3060 10880 37740 9180 1360 10200 3400 4760 14190 990 14850 2970 6270 12540 12540 4620 660 35310 330 3300 21450 1980 24750 8250 13500 5700 5400 2400 6300 4500 14400 1800 48300 9600 4200 9900 2100 12900 8700 300 4823 8256 4380 7287 7350 17934 5250 12617 7049 8004 15000 12670 8975 738 746 6820 375 8303 3883 18974 7644 13299 13431 19663 14520 13984 4797 8533 9350 9100 8328 5967 8579 3784 8650 19602 3960 16560 7440 9360 13801 355 5456 12876 4464 13024 6593 12635 7420 27306 17297 5220 14274 14430 26122 24624 13224 7581 17136 7200 17836 25344 8544 13468 27010 5920 13533 26496 7866 13838 16896 9516 25308 18375 9125 17787 14508 12312 343 12145 361 7080 16638 4037 13832 18709 8206 13838 6992 7935 7060 371 18081 13357 13650 25848 13098 7875 8650 14040 19386 14274 8142 13984 16967 17934 14313 12852 8510 341 19500 8496 343 9075 17625 4537 8650 7986 13528 8850 13431 5872 13760 4114 13566 19602 8775 12384 13068 17184 368 17885 6052 4784 8675 26788 26048 13186 7068 9375 4116 4308 6960 12958 4272 6935 14440 7434 5490 8944 14250 7140 14196 13176 14760 17249 12780 16807 13338 12670 4188 13246 18044 24552 8052 12636 13248 8280 5797 8400 3828 19656 16591 13212 12528 14060 26426 16709 13572 17732 12075 8592 8900 13838 25112 5550 14250 8725 358 13357 4344 7080 5265 7000 12816 13640 8575 13394 4823 8808 7420 5550 3806 12708 356 12528 7049 4224 7420 9025 12880 4488 12528 13542 369 8550 12876 19451 13246 368 7581 5568 7539 18126 19027 4248 8825 12996 13024 8736 8850 7308 19116 18974 13650 12691 8496 18738 716 25560 12425 13984 12852 373
