itemNumber 70
itemClassNumber 70
itemClass_widthVector 11 10 9 8 7 6 12 11 10 9 8 7 13 12 11 10 9 8 13 12 11 10 9 8 11 10 9 8 7 6 10 9 8 7 6 5 12 12 9 13 12 8 8 12 8 9 9 10 10 9 13 9 10 8 12 8 10 13 11 10 9 12 8 13 12 10 9 9 12 8
itemClass_lengthVector 25 5 4 17 10 9 4 2 15 14 4 31 5 8 5 29 17 6 30 14 1 8 16 1 9 7 19 2 25 8 3 13 22 16 1 15 25 26 17 25 5 10 10 5 10 18 18 4 5 16 25 17 3 10 24 9 3 24 5 5 17 26 9 26 5 4 17 16 4 10
itemClass_demand 1 1 1 1 1 1 1 1 1 1 1 1 1 1 1 1 1 1 1 1 1 1 1 1 1 1 1 1 1 1 1 1 1 1 1 1 1 1 1 1 1 1 1 1 1 1 1 1 1 1 1 1 1 1 1 1 1 1 1 1 1 1 1 1 1 1 1 1 1 1
binNumber 10000
binClassNumber 1
binClass_widthVector 70
binClass_lengthVector 70
binClass_disponibility 1000
itemClass_weight 2750 550 440 1870 1100 990 480 240 1800 1680 480 3720 650 1040 650 3770 2210 780 3900 1820 130 1040 2080 130 990 770 2090 220 2750 880 300 1300 2200 1600 100 1500 2800 2964 1921 2900 590 1200 1210 575 1110 1998 1998 484 610 1936 3025 1921 348 1170 2760 1026 363 2784 560 600 1904 3016 1044 3120 595 484 2040 1808 480 1110
