itemNumber 140
itemClassNumber 140
itemClass_widthVector 14 13 12 11 10 9 8 7 6 15 14 13 12 11 10 9 8 7 16 15 14 13 12 11 10 9 8 16 15 14 13 12 11 10 9 8 16 15 14 13 12 11 10 9 8 14 13 12 11 10 9 8 7 6 16 15 14 13 12 11 10 9 8 16 15 14 13 12 11 10 9 8 17 16 15 14 13 12 11 10 9 15 10 9 10 15 14 16 13 8 15 12 12 10 9 10 12 8 10 9 16 9 12 14 15 12 14 14 12 10 10 11 8 11 15 12 11 15 13 8 10 9 11 12 13 8 14 12 9 10 14 12 8 9 10 12 15 8 16 12
itemClass_lengthVector 31 27 9 1 13 11 9 1 38 8 14 3 28 18 27 6 9 27 23 4 5 34 6 1 52 4 11 44 36 19 13 5 1 7 12 3 5 1 31 32 35 5 4 13 14 7 2 16 1 24 16 14 20 40 47 7 5 5 1 3 17 44 11 9 55 17 6 13 10 11 4 15 14 14 5 33 29 3 17 10 15 32 12 9 10 26 26 32 9 1 31 1 2 10 9 10 14 1 12 9 31 10 1 26 30 13 28 10 1 11 11 12 1 14 32 13 13 30 1 2 10 8 13 1 1 1 27 1 8 12 26 1 2 10 10 12 28 1 32 2
itemClass_demand 1 1 1 1 1 1 1 1 1 1 1 1 1 1 1 1 1 1 1 1 1 1 1 1 1 1 1 1 1 1 1 1 1 1 1 1 1 1 1 1 1 1 1 1 1 1 1 1 1 1 1 1 1 1 1 1 1 1 1 1 1 1 1 1 1 1 1 1 1 1 1 1 1 1 1 1 1 1 1 1 1 1 1 1 1 1 1 1 1 1 1 1 1 1 1 1 1 1 1 1 1 1 1 1 1 1 1 1 1 1 1 1 1 1 1 1 1 1 1 1 1 1 1 1 1 1 1 1 1 1 1 1 1 1 1 1 1 1 1 1
binNumber 10000
binClassNumber 1
binClass_widthVector 140
binClass_lengthVector 140
binClass_disponibility 1000
itemClass_weight 4340 3780 1260 140 1820 1540 1260 140 5320 1200 2100 450 4200 2700 4050 900 1350 4050 3680 640 800 5440 960 160 8320 640 1760 7040 5760 3040 2080 800 160 1120 1920 480 800 160 4960 5120 5600 800 640 2080 2240 980 280 2240 140 3360 2240 1960 2800 5600 7520 1120 800 800 160 480 2720 7040 1760 1440 8800 2720 960 2080 1600 1760 640 2400 2380 2380 850 5610 4930 510 2890 1700 2550 4832 1800 1332 1410 4004 3692 4512 1269 152 4495 149 310 1470 1314 1430 2016 148 1836 1296 4464 1530 145 3848 4530 1872 4256 1480 150 1683 1639 1800 148 2002 4832 1963 1859 4290 150 286 1460 1128 1885 149 150 153 4104 149 1144 1848 4004 143 292 1510 1540 1776 3948 153 4608 292
