itemNumber 700
itemClassNumber 700
itemClass_widthVector 38 37 36 35 34 33 32 31 30 29 28 27 26 25 24 23 22 21 20 38 37 36 35 34 33 32 31 30 29 28 27 26 25 24 23 22 21 20 34 33 32 31 30 29 28 27 26 25 24 23 22 21 20 19 18 17 16 40 39 38 37 36 35 34 33 32 31 30 29 28 27 26 25 24 23 22 37 36 35 34 33 32 31 30 29 28 27 26 25 24 23 22 21 20 19 33 32 31 30 29 28 27 26 25 24 23 22 21 20 19 18 17 16 15 36 35 34 33 32 31 30 29 28 27 26 25 24 23 22 21 20 19 18 35 34 33 32 31 30 29 28 27 26 25 24 23 22 21 20 19 18 17 38 37 36 35 34 33 32 31 30 29 28 27 26 25 24 23 22 21 20 41 40 39 38 37 36 35 34 33 32 31 30 29 28 27 26 25 24 23 36 35 34 33 32 31 30 29 28 27 26 25 24 23 22 21 20 19 18 40 39 38 37 36 35 34 33 32 31 30 29 28 27 26 25 24 23 22 35 34 33 32 31 30 29 28 27 26 25 24 23 22 21 20 19 18 17 36 35 34 33 32 31 30 29 28 27 26 25 24 23 22 21 20 19 18 34 33 32 31 30 29 28 27 26 25 24 23 22 21 20 19 18 17 16 36 35 34 33 32 31 30 29 28 27 26 25 24 23 22 21 20 19 18 40 39 38 37 36 35 34 33 32 31 30 29 28 27 26 25 24 23 22 37 36 35 34 33 32 31 30 29 28 27 26 25 24 23 22 21 20 19 36 35 34 33 32 31 30 29 28 27 26 25 24 23 22 21 20 19 18 27 26 27 37 40 38 34 25 35 28 25 38 39 38 31 22 27 25 28 31 26 27 39 28 35 41 26 32 32 23 38 23 27 35 31 28 31 37 32 23 35 35 39 26 32 35 38 39 38 29 37 38 28 26 24 28 35 27 35 41 42 39 38 29 26 39 40 33 39 23 22 25 41 42 23 33 24 24 37 38 27 35 33 36 34 32 34 28 33 30 25 40 38 29 25 30 29 23 35 42 32 42 25 32 41 41 27 30 28 40 36 25 27 37 36 38 30 34 38 32 34 35 22 41 42 28 32 37 32 39 28 30 24 29 32 39 28 27 26 26 37 26 24 27 30 33 31 36 30 22 34 36 30 37 41 25 28 30 29 27 36 23 34 39 36 39 26 24 34 37 37 32 34 25 33 24 35 25 31 32 31 30 40 27 27 25 37 23 38 37 35 39 32 39 32 30 27 31 27 33 26 30 27 36 35 38 37 38 36 37 36 35 25 40 24 35 31 23 26 35 36 27 25 40 34 22 27 34 25 34 39 36 32 25 41 25 34 38 39 28 37 30 25 31 39 31 25 40 36 36 30 28 37 32 38 31 41 36 24 25 26 38 29 28 38 32 42 32 23 27 29 23 31 28 33 24 34 28 36 36 29 36 27 42 39 39 34 36 29 39 30 31 30 33 30 34 36 25 32 27 29 39 35 28 29 24 36 34 32 27 30 40 28 25 29 23 40 23 28 29 39 26 26 34 35 27 38 36 25 31 29 25 31 39 35 32 25 24 26
itemClass_lengthVector 2 4 68 56 6 7 21 6 1 33 11 6 76 25 77 57 97 80 67 10 9 5 35 122 9 73 51 10 43 8 11 28 15 55 9 70 30 107 81 14 57 1 13 16 101 31 3 3 5 24 23 124 30 33 67 16 58 61 84 8 20 1 107 18 3 24 56 49 14 20 17 9 9 35 101 64 12 171 74 15 9 15 5 33 15 126 11 27 48 34 68 3 22 2 10 29 135 22 15 77 32 121 21 77 38 28 6 31 7 1 13 13 16 18 1 36 61 20 92 34 42 17 6 50 24 33 4 139 2 3 41 24 71 145 18 69 67 35 51 4 5 46 3 49 14 47 25 2 31 19 15 55 14 24 121 91 2 23 6 12 8 101 84 1 5 10 3 41 28 49 77 4 64 134 102 7 84 7 36 2 4 33 11 6 96 20 38 17 34 1 51 20 43 12 1 11 16 34 2 35 75 115 9 25 50 127 4 32 38 58 7 77 13 71 44 28 4 82 134 46 1 4 14 53 11 25 23 5 31 24 31 25 8 36 62 12 103 62 46 34 18 12 40 12 126 16 2 1 33 4 3 59 91 10 7 100 24 25 81 1 43 11 9 133 43 22 23 10 28 60 39 8 78 53 25 9 20 25 87 3 16 201 5 1 9 7 28 12 16 34 77 104 81 62 20 23 10 58 30 17 45 38 36 2 18 60 9 2 22 55 18 9 27 20 82 91 108 24 10 58 27 16 44 50 13 21 3 46 72 46 1 3 28 10 90 56 44 22 45 41 92 17 29 6 17 14 2 57 9 7 33 95 24 21 17 35 144 46 15 122 7 24 76 24 8 1 3 6 76 21 6 57 5 3 57 11 81 77 98 75 34 58 78 5 7 21 1 25 5 33 79 67 80 76 22 10 5 33 6 7 81 6 6 69 24 34 7 57 4 68 75 55 55 7 78 81 5 21 78 6 1 2 68 56 11 58 56 69 6 67 80 80 77 1 2 96 21 96 58 7 3 25 7 21 21 1 32 7 75 22 12 76 1 68 10 98 32 6 81 6 3 6 1 98 32 5 3 76 7 76 69 22 97 24 68 22 5 10 1 56 1 2 7 79 5 3 26 7 67 34 69 76 33 98 75 1 67 25 75 56 78 6 58 79 26 34 1 1 56 34 80 1 56 11 68 3 77 24 34 11 75 57 80 1 3 6 67 77 97 1 55 56 5 2 56 2 81 20 58 34 32 33 34 2 26 77 97 8 80 3 57 8 56 1 69 32 7 78 2 24 20 77 34 78 20 20 57 6 4 22 6 20 6 78 67 81 20 2 79 25 6 57 77 56 5 2 80 26 6 96 5 69 7 34 96 4 77 2 69 69 76 7 10 77 10 5 33 97 69 22 55 10 26 6 32 3 33 4 8 98 76 57 56 12 76 7 1 3 1 97 75 75 96 32 5 21 58 6 6 55 55 6 7 75 2 5 56 1 57 11 3 12 11 33 20 32 21 5 56 1 78 7 2 8 76 10 81 57 7 2 76 34 3 76 57 77 79 3 98 26 77 4 57 77 5 5 78 5 55 76 11 12 58 10 2 22 32 78 57 25
itemClass_demand 1 1 1 1 1 1 1 1 1 1 1 1 1 1 1 1 1 1 1 1 1 1 1 1 1 1 1 1 1 1 1 1 1 1 1 1 1 1 1 1 1 1 1 1 1 1 1 1 1 1 1 1 1 1 1 1 1 1 1 1 1 1 1 1 1 1 1 1 1 1 1 1 1 1 1 1 1 1 1 1 1 1 1 1 1 1 1 1 1 1 1 1 1 1 1 1 1 1 1 1 1 1 1 1 1 1 1 1 1 1 1 1 1 1 1 1 1 1 1 1 1 1 1 1 1 1 1 1 1 1 1 1 1 1 1 1 1 1 1 1 1 1 1 1 1 1 1 1 1 1 1 1 1 1 1 1 1 1 1 1 1 1 1 1 1 1 1 1 1 1 1 1 1 1 1 1 1 1 1 1 1 1 1 1 1 1 1 1 1 1 1 1 1 1 1 1 1 1 1 1 1 1 1 1 1 1 1 1 1 1 1 1 1 1 1 1 1 1 1 1 1 1 1 1 1 1 1 1 1 1 1 1 1 1 1 1 1 1 1 1 1 1 1 1 1 1 1 1 1 1 1 1 1 1 1 1 1 1 1 1 1 1 1 1 1 1 1 1 1 1 1 1 1 1 1 1 1 1 1 1 1 1 1 1 1 1 1 1 1 1 1 1 1 1 1 1 1 1 1 1 1 1 1 1 1 1 1 1 1 1 1 1 1 1 1 1 1 1 1 1 1 1 1 1 1 1 1 1 1 1 1 1 1 1 1 1 1 1 1 1 1 1 1 1 1 1 1 1 1 1 1 1 1 1 1 1 1 1 1 1 1 1 1 1 1 1 1 1 1 1 1 1 1 1 1 1 1 1 1 1 1 1 1 1 1 1 1 1 1 1 1 1 1 1 1 1 1 1 1 1 1 1 1 1 1 1 1 1 1 1 1 1 1 1 1 1 1 1 1 1 1 1 1 1 1 1 1 1 1 1 1 1 1 1 1 1 1 1 1 1 1 1 1 1 1 1 1 1 1 1 1 1 1 1 1 1 1 1 1 1 1 1 1 1 1 1 1 1 1 1 1 1 1 1 1 1 1 1 1 1 1 1 1 1 1 1 1 1 1 1 1 1 1 1 1 1 1 1 1 1 1 1 1 1 1 1 1 1 1 1 1 1 1 1 1 1 1 1 1 1 1 1 1 1 1 1 1 1 1 1 1 1 1 1 1 1 1 1 1 1 1 1 1 1 1 1 1 1 1 1 1 1 1 1 1 1 1 1 1 1 1 1 1 1 1 1 1 1 1 1 1 1 1 1 1 1 1 1 1 1 1 1 1 1 1 1 1 1 1 1 1 1 1 1 1 1 1 1 1 1 1 1 1 1 1 1 1 1 1 1 1 1 1 1 1 1 1 1 1 1 1 1 1 1 1 1 1 1 1 1 1 1 1 1 1 1 1 1 1 1 1 1 1 1 1 1 1 1 1 1 1 1 1 1 1 1 1 1 1 1 1 1 1 1 1 1 1 1 1 1 1 1 1 1 1 1 1 1 1 1 1 1 1 1 1 1 1 1 1 1 1 1 1 1 1 1 1 1 1 1
binNumber 10000
binClassNumber 1
binClass_widthVector 700
binClass_lengthVector 700
binClass_disponibility 1000
itemClass_weight 760 1520 25840 21280 2280 2660 7980 2280 380 12540 4180 2280 28880 9500 29260 21660 36860 30400 25460 3800 3420 1900 13300 46360 3420 27740 19380 3800 16340 3040 4180 10640 5700 20900 3420 26600 11400 40660 27540 4760 19380 340 4420 5440 34340 10540 1020 1020 1700 8160 7820 42160 10200 11220 22780 5440 19720 24400 33600 3200 8000 400 42800 7200 1200 9600 22400 19600 5600 8000 6800 3600 3600 14000 40400 25600 4440 63270 27380 5550 3330 5550 1850 12210 5550 46620 4070 9990 17760 12580 25160 1110 8140 740 3700 9570 44550 7260 4950 25410 10560 39930 6930 25410 12540 9240 1980 10230 2310 330 4290 4290 5280 5940 360 12960 21960 7200 33120 12240 15120 6120 2160 18000 8640 11880 1440 50040 720 1080 14760 8640 25560 50750 6300 24150 23450 12250 17850 1400 1750 16100 1050 17150 4900 16450 8750 700 10850 6650 5250 19250 5320 9120 45980 34580 760 8740 2280 4560 3040 38380 31920 380 1900 3800 1140 15580 10640 18620 29260 1640 26240 54940 41820 2870 34440 2870 14760 820 1640 13530 4510 2460 39360 8200 15580 6970 13940 410 18360 7200 15480 4320 360 3960 5760 12240 720 12600 27000 41400 3240 9000 18000 45720 1440 11520 13680 23200 2800 30800 5200 28400 17600 11200 1600 32800 53600 18400 400 1600 5600 21200 4400 10000 9200 2000 10850 8400 10850 8750 2800 12600 21700 4200 36050 21700 16100 11900 6300 4200 14000 4200 44100 5600 700 360 11880 1440 1080 21240 32760 3600 2520 36000 8640 9000 29160 360 15480 3960 3240 47880 15480 7920 7820 3400 9520 20400 13260 2720 26520 18020 8500 3060 6800 8500 29580 1020 5440 68340 1700 340 3060 2520 10080 4320 5760 12240 27720 37440 29160 22320 7200 8280 3600 20880 10800 6120 16200 13680 12960 720 7200 24000 3600 800 8800 22000 7200 3600 10800 8000 32800 36400 43200 9600 4000 23200 10800 6400 17600 18500 4810 7770 1110 17020 26640 17020 370 1110 10360 3700 33300 20720 16280 8140 16650 15170 34040 6290 10440 2160 6120 5040 720 20520 3240 2520 11880 34200 8640 7560 6120 12600 51840 16560 5400 43920 2520 9624 31844 9216 3296 407 1149 2436 30248 8316 2304 22230 2025 1218 22401 4521 31833 29799 38416 28650 14042 23548 32448 2035 2898 8085 418 9950 1930 13827 32706 26934 30480 31464 8910 4160 1970 12705 2352 2919 32967 2484 2388 27048 9312 14246 2807 21945 1656 27880 30825 21505 21450 2919 30576 31347 1965 8232 30108 2430 389 804 25976 22008 4389 22388 22512 26496 2388 25929 31360 30880 29722 382 810 37824 8631 40224 22272 2926 1221 9525 2800 8484 8253 404 12416 2695 29250 9064 4668 30704 408 27472 3990 37828 12992 2466 32076 2490 1167 2286 395 38808 12672 2015 1227 29488 2786 29716 26496 8514 39188 9672 28356 8426 1940 4020 390 21392 396 784 2821 32390 1915 1164 10634 2695 27470 14110 26772 31160 13233 40180 29550 410 25862 10350 29175 23128 29796 2502 22852 30889 10426 13362 414 388 21672 13056 32160 402 22344 4235 26656 1161 30415 9960 14042 4510 29700 22002 31040 408 1215 2484 25728 32032 37927 406 22550 21784 2045 782 23408 768 31428 8340 24012 13056 13024 12837 13022 800 10582 31878 36957 3048 32320 1233 22287 3248 22120 396 28152 12384 2912 29952 780 9144 7840 31647 12988 32682 8260 7860 22002 2286 1600 8932 2358 8180 2388 31044 27269 33129 8360 786 30573 9975 2448 23712 29722 21336 2055 804 32480 9932 2322 39456 1935 28083 2681 13192 37056 1576 31416 834 27531 26565 29412 2702 3870 31724 4090 1995 13629 40061 28083 8976 22495 4040 10062 2340 12384 1197 13035 1596 3312 40180 30704 22002 22624 4860 29564 2821 407 1203 408 38703 29475 30900 39936 12864 1915 8358 22214 2370 2298 22000 21340 2442 2695 30900 790 2025 21448 390 22572 4532 1254 4836 4334 12573 8340 12672 8379 1940 22400 418 30186 2898 832 3200 31844 4090 31833 23484 2751 796 30628 13464 1194 29260 22230 31647 33101 1206 39592 10166 30415 1628 22344 31493 1975 2045 29718 1945 22440 29032 4554 4692 24128 4010 788 8756 12672 32526 22914 10100
