itemNumber 180
itemClassNumber 180
itemClass_widthVector 20 19 18 17 16 15 14 13 12 11 18 17 16 15 14 13 12 11 10 9 18 17 16 15 14 13 12 11 10 9 18 17 16 15 14 13 12 11 10 9 17 16 15 14 13 12 11 10 9 8 18 17 16 15 14 13 12 11 10 9 17 16 15 14 13 12 11 10 9 8 18 17 16 15 14 13 12 11 10 9 19 18 17 16 15 14 13 12 11 10 17 16 15 14 13 12 11 10 9 8 14 18 13 17 17 21 15 15 19 14 18 14 17 14 19 18 14 13 16 19 18 16 15 14 14 19 19 13 16 23 23 17 18 16 14 15 20 20 14 20 17 15 16 15 14 18 15 16 19 21 14 20 17 21 17 14 13 19 21 22 16 19 23 16 20 19 15 14 15 19 20 18 16 22 16 14 16 15 22 20
itemClass_lengthVector 8 22 14 69 1 6 6 7 30 17 18 7 30 8 17 1 6 66 18 9 34 17 16 17 38 1 7 25 17 8 18 30 17 19 9 11 8 9 27 32 10 11 63 13 8 23 7 3 10 32 4 1 63 40 32 9 16 1 12 2 5 13 15 11 16 59 5 12 32 12 13 14 2 8 10 33 6 40 17 37 21 13 6 7 2 24 15 25 23 44 55 33 9 20 5 23 6 9 17 3 8 1 30 7 5 21 7 5 15 29 69 29 5 7 14 69 30 31 5 15 69 5 7 30 8 15 15 31 7 8 7 7 70 7 6 5 22 14 29 14 1 6 7 5 6 1 6 6 14 7 8 23 1 23 7 30 29 69 22 8 5 69 7 7 23 70 6 7 5 13 13 1 5 8 6 29 5 5 8 23
itemClass_demand 1 1 1 1 1 1 1 1 1 1 1 1 1 1 1 1 1 1 1 1 1 1 1 1 1 1 1 1 1 1 1 1 1 1 1 1 1 1 1 1 1 1 1 1 1 1 1 1 1 1 1 1 1 1 1 1 1 1 1 1 1 1 1 1 1 1 1 1 1 1 1 1 1 1 1 1 1 1 1 1 1 1 1 1 1 1 1 1 1 1 1 1 1 1 1 1 1 1 1 1 1 1 1 1 1 1 1 1 1 1 1 1 1 1 1 1 1 1 1 1 1 1 1 1 1 1 1 1 1 1 1 1 1 1 1 1 1 1 1 1 1 1 1 1 1 1 1 1 1 1 1 1 1 1 1 1 1 1 1 1 1 1 1 1 1 1 1 1 1 1 1 1 1 1 1 1 1 1 1 1
binNumber 10000
binClassNumber 1
binClass_widthVector 180
binClass_lengthVector 180
binClass_disponibility 1000
itemClass_weight 1600 4400 2800 13800 200 1200 1200 1400 6000 3400 3240 1260 5400 1440 3060 180 1080 11880 3240 1620 6120 3060 2880 3060 6840 180 1260 4500 3060 1440 3240 5400 3060 3420 1620 1980 1440 1620 4860 5760 1700 1870 10710 2210 1360 3910 1190 510 1700 5440 720 180 11340 7200 5760 1620 2880 180 2160 360 850 2210 2550 1870 2720 10030 850 2040 5440 2040 2340 2520 360 1440 1800 5940 1080 7200 3060 6660 3990 2470 1140 1330 380 4560 2850 4750 4370 8360 9350 5610 1530 3400 850 3910 1020 1530 2890 510 1688 216 6240 1456 1055 4515 1512 1020 3150 6003 14076 6380 1085 1470 2842 14352 6150 6820 1055 3285 15180 1080 1505 6210 1768 3135 3255 6665 1442 1728 1442 1498 14560 1449 1254 1085 4422 2870 6409 2870 204 1320 1456 1100 1224 217 1272 1236 3024 1533 1672 5060 212 4692 1463 6150 5945 14766 4686 1656 1025 14214 1442 1442 4784 15190 1248 1526 1055 2769 2652 209 1055 1736 1230 5858 1065 1040 1648 4669
