itemNumber 120
itemClassNumber 120
itemClass_widthVector 17 16 15 14 13 12 11 10 13 12 11 10 9 8 7 6 15 14 13 12 11 10 9 8 15 14 13 12 11 10 9 8 17 16 15 14 13 12 11 10 14 13 12 11 10 9 8 7 15 14 13 12 11 10 9 8 14 13 12 11 10 9 8 7 18 14 18 13 18 17 13 16 12 17 13 15 15 16 16 18 13 18 14 14 18 14 12 18 13 16 18 13 19 13 15 18 13 16 16 13 12 17 16 13 18 15 14 16 19 18 18 16 12 15 13 15 14 15 15 16
itemClass_lengthVector 13 3 24 15 18 3 34 10 21 4 21 8 5 21 7 33 29 26 17 3 24 6 6 9 7 15 27 4 28 24 2 13 12 4 8 6 52 6 25 7 39 8 8 4 1 4 24 32 30 43 1 5 12 13 13 3 5 18 12 44 13 19 5 4 14 19 14 2 14 23 34 23 34 23 4 14 15 15 24 14 35 12 4 17 12 4 33 13 35 16 12 4 14 3 14 3 2 14 23 33 35 24 23 3 14 18 2 15 13 2 13 23 33 14 35 18 17 17 15 25
itemClass_demand 1 1 1 1 1 1 1 1 1 1 1 1 1 1 1 1 1 1 1 1 1 1 1 1 1 1 1 1 1 1 1 1 1 1 1 1 1 1 1 1 1 1 1 1 1 1 1 1 1 1 1 1 1 1 1 1 1 1 1 1 1 1 1 1 1 1 1 1 1 1 1 1 1 1 1 1 1 1 1 1 1 1 1 1 1 1 1 1 1 1 1 1 1 1 1 1 1 1 1 1 1 1 1 1 1 1 1 1 1 1 1 1 1 1 1 1 1 1 1 1
binNumber 10000
binClassNumber 1
binClass_widthVector 120
binClass_lengthVector 120
binClass_disponibility 1000
itemClass_weight 2210 510 4080 2550 3060 510 5780 1700 2730 520 2730 1040 650 2730 910 4290 4350 3900 2550 450 3600 900 900 1350 1050 2250 4050 600 4200 3600 300 1950 2040 680 1360 1020 8840 1020 4250 1190 5460 1120 1120 560 140 560 3360 4480 4500 6450 150 750 1800 1950 1950 450 700 2520 1680 6160 1820 2660 700 560 2478 3287 2534 358 2436 4140 6086 4117 6358 3979 724 2604 2700 2625 4272 2450 6545 2076 720 3094 2088 688 5841 2379 6160 3008 2160 704 2436 534 2618 552 370 2492 4232 6138 6195 4440 4186 561 2436 3150 368 2580 2405 366 2249 3956 5676 2436 6090 3312 3179 2907 2805 4350
