itemNumber 110
itemClassNumber 110
itemClass_widthVector 14 13 12 11 10 9 8 7 14 13 12 11 10 9 8 7 15 14 13 12 11 10 9 8 13 12 11 10 9 8 7 6 15 14 13 12 11 10 9 8 13 12 11 10 9 8 7 6 14 13 12 11 10 9 8 7 12 11 10 9 8 7 6 5 15 15 11 15 15 13 15 12 14 14 13 11 16 12 11 11 10 15 13 10 12 12 16 11 13 10 11 12 15 12 10 14 14 9 15 9 11 15 15 10 14 14 14 15 13 9
itemClass_lengthVector 29 2 3 19 29 3 7 18 3 17 13 45 3 5 18 6 12 33 9 1 9 3 34 9 9 11 19 1 1 18 4 47 3 8 48 5 15 5 23 3 62 4 18 2 2 13 4 5 6 9 36 30 7 7 13 2 14 1 4 13 3 33 15 27 28 2 29 1 29 18 1 28 4 2 18 29 29 30 29 28 3 29 4 3 18 18 28 30 4 2 30 30 30 29 3 1 4 8 28 6 29 29 30 4 2 2 2 2 18 6
itemClass_demand 1 1 1 1 1 1 1 1 1 1 1 1 1 1 1 1 1 1 1 1 1 1 1 1 1 1 1 1 1 1 1 1 1 1 1 1 1 1 1 1 1 1 1 1 1 1 1 1 1 1 1 1 1 1 1 1 1 1 1 1 1 1 1 1 1 1 1 1 1 1 1 1 1 1 1 1 1 1 1 1 1 1 1 1 1 1 1 1 1 1 1 1 1 1 1 1 1 1 1 1 1 1 1 1 1 1 1 1 1 1
binNumber 10000
binClassNumber 1
binClass_widthVector 110
binClass_lengthVector 110
binClass_disponibility 1000
itemClass_weight 4060 280 420 2660 4060 420 980 2520 420 2380 1820 6300 420 700 2520 840 1800 4950 1350 150 1350 450 5100 1350 1170 1430 2470 130 130 2340 520 6110 450 1200 7200 750 2250 750 3450 450 8060 520 2340 260 260 1690 520 650 840 1260 5040 4200 980 980 1820 280 1680 120 480 1560 360 3960 1800 3240 4256 310 4437 151 4292 2592 147 4004 616 302 2610 4466 4176 4320 4292 4256 444 4321 568 435 2592 2718 4116 4230 588 302 4320 4470 4440 4147 426 155 604 1144 4256 864 4147 4495 4290 612 306 294 300 292 2592 882
