itemNumber 400
itemClassNumber 400
itemClass_widthVector 27 26 25 24 23 22 21 20 19 18 17 16 15 14 13 24 23 22 21 20 19 18 17 16 15 14 13 12 11 10 27 26 25 24 23 22 21 20 19 18 17 16 15 14 13 26 25 24 23 22 21 20 19 18 17 16 15 14 13 12 28 27 26 25 24 23 22 21 20 19 18 17 16 15 14 23 22 21 20 19 18 17 16 15 14 13 12 11 10 9 25 24 23 22 21 20 19 18 17 16 15 14 13 12 11 27 26 25 24 23 22 21 20 19 18 17 16 15 14 13 29 28 27 26 25 24 23 22 21 20 19 18 17 16 15 27 26 25 24 23 22 21 20 19 18 17 16 15 14 13 29 28 27 26 25 24 23 22 21 20 19 18 17 16 15 26 25 24 23 22 21 20 19 18 17 16 15 14 13 12 28 27 26 25 24 23 22 21 20 19 18 17 16 15 14 29 28 27 26 25 24 23 22 21 20 19 18 17 16 15 25 24 23 22 21 20 19 18 17 16 15 14 13 12 11 27 23 23 24 21 28 16 18 29 17 26 28 25 28 22 20 25 18 20 18 18 22 22 22 20 19 28 25 22 17 29 18 28 26 17 17 17 24 23 16 17 19 19 15 26 22 25 27 23 18 18 16 28 17 29 18 22 17 25 23 22 20 27 20 18 17 18 26 26 19 22 25 25 28 22 24 24 30 18 18 24 16 16 29 18 23 26 17 30 17 17 27 25 16 29 17 18 24 18 22 18 17 19 18 28 18 21 15 16 24 24 27 18 26 17 28 16 16 19 20 21 29 26 30 15 29 21 20 20 23 18 21 23 23 28 16 17 26 18 28 20 20 17 24 16 29 23 20 18 21 19 24 16 25 18 16 24 23 16 28 28 24 19 24 25 16 16 28 28 18 22 18 24 18 15
itemClass_lengthVector 18 5 16 33 56 40 14 3 11 20 35 16 42 73 18 34 35 31 23 33 5 27 36 7 10 34 7 60 54 4 50 8 28 12 28 15 38 34 9 5 2 120 47 2 2 23 18 41 43 10 29 6 30 8 22 24 25 20 66 35 2 17 7 8 14 3 5 22 102 33 12 1 49 12 113 13 47 41 26 22 3 71 23 49 7 20 8 22 16 32 50 57 51 59 13 8 30 17 56 10 5 14 11 4 15 100 31 14 6 34 33 16 5 17 4 62 34 28 5 11 9 25 4 119 8 3 36 85 14 2 29 35 7 4 20 25 1 72 6 64 6 94 21 6 2 40 18 37 3 5 31 44 15 86 6 35 10 1 4 10 68 3 49 8 30 22 4 26 39 5 19 40 5 25 18 87 7 10 19 74 49 6 6 60 39 41 3 13 46 65 1 28 13 1 29 9 5 3 19 3 58 51 34 23 16 51 14 33 16 65 3 12 1 13 35 1 150 65 3 17 5 10 37 38 10 15 3 41 56 2 6 41 17 19 43 17 19 34 16 13 12 56 34 19 15 35 4 4 4 21 35 18 41 15 15 18 35 5 55 43 17 15 13 4 41 17 21 35 72 17 15 40 15 40 35 16 72 4 41 4 17 2 42 33 4 4 12 15 20 17 41 16 32 17 19 14 32 39 17 3 15 55 17 34 16 41 74 73 5 16 14 17 42 19 15 42 5 34 72 6 15 34 15 35 13 16 15 21 36 6 36 10 73 42 14 15 4 15 57 42 16 41 42 21 19 3 5 55 18 74 17 11 21 19 40 16 10 14 13 17 72 42 16 36 19 12 20 42 55 42 6 4 21 35 11 21 40 74 40 35 72 41 39 73 17 15 57 19 39 33 42 74 17 16 16 13 36 14 36 74
itemClass_demand 1 1 1 1 1 1 1 1 1 1 1 1 1 1 1 1 1 1 1 1 1 1 1 1 1 1 1 1 1 1 1 1 1 1 1 1 1 1 1 1 1 1 1 1 1 1 1 1 1 1 1 1 1 1 1 1 1 1 1 1 1 1 1 1 1 1 1 1 1 1 1 1 1 1 1 1 1 1 1 1 1 1 1 1 1 1 1 1 1 1 1 1 1 1 1 1 1 1 1 1 1 1 1 1 1 1 1 1 1 1 1 1 1 1 1 1 1 1 1 1 1 1 1 1 1 1 1 1 1 1 1 1 1 1 1 1 1 1 1 1 1 1 1 1 1 1 1 1 1 1 1 1 1 1 1 1 1 1 1 1 1 1 1 1 1 1 1 1 1 1 1 1 1 1 1 1 1 1 1 1 1 1 1 1 1 1 1 1 1 1 1 1 1 1 1 1 1 1 1 1 1 1 1 1 1 1 1 1 1 1 1 1 1 1 1 1 1 1 1 1 1 1 1 1 1 1 1 1 1 1 1 1 1 1 1 1 1 1 1 1 1 1 1 1 1 1 1 1 1 1 1 1 1 1 1 1 1 1 1 1 1 1 1 1 1 1 1 1 1 1 1 1 1 1 1 1 1 1 1 1 1 1 1 1 1 1 1 1 1 1 1 1 1 1 1 1 1 1 1 1 1 1 1 1 1 1 1 1 1 1 1 1 1 1 1 1 1 1 1 1 1 1 1 1 1 1 1 1 1 1 1 1 1 1 1 1 1 1 1 1 1 1 1 1 1 1 1 1 1 1 1 1 1 1 1 1 1 1 1 1 1 1 1 1 1 1 1 1 1 1 1 1 1 1 1 1 1 1 1 1 1 1 1 1 1 1 1 1 1 1 1 1 1 1 1 1 1 1 1 1
binNumber 10000
binClassNumber 1
binClass_widthVector 400
binClass_lengthVector 400
binClass_disponibility 1000
itemClass_weight 4860 1350 4320 8910 15120 10800 3780 810 2970 5400 9450 4320 11340 19710 4860 8160 8400 7440 5520 7920 1200 6480 8640 1680 2400 8160 1680 14400 12960 960 13500 2160 7560 3240 7560 4050 10260 9180 2430 1350 540 32400 12690 540 540 5980 4680 10660 11180 2600 7540 1560 7800 2080 5720 6240 6500 5200 17160 9100 560 4760 1960 2240 3920 840 1400 6160 28560 9240 3360 280 13720 3360 31640 2990 10810 9430 5980 5060 690 16330 5290 11270 1610 4600 1840 5060 3680 7360 12500 14250 12750 14750 3250 2000 7500 4250 14000 2500 1250 3500 2750 1000 3750 27000 8370 3780 1620 9180 8910 4320 1350 4590 1080 16740 9180 7560 1350 2970 2610 7250 1160 34510 2320 870 10440 24650 4060 580 8410 10150 2030 1160 5800 6750 270 19440 1620 17280 1620 25380 5670 1620 540 10800 4860 9990 810 1350 8990 12760 4350 24940 1740 10150 2900 290 1160 2900 19720 870 14210 2320 8700 5720 1040 6760 10140 1300 4940 10400 1300 6500 4680 22620 1820 2600 4940 19240 13720 1680 1680 16800 10920 11480 840 3640 12880 18200 280 7840 3640 280 8120 2610 1450 870 5510 870 16820 14790 9860 6670 4640 14790 4060 9570 4640 18850 750 3000 250 3250 8750 250 37500 16250 750 4250 1250 2500 9250 9500 2500 4365 879 11275 15288 558 1650 11480 5032 5529 12341 4947 5529 9418 4752 3666 3432 15456 9622 5548 4305 9520 1104 1108 1164 5775 9625 5256 11152 4395 4080 5004 9590 1420 15125 12384 4964 4455 3770 1132 11808 5066 5733 9555 20520 4794 4170 11160 4260 11240 9940 4416 20448 1104 11808 1188 4913 548 12474 9405 1172 1120 3420 4290 5600 4930 11931 4416 9280 4896 5244 4130 9120 10842 4964 813 4230 15345 4964 9758 4512 12095 21460 19856 1470 4704 3822 4896 11634 5396 4140 11886 1480 9724 20592 1740 4470 9690 4155 9940 3822 4752 4440 6174 9972 1746 10440 2810 21608 11886 3836 4410 1096 4170 16017 12474 4656 11111 11886 5796 5282 828 1460 16390 5292 21608 5066 3234 5880 5586 11160 4688 2910 3976 3562 4692 21240 11718 4672 9792 5491 3264 5700 12516 16005 12222 1668 1112 6048 10430 3135 5922 11200 20054 11560 10395 20448 11234 10686 20294 5015 4320 16017 5244 11154 9570 11382 21238 4658 4736 4352 3679 10296 4046 9756 21682
