itemNumber 90
itemClassNumber 90
itemClass_widthVector 13 12 11 10 9 8 7 12 11 10 9 8 7 6 13 12 11 10 9 8 7 14 13 12 11 10 9 8 12 11 10 9 8 7 6 12 11 10 9 8 7 6 14 13 12 11 10 9 8 12 15 9 11 12 12 12 13 13 11 12 10 9 9 11 9 15 14 14 14 14 9 12 12 12 9 9 10 10 15 13 14 13 13 10 15 13 9 13 13 10
itemClass_lengthVector 8 5 15 19 18 10 15 8 8 13 26 16 2 17 16 3 21 14 16 4 16 27 28 9 5 11 8 2 11 21 7 25 4 6 16 6 14 24 10 9 23 4 8 1 3 23 26 25 4 14 7 9 18 20 20 19 4 6 20 14 18 11 11 19 10 7 8 9 8 6 10 15 19 14 10 9 18 17 9 14 6 6 5 18 7 14 10 4 5 19
itemClass_demand 1 1 1 1 1 1 1 1 1 1 1 1 1 1 1 1 1 1 1 1 1 1 1 1 1 1 1 1 1 1 1 1 1 1 1 1 1 1 1 1 1 1 1 1 1 1 1 1 1 1 1 1 1 1 1 1 1 1 1 1 1 1 1 1 1 1 1 1 1 1 1 1 1 1 1 1 1 1 1 1 1 1 1 1 1 1 1 1 1 1
binNumber 10000
binClassNumber 1
binClass_widthVector 90
binClass_lengthVector 90
binClass_disponibility 1000
itemClass_weight 1040 650 1950 2470 2340 1300 1950 960 960 1560 3120 1920 240 2040 2080 390 2730 1820 2080 520 2080 3753 3892 1251 695 1529 1112 278 1320 2520 840 3000 480 720 1920 720 1680 2880 1200 1080 2760 480 1112 139 417 3197 3614 3475 556 1932 931 1233 2484 2660 2840 2546 532 786 2700 1918 2394 1518 1507 2622 1340 931 1056 1251 1056 798 1400 1980 2622 1848 1380 1206 2556 2397 1251 2002 846 858 670 2556 966 1932 1320 552 690 2622
