itemNumber 60
itemClassNumber 60
itemClass_widthVector 9 8 7 6 5 4 10 9 8 7 6 5 11 10 9 8 7 6 10 9 8 7 6 5 11 10 9 8 7 6 9 8 7 6 5 4 6 7 6 7 7 8 7 6 8 6 7 8 6 10 10 8 6 8 9 9 6 7 10 9
itemClass_lengthVector 20 9 1 13 1 16 17 6 1 17 11 8 2 4 2 14 17 21 8 34 2 12 1 3 14 15 3 8 12 8 2 6 3 7 30 12 1 13 1 12 12 2 13 1 1 1 12 1 1 19 19 1 2 1 9 9 1 13 19 8
itemClass_demand 1 1 1 1 1 1 1 1 1 1 1 1 1 1 1 1 1 1 1 1 1 1 1 1 1 1 1 1 1 1 1 1 1 1 1 1 1 1 1 1 1 1 1 1 1 1 1 1 1 1 1 1 1 1 1 1 1 1 1 1
binNumber 10000
binClassNumber 1
binClass_widthVector 60
binClass_lengthVector 60
binClass_disponibility 1000
itemClass_weight 1800 810 90 1170 90 1440 1700 600 100 1700 1100 800 220 440 220 1540 1870 2310 800 3400 200 1200 100 300 1540 1650 330 880 1320 880 180 540 270 630 2700 1080 95 1261 98 1200 1176 182 1248 95 91 92 1128 100 95 1786 1881 94 190 99 873 882 97 1235 1729 784
