itemNumber 120
itemClassNumber 120
itemClass_widthVector 14 13 12 11 10 9 8 7 16 15 14 13 12 11 10 9 16 15 14 13 12 11 10 9 14 13 12 11 10 9 8 7 16 15 14 13 12 11 10 9 14 13 12 11 10 9 8 7 16 15 14 13 12 11 10 9 14 13 12 11 10 9 8 7 12 15 10 14 14 14 12 12 9 10 11 12 12 15 16 14 14 14 14 14 10 10 16 15 10 11 13 14 15 12 13 11 16 9 9 10 12 12 16 15 12 13 10 13 10 13 13 11 14 12 11 14 10 10 13 16
itemClass_lengthVector 1 1 29 17 17 3 33 19 5 38 14 7 6 9 10 31 20 1 23 8 11 8 23 26 16 10 18 6 11 11 34 14 4 8 9 14 15 42 15 13 22 21 2 36 5 21 12 1 5 16 27 19 20 1 28 4 9 12 11 25 15 32 9 7 16 1 4 28 1 30 17 18 34 2 17 17 16 1 2 1 28 29 2 1 4 4 1 1 2 17 16 30 2 18 29 17 1 32 33 4 18 16 2 1 17 17 4 16 4 18 17 17 28 18 16 30 3 3 29 1
itemClass_demand 1 1 1 1 1 1 1 1 1 1 1 1 1 1 1 1 1 1 1 1 1 1 1 1 1 1 1 1 1 1 1 1 1 1 1 1 1 1 1 1 1 1 1 1 1 1 1 1 1 1 1 1 1 1 1 1 1 1 1 1 1 1 1 1 1 1 1 1 1 1 1 1 1 1 1 1 1 1 1 1 1 1 1 1 1 1 1 1 1 1 1 1 1 1 1 1 1 1 1 1 1 1 1 1 1 1 1 1 1 1 1 1 1 1 1 1 1 1 1 1
binNumber 10000
binClassNumber 1
binClass_widthVector 120
binClass_lengthVector 120
binClass_disponibility 1000
itemClass_weight 140 140 4060 2380 2380 420 4620 2660 800 6080 2240 1120 960 1440 1600 4960 3200 160 3680 1280 1760 1280 3680 4160 2240 1400 2520 840 1540 1540 4760 1960 640 1280 1440 2240 2400 6720 2400 2080 3080 2940 280 5040 700 2940 1680 140 800 2560 4320 3040 3200 160 4480 640 1260 1680 1540 3500 2100 4480 1260 980 2352 143 564 3948 155 4440 2431 2574 4998 290 2618 2567 2288 143 306 151 4172 4495 286 152 600 612 154 154 304 2448 2432 4500 298 2682 4118 2482 142 4832 4983 592 2790 2256 282 152 2499 2448 564 2336 612 2592 2465 2431 4340 2556 2384 4560 429 453 4205 149
