itemNumber 63
itemClassNumber 35
itemClass_widthVector 69 34 67 92 56 35 47 41 104 103 78 79 53 38 42 72 71 80 62 92 85 46 62 77 42 47 53 74 89 86 94 104 86 81 41 
itemClass_lengthVector 43 49 84 74 64 70 93 59 93 68 67 65 46 72 34 78 42 51 50 90 73 43 73 68 47 88 65 69 88 65 36 34 73 57 74 
itemClass_demand 1 3 1 1 1 2 3 1 1 1 2 4 2 3 1 1 2 2 4 1 1 2 1 2 1 1 1 4 1 1 2 4 1 1 3 
binNumber 10000
binClassNumber 1
binClass_widthVector 165
binClass_lengthVector 145
binClass_disponibility 1000
itemClass_weight 315 441 342 505 691 531 399 418 236 639 452 237 348 696 250 556 285 203 741 732 611 499 184 460 324 420 749 189 279 445 713 396 150 446 692 
