itemNumber 96
itemClassNumber 40
itemClass_widthVector 74 82 49 93 65 80 111 130 51 74 76 46 56 81 117 110 91 114 53 105 61 78 73 88 59 113 75 102 53 105 100 72 113 91 69 45 119 125 47 88 
itemClass_lengthVector 165 159 109 112 161 155 97 99 170 62 162 148 67 117 105 121 108 84 139 132 103 108 74 97 136 98 155 59 96 126 76 84 103 69 124 135 71 154 153 109 
itemClass_demand 1 1 7 2 3 1 2 2 4 4 1 1 6 3 1 1 2 3 3 1 1 4 2 2 2 2 2 3 4 2 1 5 1 3 6 1 1 1 3 1 
binNumber 10000
binClassNumber 1
binClass_widthVector 207
binClass_lengthVector 267
binClass_disponibility 1000
itemClass_weight 436 507 200 300 655 512 466 466 541 278 420 725 370 180 466 471 337 335 674 533 425 666 539 619 425 686 725 742 198 525 553 248 280 661 738 559 269 379 500 668 
