itemNumber 75
itemClassNumber 35
itemClass_widthVector 39 59 41 31 27 31 23 41 31 22 54 35 31 27 53 41 42 29 27 31 43 41 39 38 37 36 35 34 23 32 32 18 21 34 19 
itemClass_lengthVector 28 23 37 25 45 49 41 24 31 37 19 47 38 21 29 33 37 29 57 49 31 30 29 28 37 26 45 24 33 42 25 41 19 21 39 
itemClass_demand 4 2 1 3 2 4 2 2 1 1 1 2 3 1 1 4 5 2 3 3 1 2 1 2 3 2 1 1 2 3 2 2 3 1 2 
binNumber 10000
binClassNumber 1
binClass_widthVector 130
binClass_lengthVector 130
binClass_disponibility 1000
itemClass_weight 567 822 925 449 640 886 515 610 590 430 510 900 672 266 755 670 795 455 815 839 695 710 690 640 735 540 850 515 423 655 501 460 210 397 425 
