itemNumber 61
itemClassNumber 33
itemClass_widthVector 48 6 100 17 69 12 5 1 66 15 29 19 97 7 63 71 3 34 5 14 62 6 20 92 10 99 14 100 56 86 22 13 7
itemClass_lengthVector 48 85 14 85 20 72 48 97 36 53 80 77 7 57 37 14 76 54 91 87 28 7 71 7 77 4 44 2 40 14 93 99 76
itemClass_demand 1 2 1 1 1 1 3 3 2 1 3 1 1 2 2 1 3 1 2 1 3 3 1 1 2 3 2 3 2 1 1 3 3
binNumber 10000
binClassNumber 1
binClass_widthVector 100
binClass_lengthVector 100
binClass_disponibility 1000
itemClass_weight 5145 874 2924 3182 2862 1224 531 249 6601 1005 6228 3362 907 473 6137 1556 313 4123 581 1999 5004 2040 3143 795 1460 841 1107 280 5898 2096 4411 3456 1406